>AAGRGGATTT	1-AAGRGGATTT	9.226209	-36.289747	0	T:25.0(12.38%),B:33.3(1.39%),P:1e-15	Tpos:134.0,Tstd:69.5,Bpos:114.8,Bstd:80.0,StrandBias:0.8,Multiplicity:1.08
0.949	0.001	0.001	0.049
0.997	0.001	0.001	0.001
0.117	0.269	0.480	0.135
0.437	0.219	0.343	0.001
0.001	0.223	0.775	0.001
0.001	0.001	0.997	0.001
0.744	0.139	0.067	0.050
0.001	0.071	0.001	0.927
0.001	0.001	0.001	0.997
0.272	0.001	0.001	0.726
>TACCCACTAC	2-TACCCACTAC	10.745798	-33.261371	0	T:10.0(4.95%),B:2.9(0.12%),P:1e-14	Tpos:103.6,Tstd:47.5,Bpos:60.6,Bstd:38.3,StrandBias:-0.3,Multiplicity:1.10
0.110	0.001	0.001	0.888
0.997	0.001	0.001	0.001
0.001	0.997	0.001	0.001
0.001	0.997	0.001	0.001
0.001	0.888	0.001	0.110
0.997	0.001	0.001	0.001
0.001	0.997	0.001	0.001
0.001	0.110	0.001	0.888
0.667	0.111	0.111	0.111
0.111	0.777	0.001	0.111
>GTTCAATAGT	3-GTTCAATAGT	10.763550	-30.010686	0	T:11.0(5.45%),B:4.0(0.17%),P:1e-13	Tpos:145.6,Tstd:67.4,Bpos:85.6,Bstd:60.1,StrandBias:-1.6,Multiplicity:1.09
0.001	0.001	0.888	0.110
0.001	0.110	0.001	0.888
0.001	0.110	0.001	0.888
0.001	0.997	0.001	0.001
0.997	0.001	0.001	0.001
0.997	0.001	0.001	0.001
0.111	0.111	0.111	0.667
0.888	0.110	0.001	0.001
0.110	0.001	0.888	0.001
0.001	0.001	0.001	0.997
>AGGGTTTCAA	4-AGGGTTTCAA	10.660750	-26.475737	0	T:10.0(4.95%),B:4.1(0.17%),P:1e-11	Tpos:122.2,Tstd:60.6,Bpos:57.1,Bstd:34.0,StrandBias:-0.6,Multiplicity:1.00
0.899	0.001	0.099	0.001
0.099	0.001	0.899	0.001
0.001	0.001	0.899	0.099
0.100	0.100	0.799	0.001
0.001	0.001	0.001	0.997
0.001	0.001	0.001	0.997
0.001	0.001	0.099	0.899
0.226	0.772	0.001	0.001
0.925	0.001	0.001	0.073
0.997	0.001	0.001	0.001
>CTCTCGAACA	5-CTCTCGAACA	10.782669	-25.557378	0	T:9.0(4.46%),B:3.0(0.13%),P:1e-11	Tpos:118.8,Tstd:67.2,Bpos:125.7,Bstd:67.6,StrandBias:-1.0,Multiplicity:1.00
0.111	0.777	0.001	0.111
0.110	0.001	0.001	0.888
0.001	0.997	0.001	0.001
0.001	0.001	0.001	0.997
0.001	0.997	0.001	0.001
0.001	0.001	0.888	0.110
0.777	0.111	0.001	0.111
0.888	0.110	0.001	0.001
0.001	0.997	0.001	0.001
0.888	0.001	0.110	0.001
>TCCAATCGCT	6-TCCAATCGCT	10.666616	-24.317193	0	T:10.0(4.95%),B:5.3(0.22%),P:1e-10	Tpos:137.3,Tstd:73.3,Bpos:85.3,Bstd:67.7,StrandBias:0.0,Multiplicity:1.00
0.099	0.001	0.001	0.899
0.001	0.899	0.099	0.001
0.001	0.899	0.099	0.001
0.799	0.001	0.100	0.100
0.899	0.099	0.001	0.001
0.001	0.001	0.001	0.997
0.001	0.899	0.001	0.099
0.001	0.100	0.799	0.100
0.001	0.997	0.001	0.001
0.001	0.001	0.001	0.997
>CAAACCGCRA	7-CAAACCGCRA	9.025205	-23.658509	0	T:19.0(9.41%),B:32.1(1.34%),P:1e-10	Tpos:123.7,Tstd:70.6,Bpos:112.7,Bstd:62.3,StrandBias:-0.1,Multiplicity:1.11
0.001	0.997	0.001	0.001
0.797	0.201	0.001	0.001
0.794	0.001	0.203	0.002
0.839	0.158	0.001	0.002
0.001	0.840	0.158	0.001
0.158	0.840	0.001	0.001
0.001	0.312	0.686	0.001
0.001	0.686	0.312	0.001
0.528	0.001	0.470	0.001
0.997	0.001	0.001	0.001
>AAAGCCGCGA	8-AAAGCCGCGA	10.370491	-21.796948	0	T:13.0(6.44%),B:14.2(0.59%),P:1e-9	Tpos:93.2,Tstd:59.9,Bpos:152.2,Bstd:78.2,StrandBias:-1.2,Multiplicity:1.00
0.997	0.001	0.001	0.001
0.913	0.001	0.085	0.001
0.827	0.086	0.086	0.001
0.001	0.001	0.997	0.001
0.050	0.948	0.001	0.001
0.194	0.804	0.001	0.001
0.001	0.085	0.913	0.001
0.085	0.913	0.001	0.001
0.064	0.086	0.764	0.086
0.997	0.001	0.001	0.001
>GTGCTCTAAA	9-GTGCTCTAAA	8.743872	-21.737770	0	T:16.0(7.92%),B:24.5(1.02%),P:1e-9	Tpos:122.2,Tstd:48.2,Bpos:133.1,Bstd:68.9,StrandBias:-0.4,Multiplicity:1.00
0.001	0.105	0.809	0.085
0.008	0.001	0.080	0.911
0.001	0.165	0.833	0.001
0.001	0.918	0.001	0.080
0.081	0.324	0.001	0.594
0.001	0.509	0.242	0.248
0.160	0.001	0.001	0.838
0.748	0.163	0.008	0.081
0.910	0.001	0.001	0.088
0.594	0.001	0.080	0.325
>TCGCTGTGAG	10-TCGCTGTGAG	10.800422	-21.456083	0	T:11.0(5.45%),B:9.2(0.38%),P:1e-9	Tpos:152.7,Tstd:61.7,Bpos:112.5,Bstd:76.5,StrandBias:-0.8,Multiplicity:1.00
0.001	0.001	0.001	0.997
0.001	0.997	0.001	0.001
0.001	0.001	0.888	0.110
0.001	0.997	0.001	0.001
0.110	0.001	0.001	0.888
0.111	0.001	0.777	0.111
0.110	0.001	0.001	0.888
0.001	0.110	0.888	0.001
0.888	0.110	0.001	0.001
0.001	0.001	0.888	0.110
>ATACGRCCAA	11-ATACGRCCAA	10.795790	-21.222100	0	T:7.0(3.47%),B:3.0(0.12%),P:1e-9	Tpos:121.7,Tstd:54.0,Bpos:74.1,Bstd:49.4,StrandBias:1.3,Multiplicity:1.00
0.997	0.001	0.001	0.001
0.026	0.001	0.001	0.972
0.771	0.001	0.227	0.001
0.001	0.997	0.001	0.001
0.232	0.001	0.741	0.026
0.454	0.001	0.544	0.001
0.001	0.997	0.001	0.001
0.001	0.972	0.001	0.026
0.997	0.001	0.001	0.001
0.545	0.227	0.001	0.227
>ACGCAGAAAG	12-ACGCAGAAAG	10.589484	-21.098195	0	T:10.0(4.95%),B:7.0(0.29%),P:1e-9	Tpos:152.5,Tstd:73.2,Bpos:103.4,Bstd:77.7,StrandBias:0.6,Multiplicity:1.00
0.997	0.001	0.001	0.001
0.001	0.906	0.001	0.092
0.001	0.092	0.906	0.001
0.001	0.906	0.001	0.092
0.813	0.093	0.001	0.093
0.068	0.001	0.930	0.001
0.906	0.092	0.001	0.001
0.813	0.001	0.093	0.093
0.997	0.001	0.001	0.001
0.092	0.001	0.906	0.001
>GGGATGTGAT	13-GGGATGTGAT	10.383965	-19.337043	0	T:12.0(5.94%),B:14.4(0.60%),P:1e-8	Tpos:125.0,Tstd:51.2,Bpos:114.6,Bstd:57.3,StrandBias:-1.2,Multiplicity:1.08
0.092	0.001	0.906	0.001
0.093	0.001	0.837	0.069
0.093	0.093	0.813	0.001
0.906	0.092	0.001	0.001
0.001	0.001	0.001	0.997
0.092	0.001	0.906	0.001
0.001	0.001	0.001	0.997
0.001	0.001	0.906	0.092
0.906	0.001	0.092	0.001
0.001	0.092	0.001	0.906
>ACAAMGCGTG	14-ACAAMGCGTG	8.394759	-19.163272	0	T:21.0(10.40%),B:52.5(2.20%),P:1e-8	Tpos:134.6,Tstd:58.4,Bpos:132.6,Bstd:67.3,StrandBias:0.4,Multiplicity:1.00
0.997	0.001	0.001	0.001
0.001	0.776	0.074	0.149
0.924	0.001	0.074	0.001
0.924	0.074	0.001	0.001
0.539	0.459	0.001	0.001
0.224	0.001	0.701	0.074
0.001	0.924	0.074	0.001
0.074	0.149	0.776	0.001
0.074	0.001	0.074	0.851
0.001	0.001	0.997	0.001
>ATATCTTACA	15-ATATCTTACA	8.625263	-18.849819	0	T:19.0(9.41%),B:43.9(1.83%),P:1e-8	Tpos:130.1,Tstd:70.8,Bpos:124.4,Bstd:70.1,StrandBias:-1.3,Multiplicity:1.11
0.997	0.001	0.001	0.001
0.001	0.001	0.001	0.997
0.696	0.121	0.182	0.001
0.001	0.242	0.001	0.756
0.049	0.949	0.001	0.001
0.211	0.001	0.001	0.787
0.001	0.242	0.182	0.575
0.817	0.001	0.001	0.181
0.090	0.727	0.182	0.001
0.718	0.001	0.001	0.280
>TTAACCACTA	16-TTAACCACTA	9.602154	-18.594693	0	T:14.0(6.93%),B:22.6(0.94%),P:1e-8	Tpos:141.2,Tstd:48.0,Bpos:125.4,Bstd:69.5,StrandBias:0.6,Multiplicity:1.07
0.001	0.076	0.076	0.847
0.076	0.076	0.045	0.803
0.961	0.001	0.037	0.001
0.997	0.001	0.001	0.001
0.001	0.847	0.076	0.076
0.001	0.997	0.001	0.001
0.923	0.001	0.075	0.001
0.075	0.923	0.001	0.001
0.001	0.075	0.001	0.923
0.847	0.001	0.076	0.076
>CATTATCCAA	17-CATTATCCAA	12.092933	-17.465325	0	T:6.0(2.97%),B:2.8(0.12%),P:1e-7	Tpos:103.1,Tstd:50.5,Bpos:146.5,Bstd:57.3,StrandBias:0.4,Multiplicity:1.17
0.001	0.997	0.001	0.001
0.649	0.175	0.175	0.001
0.001	0.001	0.001	0.997
0.001	0.001	0.001	0.997
0.997	0.001	0.001	0.001
0.001	0.001	0.001	0.997
0.001	0.997	0.001	0.001
0.001	0.997	0.001	0.001
0.997	0.001	0.001	0.001
0.997	0.001	0.001	0.001
>GTGATATGTT	18-GTGATATGTT	10.719121	-17.264032	0	T:5.0(2.48%),B:0.7(0.03%),P:1e-7	Tpos:142.2,Tstd:56.8,Bpos:57.0,Bstd:0.0,StrandBias:-1.6,Multiplicity:2.00
0.001	0.001	0.997	0.001
0.001	0.001	0.001	0.997
0.001	0.001	0.997	0.001
0.997	0.001	0.001	0.001
0.001	0.130	0.001	0.868
0.997	0.001	0.001	0.001
0.001	0.416	0.001	0.582
0.001	0.001	0.997	0.001
0.001	0.001	0.416	0.582
0.001	0.001	0.001	0.997
>GTGGACTACA	19-GTGGACTACA	11.377079	-17.264032	0	T:5.0(2.48%),B:1.9(0.08%),P:1e-7	Tpos:160.0,Tstd:74.2,Bpos:128.5,Bstd:94.6,StrandBias:-0.6,Multiplicity:1.00
0.001	0.001	0.825	0.173
0.001	0.001	0.001	0.997
0.173	0.001	0.825	0.001
0.173	0.001	0.825	0.001
0.825	0.001	0.173	0.001
0.128	0.870	0.001	0.001
0.001	0.001	0.001	0.997
0.997	0.001	0.001	0.001
0.001	0.997	0.001	0.001
0.997	0.001	0.001	0.001
>TAATTTAGAT	20-TAATTTAGAT	8.470665	-15.350648	0	T:27.0(13.37%),B:103.1(4.31%),P:1e-6	Tpos:128.8,Tstd:75.7,Bpos:120.9,Bstd:82.4,StrandBias:-0.5,Multiplicity:1.11
0.001	0.088	0.001	0.910
0.829	0.019	0.019	0.133
0.723	0.002	0.094	0.181
0.103	0.002	0.001	0.894
0.001	0.001	0.001	0.997
0.149	0.124	0.055	0.672
0.723	0.216	0.001	0.060
0.222	0.120	0.657	0.001
0.813	0.001	0.057	0.129
0.002	0.002	0.207	0.789
>CCTCCCCCTG	21-CCTCCCCCTG	8.479008	-15.105873	0	T:15.0(7.43%),B:35.0(1.46%),P:1e-6	Tpos:122.5,Tstd:60.1,Bpos:119.3,Bstd:61.9,StrandBias:0.8,Multiplicity:1.20
0.156	0.687	0.001	0.156
0.001	0.843	0.001	0.155
0.001	0.345	0.001	0.653
0.001	0.809	0.001	0.189
0.156	0.783	0.026	0.035
0.156	0.522	0.001	0.321
0.001	0.843	0.155	0.001
0.157	0.841	0.001	0.001
0.001	0.001	0.001	0.997
0.001	0.053	0.945	0.001
>CTAGTGGGGT	22-CTAGTGGGGT	11.091263	-15.102571	0	T:6.0(2.97%),B:3.8(0.16%),P:1e-6	Tpos:141.1,Tstd:39.1,Bpos:87.2,Bstd:36.2,StrandBias:0.0,Multiplicity:1.33
0.001	0.856	0.001	0.142
0.001	0.001	0.001	0.997
0.997	0.001	0.001	0.001
0.001	0.142	0.856	0.001
0.001	0.143	0.143	0.713
0.001	0.001	0.997	0.001
0.001	0.001	0.856	0.142
0.001	0.001	0.997	0.001
0.001	0.142	0.856	0.001
0.001	0.001	0.001	0.997
>GTGAATGAAT	23-GTGAATGAAT	10.227054	-14.983883	0	T:12.0(5.94%),B:21.8(0.91%),P:1e-6	Tpos:82.7,Tstd:61.3,Bpos:115.6,Bstd:64.0,StrandBias:1.5,Multiplicity:1.17
0.061	0.001	0.855	0.083
0.082	0.001	0.001	0.916
0.083	0.001	0.867	0.049
0.814	0.102	0.001	0.083
0.997	0.001	0.001	0.001
0.001	0.001	0.082	0.916
0.041	0.083	0.875	0.001
0.916	0.001	0.001	0.082
0.997	0.001	0.001	0.001
0.001	0.082	0.001	0.916
>CCTAATTCAT	24-CCTAATTCAT	10.770556	-14.676091	0	T:10.0(4.95%),B:14.6(0.61%),P:1e-6	Tpos:121.2,Tstd:46.3,Bpos:125.9,Bstd:55.7,StrandBias:-2.3,Multiplicity:1.20
0.115	0.827	0.057	0.001
0.114	0.884	0.001	0.001
0.001	0.001	0.001	0.997
0.997	0.001	0.001	0.001
0.997	0.001	0.001	0.001
0.001	0.001	0.001	0.997
0.115	0.115	0.001	0.769
0.115	0.719	0.165	0.001
0.884	0.114	0.001	0.001
0.001	0.001	0.001	0.997
>ACTTATATCT	25-ACTTATATCT	10.464025	-14.058836	0	T:10.0(4.95%),B:15.8(0.66%),P:1e-6	Tpos:154.6,Tstd:54.1,Bpos:128.2,Bstd:83.7,StrandBias:-0.3,Multiplicity:1.10
0.863	0.001	0.001	0.135
0.001	0.918	0.001	0.080
0.135	0.001	0.001	0.863
0.135	0.001	0.001	0.863
0.997	0.001	0.001	0.001
0.001	0.001	0.001	0.997
0.997	0.001	0.001	0.001
0.001	0.001	0.001	0.997
0.135	0.863	0.001	0.001
0.101	0.001	0.136	0.762
