>AGACTAGTTC	1-AGACTAGTTC	11.442508	-27.450180	0	T:6.0(7.06%),B:2.0(0.07%),P:1e-11	Tpos:119.1,Tstd:51.9,Bpos:132.3,Bstd:28.8,StrandBias:-0.4,Multiplicity:1.17
0.997	0.001	0.001	0.001
0.001	0.001	0.997	0.001
0.838	0.160	0.001	0.001
0.001	0.838	0.001	0.160
0.001	0.161	0.161	0.677
0.997	0.001	0.001	0.001
0.001	0.001	0.997	0.001
0.001	0.001	0.001	0.997
0.001	0.001	0.001	0.997
0.001	0.997	0.001	0.001
>CTCGGCCTTC	2-CTCGGCCTTC	11.091263	-23.316727	0	T:6.0(7.06%),B:2.1(0.08%),P:1e-10	Tpos:171.6,Tstd:49.3,Bpos:147.8,Bstd:20.8,StrandBias:-0.4,Multiplicity:1.17
0.001	0.997	0.001	0.001
0.001	0.143	0.143	0.713
0.001	0.856	0.142	0.001
0.001	0.142	0.856	0.001
0.142	0.001	0.856	0.001
0.001	0.856	0.001	0.142
0.001	0.997	0.001	0.001
0.001	0.001	0.001	0.997
0.001	0.001	0.001	0.997
0.001	0.997	0.001	0.001
>ATTGTTTTGA	3-ATTGTTTTGA	9.973654	-20.081453	0	T:15.0(17.65%),B:64.1(2.41%),P:1e-8	Tpos:138.6,Tstd:69.8,Bpos:136.0,Bstd:74.1,StrandBias:1.1,Multiplicity:1.07
0.776	0.001	0.081	0.142
0.050	0.001	0.094	0.855
0.116	0.001	0.001	0.882
0.001	0.093	0.905	0.001
0.001	0.001	0.001	0.997
0.001	0.001	0.001	0.997
0.117	0.001	0.117	0.765
0.001	0.001	0.001	0.997
0.001	0.001	0.940	0.058
0.927	0.071	0.001	0.001
>GATTTACCGA	4-GATTTACCGA	10.567700	-18.926912	0	T:8.0(9.41%),B:12.6(0.47%),P:1e-8	Tpos:72.0,Tstd:62.2,Bpos:118.0,Bstd:82.5,StrandBias:0.0,Multiplicity:1.00
0.001	0.001	0.909	0.089
0.739	0.001	0.130	0.130
0.129	0.001	0.001	0.869
0.001	0.001	0.001	0.997
0.001	0.001	0.001	0.997
0.997	0.001	0.001	0.001
0.129	0.869	0.001	0.001
0.001	0.997	0.001	0.001
0.129	0.001	0.869	0.001
0.869	0.129	0.001	0.001
>CATAATCGTC	5-CATAATCGTC	11.121572	-17.895239	0	T:6.0(7.06%),B:5.1(0.19%),P:1e-7	Tpos:122.4,Tstd:73.1,Bpos:174.6,Bstd:52.7,StrandBias:-0.4,Multiplicity:1.17
0.001	0.997	0.001	0.001
0.997	0.001	0.001	0.001
0.001	0.001	0.142	0.856
0.856	0.001	0.001	0.142
0.856	0.142	0.001	0.001
0.001	0.001	0.001	0.997
0.001	0.997	0.001	0.001
0.142	0.001	0.856	0.001
0.001	0.142	0.001	0.856
0.142	0.856	0.001	0.001
>CTGTTTATCA	6-CTGTTTATCA	10.242121	-17.830867	0	T:10.0(11.76%),B:27.5(1.03%),P:1e-7	Tpos:137.7,Tstd:75.9,Bpos:119.9,Bstd:65.3,StrandBias:-0.3,Multiplicity:1.10
0.001	0.933	0.001	0.065
0.001	0.001	0.001	0.997
0.129	0.001	0.869	0.001
0.129	0.001	0.001	0.869
0.001	0.129	0.001	0.869
0.001	0.001	0.001	0.997
0.894	0.001	0.104	0.001
0.001	0.130	0.090	0.779
0.089	0.909	0.001	0.001
0.997	0.001	0.001	0.001
>ACCCTGTGCG	7-ACCCTGTGCG	11.390445	-17.050692	0	T:4.0(4.71%),B:1.4(0.05%),P:1e-7	Tpos:153.4,Tstd:76.1,Bpos:28.1,Bstd:7.6,StrandBias:-2.0,Multiplicity:1.25
0.997	0.001	0.001	0.001
0.001	0.997	0.001	0.001
0.001	0.823	0.001	0.175
0.175	0.823	0.001	0.001
0.175	0.001	0.001	0.823
0.001	0.001	0.997	0.001
0.001	0.120	0.001	0.878
0.001	0.001	0.997	0.001
0.175	0.823	0.001	0.001
0.001	0.001	0.997	0.001
>CAGGAGTCCC	8-CAGGAGTCCC	11.306326	-16.384672	0	T:7.0(8.24%),B:11.5(0.43%),P:1e-7	Tpos:124.7,Tstd:38.7,Bpos:93.2,Bstd:29.9,StrandBias:-1.0,Multiplicity:1.29
0.001	0.997	0.001	0.001
0.997	0.001	0.001	0.001
0.001	0.169	0.829	0.001
0.001	0.001	0.997	0.001
0.829	0.169	0.001	0.001
0.318	0.001	0.680	0.001
0.001	0.169	0.001	0.829
0.001	0.997	0.001	0.001
0.001	0.997	0.001	0.001
0.001	0.997	0.001	0.001
>YHTTGGCCAA	9-YHTTGGCCAA	8.402004	-15.069284	0	T:15.0(17.65%),B:94.8(3.56%),P:1e-6	Tpos:120.7,Tstd:62.1,Bpos:117.2,Bstd:78.6,StrandBias:0.3,Multiplicity:1.07
0.176	0.364	0.152	0.309
0.387	0.303	0.002	0.308
0.001	0.001	0.001	0.997
0.001	0.001	0.001	0.997
0.264	0.229	0.506	0.001
0.133	0.001	0.865	0.001
0.001	0.879	0.001	0.119
0.073	0.608	0.216	0.103
0.997	0.001	0.001	0.001
0.997	0.001	0.001	0.001
>TCGAGGATCC	10-TCGAGGATCC	11.490573	-10.126657	0	T:3.0(3.53%),B:2.5(0.09%),P:1e-4	Tpos:163.2,Tstd:48.0,Bpos:144.4,Bstd:69.6,StrandBias:0.6,Multiplicity:1.67
0.001	0.001	0.001	0.997
0.001	0.997	0.001	0.001
0.001	0.001	0.997	0.001
0.997	0.001	0.001	0.001
0.199	0.001	0.799	0.001
0.200	0.001	0.599	0.200
0.997	0.001	0.001	0.001
0.001	0.001	0.001	0.997
0.001	0.799	0.001	0.199
0.001	0.997	0.001	0.001
>TTATTGAYCAAT	1-TTATTGAYCAAT	13.177442	-27.450180	0	T:6.0(7.06%),B:1.5(0.06%),P:1e-11	Tpos:130.0,Tstd:24.5,Bpos:119.1,Bstd:23.4,StrandBias:1.0,Multiplicity:1.00
0.001	0.243	0.001	0.755
0.244	0.013	0.210	0.533
0.997	0.001	0.001	0.001
0.001	0.001	0.001	0.997
0.001	0.001	0.001	0.997
0.001	0.013	0.742	0.244
0.761	0.001	0.225	0.013
0.028	0.530	0.001	0.441
0.013	0.973	0.001	0.013
0.997	0.001	0.001	0.001
0.997	0.001	0.001	0.001
0.001	0.001	0.001	0.997
>AGAACTAGTCTT	2-AGAACTAGTCTT	12.146200	-27.450180	0	T:6.0(7.06%),B:2.0(0.07%),P:1e-11	Tpos:123.2,Tstd:54.7,Bpos:133.7,Bstd:2.3,StrandBias:1.0,Multiplicity:1.00
0.567	0.189	0.243	0.001
0.001	0.001	0.997	0.001
0.997	0.001	0.001	0.001
0.997	0.001	0.001	0.001
0.001	0.997	0.001	0.001
0.188	0.001	0.001	0.810
0.621	0.189	0.189	0.001
0.188	0.001	0.810	0.001
0.001	0.001	0.188	0.810
0.001	0.810	0.188	0.001
0.001	0.001	0.001	0.997
0.026	0.001	0.001	0.972
>ACAWSCWWTGTG	3-ACAWSCWWTGTG	10.722238	-23.316727	0	T:6.0(7.06%),B:2.7(0.10%),P:1e-10	Tpos:145.3,Tstd:52.2,Bpos:129.9,Bstd:37.3,StrandBias:0.4,Multiplicity:1.17
0.997	0.001	0.001	0.001
0.001	0.997	0.001	0.001
0.997	0.001	0.001	0.001
0.531	0.001	0.001	0.467
0.031	0.437	0.531	0.001
0.001	0.997	0.001	0.001
0.436	0.001	0.001	0.562
0.436	0.001	0.001	0.562
0.001	0.001	0.001	0.997
0.001	0.031	0.967	0.001
0.001	0.001	0.001	0.997
0.001	0.001	0.997	0.001
>TGTTTTACAGCG	4-TGTTTTACAGCG	10.600408	-22.153219	0	T:5.0(5.88%),B:0.6(0.02%),P:1e-9	Tpos:128.4,Tstd:73.0,Bpos:50.0,Bstd:0.0,StrandBias:-0.6,Multiplicity:1.00
0.223	0.001	0.001	0.775
0.001	0.001	0.997	0.001
0.001	0.001	0.001	0.997
0.001	0.001	0.001	0.997
0.001	0.001	0.001	0.997
0.149	0.001	0.074	0.776
0.997	0.001	0.001	0.001
0.001	0.997	0.001	0.001
0.924	0.074	0.001	0.001
0.001	0.001	0.997	0.001
0.001	0.997	0.001	0.001
0.001	0.001	0.997	0.001
>ATTTCAAAACAA	5-ATTTCAAAACAA	11.747704	-20.499520	0	T:7.0(8.24%),B:6.4(0.24%),P:1e-8	Tpos:112.1,Tstd:74.4,Bpos:118.0,Bstd:96.0,StrandBias:-0.4,Multiplicity:1.00
0.997	0.001	0.001	0.001
0.019	0.023	0.023	0.935
0.001	0.001	0.001	0.997
0.001	0.001	0.001	0.997
0.303	0.695	0.001	0.001
0.997	0.001	0.001	0.001
0.695	0.001	0.001	0.303
0.997	0.001	0.001	0.001
0.997	0.001	0.001	0.001
0.001	0.997	0.001	0.001
0.997	0.001	0.001	0.001
0.695	0.303	0.001	0.001
>MRCASSMKYCCC	6-MRCASSMKYCCC	9.296310	-19.159622	0	T:12.0(14.12%),B:39.7(1.49%),P:1e-8	Tpos:109.9,Tstd:38.2,Bpos:121.5,Bstd:50.7,StrandBias:-1.3,Multiplicity:1.17
0.436	0.562	0.001	0.001
0.562	0.001	0.436	0.001
0.001	0.997	0.001	0.001
0.997	0.001	0.001	0.001
0.001	0.491	0.507	0.001
0.001	0.436	0.562	0.001
0.492	0.504	0.001	0.003
0.055	0.012	0.437	0.496
0.001	0.436	0.001	0.562
0.001	0.997	0.001	0.001
0.001	0.889	0.055	0.055
0.001	0.997	0.001	0.001
>TGTGACGCCACA	7-TGTGACGCCACA	15.096400	-18.712512	0	T:5.0(5.88%),B:2.4(0.09%),P:1e-8	Tpos:105.9,Tstd:38.3,Bpos:162.4,Bstd:30.9,StrandBias:1.3,Multiplicity:1.00
0.001	0.001	0.001	0.997
0.001	0.001	0.997	0.001
0.001	0.001	0.001	0.997
0.001	0.001	0.997	0.001
0.997	0.001	0.001	0.001
0.001	0.997	0.001	0.001
0.332	0.001	0.666	0.001
0.001	0.666	0.001	0.332
0.001	0.997	0.001	0.001
0.997	0.001	0.001	0.001
0.001	0.997	0.001	0.001
0.997	0.001	0.001	0.001
>TCATCAACAACA	8-TCATCAACAACA	10.789915	-13.316857	0	T:6.0(7.06%),B:11.3(0.43%),P:1e-5	Tpos:129.6,Tstd:65.5,Bpos:121.2,Bstd:65.4,StrandBias:0.0,Multiplicity:1.33
0.120	0.120	0.001	0.759
0.120	0.750	0.001	0.129
0.997	0.001	0.001	0.001
0.008	0.120	0.001	0.871
0.129	0.750	0.001	0.120
0.878	0.001	0.001	0.120
0.878	0.001	0.001	0.120
0.120	0.759	0.001	0.120
0.878	0.120	0.001	0.001
0.638	0.241	0.120	0.001
0.001	0.878	0.001	0.120
0.997	0.001	0.001	0.001
>ATGCTCGAGAAT	9-ATGCTCGAGAAT	11.333416	-12.183038	0	T:3.0(3.53%),B:1.2(0.05%),P:1e-5	Tpos:155.6,Tstd:51.6,Bpos:191.3,Bstd:10.4,StrandBias:0.6,Multiplicity:1.67
0.997	0.001	0.001	0.001
0.241	0.001	0.006	0.752
0.001	0.051	0.947	0.001
0.001	0.997	0.001	0.001
0.001	0.001	0.001	0.997
0.001	0.707	0.001	0.291
0.006	0.001	0.992	0.001
0.992	0.001	0.006	0.001
0.233	0.052	0.714	0.001
0.466	0.001	0.300	0.233
0.992	0.001	0.001	0.006
0.001	0.001	0.233	0.765
>CMKYGSGRGCGC	10-CMKYGSGRGCGC	8.488163	-10.413563	0	T:5.0(5.88%),B:11.0(0.41%),P:1e-4	Tpos:164.1,Tstd:46.1,Bpos:143.3,Bstd:48.2,StrandBias:0.0,Multiplicity:2.00
0.001	0.997	0.001	0.001
0.437	0.439	0.001	0.123
0.001	0.001	0.474	0.524
0.001	0.477	0.001	0.521
0.001	0.001	0.997	0.001
0.001	0.521	0.477	0.001
0.001	0.001	0.997	0.001
0.442	0.041	0.516	0.001
0.001	0.001	0.997	0.001
0.001	0.961	0.037	0.001
0.001	0.001	0.997	0.001
0.037	0.961	0.001	0.001
>TGTCGG	1-TGTCGG	6.135131	-8.091787	0	T:24.0(28.24%),B:362.0(13.60%),P:1e-3	Tpos:130.3,Tstd:66.7,Bpos:129.6,Bstd:75.9,StrandBias:0.8,Multiplicity:1.12
0.001	0.001	0.001	0.997
0.001	0.001	0.997	0.001
0.001	0.144	0.001	0.854
0.110	0.888	0.001	0.001
0.001	0.097	0.901	0.001
0.001	0.001	0.832	0.166
>CACAGG	2-CACAGG	6.177716	-6.986635	0	T:29.0(34.12%),B:514.8(19.34%),P:1e-3	Tpos:109.5,Tstd:46.1,Bpos:125.1,Bstd:63.6,StrandBias:0.1,Multiplicity:1.38
0.100	0.700	0.100	0.100
0.700	0.100	0.100	0.100
0.100	0.700	0.100	0.100
0.700	0.100	0.100	0.100
0.100	0.100	0.700	0.100
0.100	0.100	0.700	0.100
>ATAATT	3-ATAATT	6.944262	-6.202291	0	T:48.0(56.47%),B:1076.3(40.43%),P:1e-2	Tpos:138.2,Tstd:74.0,Bpos:122.8,Bstd:76.5,StrandBias:0.5,Multiplicity:1.58
0.997	0.001	0.001	0.001
0.001	0.001	0.001	0.997
0.997	0.001	0.001	0.001
0.860	0.138	0.001	0.001
0.001	0.001	0.001	0.997
0.001	0.001	0.298	0.700
>GAGCGC	4-GAGCGC	6.177716	-5.585022	0	T:16.0(18.82%),B:241.5(9.07%),P:1e-2	Tpos:112.8,Tstd:58.8,Bpos:127.2,Bstd:65.4,StrandBias:0.2,Multiplicity:1.06
0.100	0.100	0.700	0.100
0.700	0.100	0.100	0.100
0.100	0.100	0.700	0.100
0.100	0.700	0.100	0.100
0.100	0.100	0.700	0.100
0.100	0.700	0.100	0.100
>AAACTA	5-AAACTA	7.832232	-4.524263	0	T:21.0(24.71%),B:393.0(14.76%),P:1e-1	Tpos:150.9,Tstd:71.6,Bpos:126.7,Bstd:82.9,StrandBias:0.8,Multiplicity:1.33
0.699	0.001	0.299	0.001
0.891	0.001	0.107	0.001
0.997	0.001	0.001	0.001
0.001	0.997	0.001	0.001
0.001	0.001	0.001	0.997
0.997	0.001	0.001	0.001
>CAGACTCC	1-CAGACTCC	6.767343	-15.675325	0	T:19.0(22.35%),B:147.7(5.55%),P:1e-6	Tpos:132.3,Tstd:66.3,Bpos:131.6,Bstd:70.5,StrandBias:-1.3,Multiplicity:1.11
0.049	0.858	0.092	0.001
0.758	0.092	0.058	0.092
0.001	0.001	0.929	0.069
0.916	0.040	0.043	0.001
0.057	0.941	0.001	0.001
0.058	0.119	0.001	0.822
0.079	0.885	0.001	0.035
0.040	0.924	0.035	0.001
>CCASAGGA	2-CCASAGGA	4.448564	-14.665747	0	T:57.0(67.06%),B:1065.3(40.01%),P:1e-6	Tpos:121.7,Tstd:67.6,Bpos:127.2,Bstd:73.4,StrandBias:-0.2,Multiplicity:1.35
0.172	0.826	0.001	0.001
0.001	0.896	0.102	0.001
0.631	0.051	0.317	0.001
0.145	0.371	0.483	0.001
0.997	0.001	0.001	0.001
0.001	0.243	0.510	0.246
0.001	0.001	0.997	0.001
0.883	0.001	0.001	0.115
>GTTTTAAA	3-GTTTTAAA	7.166700	-13.860663	0	T:30.0(35.29%),B:378.7(14.23%),P:1e-6	Tpos:129.1,Tstd:74.6,Bpos:128.1,Bstd:80.7,StrandBias:-0.1,Multiplicity:1.07
0.001	0.028	0.890	0.081
0.002	0.062	0.128	0.808
0.132	0.076	0.001	0.791
0.182	0.062	0.107	0.649
0.041	0.088	0.001	0.870
0.693	0.001	0.150	0.156
0.631	0.367	0.001	0.001
0.863	0.039	0.001	0.097
>ATGTACCC	4-ATGTACCC	9.838321	-11.528650	0	T:7.0(8.24%),B:23.4(0.88%),P:1e-5	Tpos:110.1,Tstd:71.4,Bpos:108.1,Bstd:63.5,StrandBias:0.4,Multiplicity:1.00
0.997	0.001	0.001	0.001
0.001	0.001	0.001	0.997
0.001	0.001	0.997	0.001
0.001	0.001	0.001	0.997
0.997	0.001	0.001	0.001
0.001	0.997	0.001	0.001
0.001	0.997	0.001	0.001
0.001	0.706	0.001	0.292
>ATTGGCCA	5-ATTGGCCA	6.893807	-9.091056	0	T:20.0(23.53%),B:253.1(9.51%),P:1e-3	Tpos:120.9,Tstd:44.3,Bpos:121.9,Bstd:68.4,StrandBias:-0.4,Multiplicity:1.15
0.718	0.159	0.055	0.068
0.038	0.001	0.040	0.921
0.001	0.001	0.001	0.997
0.001	0.034	0.964	0.001
0.154	0.001	0.800	0.045
0.030	0.820	0.001	0.149
0.001	0.956	0.042	0.001
0.915	0.051	0.001	0.033
