>TRGTGGGT	1-TRGTGGGT	6.972937	-34.437589	0	T:52.0(25.74%),B:176.8(7.39%),P:1e-14	Tpos:111.7,Tstd:58.2,Bpos:131.9,Bstd:79.1,StrandBias:0.1,Multiplicity:1.06
0.001	0.254	0.001	0.744
0.539	0.001	0.459	0.001
0.001	0.001	0.783	0.215
0.001	0.001	0.382	0.616
0.001	0.001	0.997	0.001
0.001	0.132	0.866	0.001
0.220	0.129	0.650	0.001
0.001	0.001	0.242	0.756
>TTGCGGYY	2-TTGCGGYY	6.412140	-27.128424	0	T:85.0(42.08%),B:485.9(20.31%),P:1e-11	Tpos:134.4,Tstd:63.0,Bpos:125.6,Bstd:66.9,StrandBias:0.3,Multiplicity:1.30
0.001	0.001	0.001	0.997
0.011	0.173	0.202	0.614
0.001	0.001	0.997	0.001
0.279	0.553	0.001	0.167
0.001	0.001	0.997	0.001
0.001	0.001	0.942	0.056
0.001	0.508	0.063	0.428
0.001	0.516	0.001	0.482
>RGCAAGTG	3-RGCAAGTG	6.839589	-23.035140	0	T:52.0(25.74%),B:237.9(9.94%),P:1e-10	Tpos:119.3,Tstd:65.3,Bpos:129.8,Bstd:60.2,StrandBias:0.3,Multiplicity:1.16
0.430	0.001	0.568	0.001
0.074	0.001	0.924	0.001
0.041	0.957	0.001	0.001
0.947	0.051	0.001	0.001
0.548	0.081	0.370	0.001
0.001	0.001	0.801	0.197
0.070	0.001	0.074	0.855
0.001	0.001	0.997	0.001
>ACTTAGCG	4-ACTTAGCG	7.670291	-18.972663	0	T:31.0(15.35%),B:111.6(4.66%),P:1e-8	Tpos:114.2,Tstd:52.1,Bpos:116.7,Bstd:80.7,StrandBias:0.0,Multiplicity:1.07
0.997	0.001	0.001	0.001
0.364	0.634	0.001	0.001
0.001	0.001	0.001	0.997
0.096	0.001	0.001	0.902
0.842	0.156	0.001	0.001
0.001	0.001	0.997	0.001
0.001	0.646	0.156	0.197
0.001	0.001	0.997	0.001
>GCTCAACA	5-GCTCAACA	7.334910	-17.849806	0	T:30.0(14.85%),B:110.5(4.62%),P:1e-7	Tpos:113.4,Tstd:61.8,Bpos:136.1,Bstd:75.0,StrandBias:-0.5,Multiplicity:1.13
0.001	0.001	0.965	0.033
0.001	0.902	0.001	0.096
0.188	0.029	0.001	0.782
0.001	0.997	0.001	0.001
0.952	0.025	0.022	0.001
0.809	0.052	0.023	0.116
0.042	0.822	0.077	0.059
0.847	0.001	0.151	0.001
>ACTTAGAT	6-ACTTAGAT	7.955239	-15.469378	0	T:24.0(11.88%),B:83.1(3.47%),P:1e-6	Tpos:144.4,Tstd:64.6,Bpos:111.7,Bstd:87.0,StrandBias:-0.2,Multiplicity:1.17
0.997	0.001	0.001	0.001
0.001	0.875	0.001	0.123
0.080	0.001	0.001	0.918
0.001	0.001	0.001	0.997
0.882	0.001	0.116	0.001
0.001	0.001	0.713	0.285
0.997	0.001	0.001	0.001
0.001	0.001	0.001	0.997
>ATWCCGAG	7-ATWCCGAG	8.398008	-15.454291	0	T:8.0(3.96%),B:7.4(0.31%),P:1e-6	Tpos:108.4,Tstd:46.2,Bpos:99.8,Bstd:64.6,StrandBias:0.7,Multiplicity:1.00
0.812	0.001	0.186	0.001
0.001	0.313	0.001	0.685
0.388	0.187	0.001	0.424
0.001	0.997	0.001	0.001
0.001	0.575	0.423	0.001
0.001	0.001	0.997	0.001
0.685	0.001	0.313	0.001
0.001	0.001	0.997	0.001
>CGGCATAT	8-CGGCATAT	10.002209	-15.344472	0	T:10.0(4.95%),B:13.9(0.58%),P:1e-6	Tpos:126.4,Tstd:77.2,Bpos:94.0,Bstd:63.7,StrandBias:-0.3,Multiplicity:1.00
0.001	0.997	0.001	0.001
0.001	0.001	0.997	0.001
0.001	0.001	0.997	0.001
0.001	0.997	0.001	0.001
0.654	0.001	0.001	0.344
0.001	0.001	0.001	0.997
0.997	0.001	0.001	0.001
0.001	0.001	0.001	0.997
>GCGGTGGA	9-GCGGTGGA	9.005288	-14.983883	0	T:12.0(5.94%),B:21.6(0.90%),P:1e-6	Tpos:136.7,Tstd:56.8,Bpos:136.1,Bstd:69.5,StrandBias:1.2,Multiplicity:1.08
0.001	0.001	0.997	0.001
0.207	0.791	0.001	0.001
0.001	0.001	0.997	0.001
0.001	0.001	0.997	0.001
0.001	0.001	0.001	0.997
0.001	0.001	0.997	0.001
0.001	0.160	0.838	0.001
0.997	0.001	0.001	0.001
>GCTGCCTG	10-GCTGCCTG	8.236954	-12.177444	0	T:6.0(2.97%),B:5.6(0.24%),P:1e-5	Tpos:155.8,Tstd:52.2,Bpos:167.4,Bstd:29.6,StrandBias:0.0,Multiplicity:1.00
0.100	0.100	0.700	0.100
0.100	0.700	0.100	0.100
0.100	0.100	0.100	0.700
0.100	0.100	0.700	0.100
0.100	0.700	0.100	0.100
0.100	0.700	0.100	0.100
0.100	0.100	0.100	0.700
0.100	0.100	0.700	0.100
>GTATGCAC	11-GTATGCAC	9.573213	-12.125268	0	T:8.0(3.96%),B:11.3(0.47%),P:1e-5	Tpos:109.2,Tstd:89.6,Bpos:123.4,Bstd:56.4,StrandBias:-0.7,Multiplicity:1.00
0.001	0.001	0.997	0.001
0.001	0.001	0.001	0.997
0.997	0.001	0.001	0.001
0.001	0.001	0.001	0.997
0.001	0.001	0.997	0.001
0.001	0.774	0.224	0.001
0.997	0.001	0.001	0.001
0.001	0.997	0.001	0.001
>GTWGACCG	12-GTWGACCG	7.415685	-11.436397	0	T:21.0(10.40%),B:84.1(3.51%),P:1e-4	Tpos:153.1,Tstd:62.7,Bpos:133.9,Bstd:71.8,StrandBias:0.8,Multiplicity:1.05
0.001	0.001	0.997	0.001
0.001	0.095	0.001	0.903
0.468	0.001	0.001	0.530
0.063	0.001	0.861	0.075
0.715	0.095	0.001	0.189
0.001	0.997	0.001	0.001
0.001	0.997	0.001	0.001
0.001	0.001	0.997	0.001
>CGGAGCGC	13-CGGAGCGC	9.518153	-9.490005	0	T:5.0(2.48%),B:5.6(0.23%),P:1e-4	Tpos:117.5,Tstd:49.3,Bpos:163.1,Bstd:71.9,StrandBias:1.0,Multiplicity:1.20
0.001	0.997	0.001	0.001
0.001	0.001	0.997	0.001
0.001	0.001	0.786	0.212
0.997	0.001	0.001	0.001
0.001	0.001	0.997	0.001
0.001	0.997	0.001	0.001
0.001	0.001	0.997	0.001
0.001	0.997	0.001	0.001
