>AAGRGGATTT	1-AAGRGGATTT	9.226209	-36.289747	0	T:25.0(12.38%),B:33.3(1.39%),P:1e-15	Tpos:134.0,Tstd:69.5,Bpos:114.8,Bstd:80.0,StrandBias:0.8,Multiplicity:1.08
0.949	0.001	0.001	0.049
0.997	0.001	0.001	0.001
0.117	0.269	0.480	0.135
0.437	0.219	0.343	0.001
0.001	0.223	0.775	0.001
0.001	0.001	0.997	0.001
0.744	0.139	0.067	0.050
0.001	0.071	0.001	0.927
0.001	0.001	0.001	0.997
0.272	0.001	0.001	0.726
>TACCCACTAC	2-TACCCACTAC	10.745798	-33.261371	0	T:10.0(4.95%),B:2.9(0.12%),P:1e-14	Tpos:103.6,Tstd:47.5,Bpos:60.6,Bstd:38.3,StrandBias:-0.3,Multiplicity:1.10
0.110	0.001	0.001	0.888
0.997	0.001	0.001	0.001
0.001	0.997	0.001	0.001
0.001	0.997	0.001	0.001
0.001	0.888	0.001	0.110
0.997	0.001	0.001	0.001
0.001	0.997	0.001	0.001
0.001	0.110	0.001	0.888
0.667	0.111	0.111	0.111
0.111	0.777	0.001	0.111
>GTTCAATAGT	3-GTTCAATAGT	10.763550	-30.010686	0	T:11.0(5.45%),B:4.0(0.17%),P:1e-13	Tpos:145.6,Tstd:67.4,Bpos:85.6,Bstd:60.1,StrandBias:-1.6,Multiplicity:1.09
0.001	0.001	0.888	0.110
0.001	0.110	0.001	0.888
0.001	0.110	0.001	0.888
0.001	0.997	0.001	0.001
0.997	0.001	0.001	0.001
0.997	0.001	0.001	0.001
0.111	0.111	0.111	0.667
0.888	0.110	0.001	0.001
0.110	0.001	0.888	0.001
0.001	0.001	0.001	0.997
>AGGGTTTCAA	4-AGGGTTTCAA	10.660750	-26.475737	0	T:10.0(4.95%),B:4.1(0.17%),P:1e-11	Tpos:122.2,Tstd:60.6,Bpos:57.1,Bstd:34.0,StrandBias:-0.6,Multiplicity:1.00
0.899	0.001	0.099	0.001
0.099	0.001	0.899	0.001
0.001	0.001	0.899	0.099
0.100	0.100	0.799	0.001
0.001	0.001	0.001	0.997
0.001	0.001	0.001	0.997
0.001	0.001	0.099	0.899
0.226	0.772	0.001	0.001
0.925	0.001	0.001	0.073
0.997	0.001	0.001	0.001
>CTCTCGAACA	5-CTCTCGAACA	10.782669	-25.557378	0	T:9.0(4.46%),B:3.0(0.13%),P:1e-11	Tpos:118.8,Tstd:67.2,Bpos:125.7,Bstd:67.6,StrandBias:-1.0,Multiplicity:1.00
0.111	0.777	0.001	0.111
0.110	0.001	0.001	0.888
0.001	0.997	0.001	0.001
0.001	0.001	0.001	0.997
0.001	0.997	0.001	0.001
0.001	0.001	0.888	0.110
0.777	0.111	0.001	0.111
0.888	0.110	0.001	0.001
0.001	0.997	0.001	0.001
0.888	0.001	0.110	0.001
>TCCAATCGCT	6-TCCAATCGCT	10.666616	-24.317193	0	T:10.0(4.95%),B:5.3(0.22%),P:1e-10	Tpos:137.3,Tstd:73.3,Bpos:85.3,Bstd:67.7,StrandBias:0.0,Multiplicity:1.00
0.099	0.001	0.001	0.899
0.001	0.899	0.099	0.001
0.001	0.899	0.099	0.001
0.799	0.001	0.100	0.100
0.899	0.099	0.001	0.001
0.001	0.001	0.001	0.997
0.001	0.899	0.001	0.099
0.001	0.100	0.799	0.100
0.001	0.997	0.001	0.001
0.001	0.001	0.001	0.997
>CAAACCGCRA	7-CAAACCGCRA	9.025205	-23.658509	0	T:19.0(9.41%),B:32.1(1.34%),P:1e-10	Tpos:123.7,Tstd:70.6,Bpos:112.7,Bstd:62.3,StrandBias:-0.1,Multiplicity:1.11
0.001	0.997	0.001	0.001
0.797	0.201	0.001	0.001
0.794	0.001	0.203	0.002
0.839	0.158	0.001	0.002
0.001	0.840	0.158	0.001
0.158	0.840	0.001	0.001
0.001	0.312	0.686	0.001
0.001	0.686	0.312	0.001
0.528	0.001	0.470	0.001
0.997	0.001	0.001	0.001
>AAAGCCGCGA	8-AAAGCCGCGA	10.370491	-21.796948	0	T:13.0(6.44%),B:14.2(0.59%),P:1e-9	Tpos:93.2,Tstd:59.9,Bpos:152.2,Bstd:78.2,StrandBias:-1.2,Multiplicity:1.00
0.997	0.001	0.001	0.001
0.913	0.001	0.085	0.001
0.827	0.086	0.086	0.001
0.001	0.001	0.997	0.001
0.050	0.948	0.001	0.001
0.194	0.804	0.001	0.001
0.001	0.085	0.913	0.001
0.085	0.913	0.001	0.001
0.064	0.086	0.764	0.086
0.997	0.001	0.001	0.001
>GTGCTCTAAA	9-GTGCTCTAAA	8.743872	-21.737770	0	T:16.0(7.92%),B:24.5(1.02%),P:1e-9	Tpos:122.2,Tstd:48.2,Bpos:133.1,Bstd:68.9,StrandBias:-0.4,Multiplicity:1.00
0.001	0.105	0.809	0.085
0.008	0.001	0.080	0.911
0.001	0.165	0.833	0.001
0.001	0.918	0.001	0.080
0.081	0.324	0.001	0.594
0.001	0.509	0.242	0.248
0.160	0.001	0.001	0.838
0.748	0.163	0.008	0.081
0.910	0.001	0.001	0.088
0.594	0.001	0.080	0.325
>TCGCTGTGAG	10-TCGCTGTGAG	10.800422	-21.456083	0	T:11.0(5.45%),B:9.2(0.38%),P:1e-9	Tpos:152.7,Tstd:61.7,Bpos:112.5,Bstd:76.5,StrandBias:-0.8,Multiplicity:1.00
0.001	0.001	0.001	0.997
0.001	0.997	0.001	0.001
0.001	0.001	0.888	0.110
0.001	0.997	0.001	0.001
0.110	0.001	0.001	0.888
0.111	0.001	0.777	0.111
0.110	0.001	0.001	0.888
0.001	0.110	0.888	0.001
0.888	0.110	0.001	0.001
0.001	0.001	0.888	0.110
>ATACGRCCAA	11-ATACGRCCAA	10.795790	-21.222100	0	T:7.0(3.47%),B:3.0(0.12%),P:1e-9	Tpos:121.7,Tstd:54.0,Bpos:74.1,Bstd:49.4,StrandBias:1.3,Multiplicity:1.00
0.997	0.001	0.001	0.001
0.026	0.001	0.001	0.972
0.771	0.001	0.227	0.001
0.001	0.997	0.001	0.001
0.232	0.001	0.741	0.026
0.454	0.001	0.544	0.001
0.001	0.997	0.001	0.001
0.001	0.972	0.001	0.026
0.997	0.001	0.001	0.001
0.545	0.227	0.001	0.227
>ACGCAGAAAG	12-ACGCAGAAAG	10.589484	-21.098195	0	T:10.0(4.95%),B:7.0(0.29%),P:1e-9	Tpos:152.5,Tstd:73.2,Bpos:103.4,Bstd:77.7,StrandBias:0.6,Multiplicity:1.00
0.997	0.001	0.001	0.001
0.001	0.906	0.001	0.092
0.001	0.092	0.906	0.001
0.001	0.906	0.001	0.092
0.813	0.093	0.001	0.093
0.068	0.001	0.930	0.001
0.906	0.092	0.001	0.001
0.813	0.001	0.093	0.093
0.997	0.001	0.001	0.001
0.092	0.001	0.906	0.001
>GGGATGTGAT	13-GGGATGTGAT	10.383965	-19.337043	0	T:12.0(5.94%),B:14.4(0.60%),P:1e-8	Tpos:125.0,Tstd:51.2,Bpos:114.6,Bstd:57.3,StrandBias:-1.2,Multiplicity:1.08
0.092	0.001	0.906	0.001
0.093	0.001	0.837	0.069
0.093	0.093	0.813	0.001
0.906	0.092	0.001	0.001
0.001	0.001	0.001	0.997
0.092	0.001	0.906	0.001
0.001	0.001	0.001	0.997
0.001	0.001	0.906	0.092
0.906	0.001	0.092	0.001
0.001	0.092	0.001	0.906
>ACAAMGCGTG	14-ACAAMGCGTG	8.394759	-19.163272	0	T:21.0(10.40%),B:52.5(2.20%),P:1e-8	Tpos:134.6,Tstd:58.4,Bpos:132.6,Bstd:67.3,StrandBias:0.4,Multiplicity:1.00
0.997	0.001	0.001	0.001
0.001	0.776	0.074	0.149
0.924	0.001	0.074	0.001
0.924	0.074	0.001	0.001
0.539	0.459	0.001	0.001
0.224	0.001	0.701	0.074
0.001	0.924	0.074	0.001
0.074	0.149	0.776	0.001
0.074	0.001	0.074	0.851
0.001	0.001	0.997	0.001
>ATATCTTACA	15-ATATCTTACA	8.625263	-18.849819	0	T:19.0(9.41%),B:43.9(1.83%),P:1e-8	Tpos:130.1,Tstd:70.8,Bpos:124.4,Bstd:70.1,StrandBias:-1.3,Multiplicity:1.11
0.997	0.001	0.001	0.001
0.001	0.001	0.001	0.997
0.696	0.121	0.182	0.001
0.001	0.242	0.001	0.756
0.049	0.949	0.001	0.001
0.211	0.001	0.001	0.787
0.001	0.242	0.182	0.575
0.817	0.001	0.001	0.181
0.090	0.727	0.182	0.001
0.718	0.001	0.001	0.280
>TTAACCACTA	16-TTAACCACTA	9.602154	-18.594693	0	T:14.0(6.93%),B:22.6(0.94%),P:1e-8	Tpos:141.2,Tstd:48.0,Bpos:125.4,Bstd:69.5,StrandBias:0.6,Multiplicity:1.07
0.001	0.076	0.076	0.847
0.076	0.076	0.045	0.803
0.961	0.001	0.037	0.001
0.997	0.001	0.001	0.001
0.001	0.847	0.076	0.076
0.001	0.997	0.001	0.001
0.923	0.001	0.075	0.001
0.075	0.923	0.001	0.001
0.001	0.075	0.001	0.923
0.847	0.001	0.076	0.076
>CATTATCCAA	17-CATTATCCAA	12.092933	-17.465325	0	T:6.0(2.97%),B:2.8(0.12%),P:1e-7	Tpos:103.1,Tstd:50.5,Bpos:146.5,Bstd:57.3,StrandBias:0.4,Multiplicity:1.17
0.001	0.997	0.001	0.001
0.649	0.175	0.175	0.001
0.001	0.001	0.001	0.997
0.001	0.001	0.001	0.997
0.997	0.001	0.001	0.001
0.001	0.001	0.001	0.997
0.001	0.997	0.001	0.001
0.001	0.997	0.001	0.001
0.997	0.001	0.001	0.001
0.997	0.001	0.001	0.001
>GTGATATGTT	18-GTGATATGTT	10.719121	-17.264032	0	T:5.0(2.48%),B:0.7(0.03%),P:1e-7	Tpos:142.2,Tstd:56.8,Bpos:57.0,Bstd:0.0,StrandBias:-1.6,Multiplicity:2.00
0.001	0.001	0.997	0.001
0.001	0.001	0.001	0.997
0.001	0.001	0.997	0.001
0.997	0.001	0.001	0.001
0.001	0.130	0.001	0.868
0.997	0.001	0.001	0.001
0.001	0.416	0.001	0.582
0.001	0.001	0.997	0.001
0.001	0.001	0.416	0.582
0.001	0.001	0.001	0.997
>GTGGACTACA	19-GTGGACTACA	11.377079	-17.264032	0	T:5.0(2.48%),B:1.9(0.08%),P:1e-7	Tpos:160.0,Tstd:74.2,Bpos:128.5,Bstd:94.6,StrandBias:-0.6,Multiplicity:1.00
0.001	0.001	0.825	0.173
0.001	0.001	0.001	0.997
0.173	0.001	0.825	0.001
0.173	0.001	0.825	0.001
0.825	0.001	0.173	0.001
0.128	0.870	0.001	0.001
0.001	0.001	0.001	0.997
0.997	0.001	0.001	0.001
0.001	0.997	0.001	0.001
0.997	0.001	0.001	0.001
>TAATTTAGAT	20-TAATTTAGAT	8.470665	-15.350648	0	T:27.0(13.37%),B:103.1(4.31%),P:1e-6	Tpos:128.8,Tstd:75.7,Bpos:120.9,Bstd:82.4,StrandBias:-0.5,Multiplicity:1.11
0.001	0.088	0.001	0.910
0.829	0.019	0.019	0.133
0.723	0.002	0.094	0.181
0.103	0.002	0.001	0.894
0.001	0.001	0.001	0.997
0.149	0.124	0.055	0.672
0.723	0.216	0.001	0.060
0.222	0.120	0.657	0.001
0.813	0.001	0.057	0.129
0.002	0.002	0.207	0.789
>CCTCCCCCTG	21-CCTCCCCCTG	8.479008	-15.105873	0	T:15.0(7.43%),B:35.0(1.46%),P:1e-6	Tpos:122.5,Tstd:60.1,Bpos:119.3,Bstd:61.9,StrandBias:0.8,Multiplicity:1.20
0.156	0.687	0.001	0.156
0.001	0.843	0.001	0.155
0.001	0.345	0.001	0.653
0.001	0.809	0.001	0.189
0.156	0.783	0.026	0.035
0.156	0.522	0.001	0.321
0.001	0.843	0.155	0.001
0.157	0.841	0.001	0.001
0.001	0.001	0.001	0.997
0.001	0.053	0.945	0.001
>CTAGTGGGGT	22-CTAGTGGGGT	11.091263	-15.102571	0	T:6.0(2.97%),B:3.8(0.16%),P:1e-6	Tpos:141.1,Tstd:39.1,Bpos:87.2,Bstd:36.2,StrandBias:0.0,Multiplicity:1.33
0.001	0.856	0.001	0.142
0.001	0.001	0.001	0.997
0.997	0.001	0.001	0.001
0.001	0.142	0.856	0.001
0.001	0.143	0.143	0.713
0.001	0.001	0.997	0.001
0.001	0.001	0.856	0.142
0.001	0.001	0.997	0.001
0.001	0.142	0.856	0.001
0.001	0.001	0.001	0.997
>GTGAATGAAT	23-GTGAATGAAT	10.227054	-14.983883	0	T:12.0(5.94%),B:21.8(0.91%),P:1e-6	Tpos:82.7,Tstd:61.3,Bpos:115.6,Bstd:64.0,StrandBias:1.5,Multiplicity:1.17
0.061	0.001	0.855	0.083
0.082	0.001	0.001	0.916
0.083	0.001	0.867	0.049
0.814	0.102	0.001	0.083
0.997	0.001	0.001	0.001
0.001	0.001	0.082	0.916
0.041	0.083	0.875	0.001
0.916	0.001	0.001	0.082
0.997	0.001	0.001	0.001
0.001	0.082	0.001	0.916
>CCTAATTCAT	24-CCTAATTCAT	10.770556	-14.676091	0	T:10.0(4.95%),B:14.6(0.61%),P:1e-6	Tpos:121.2,Tstd:46.3,Bpos:125.9,Bstd:55.7,StrandBias:-2.3,Multiplicity:1.20
0.115	0.827	0.057	0.001
0.114	0.884	0.001	0.001
0.001	0.001	0.001	0.997
0.997	0.001	0.001	0.001
0.997	0.001	0.001	0.001
0.001	0.001	0.001	0.997
0.115	0.115	0.001	0.769
0.115	0.719	0.165	0.001
0.884	0.114	0.001	0.001
0.001	0.001	0.001	0.997
>ACTTATATCT	25-ACTTATATCT	10.464025	-14.058836	0	T:10.0(4.95%),B:15.8(0.66%),P:1e-6	Tpos:154.6,Tstd:54.1,Bpos:128.2,Bstd:83.7,StrandBias:-0.3,Multiplicity:1.10
0.863	0.001	0.001	0.135
0.001	0.918	0.001	0.080
0.135	0.001	0.001	0.863
0.135	0.001	0.001	0.863
0.997	0.001	0.001	0.001
0.001	0.001	0.001	0.997
0.997	0.001	0.001	0.001
0.001	0.001	0.001	0.997
0.135	0.863	0.001	0.001
0.101	0.001	0.136	0.762
>GTCATTGGTCAC	1-GTCATTGGTCAC	10.892346	-40.119898	0	T:10.0(4.95%),B:1.8(0.07%),P:1e-17	Tpos:118.1,Tstd:61.9,Bpos:160.7,Bstd:15.8,StrandBias:-0.6,Multiplicity:1.00
0.001	0.124	0.769	0.106
0.001	0.003	0.106	0.890
0.106	0.557	0.124	0.213
0.786	0.001	0.001	0.212
0.001	0.123	0.001	0.875
0.001	0.001	0.212	0.786
0.001	0.105	0.893	0.001
0.001	0.001	0.786	0.212
0.106	0.001	0.106	0.787
0.001	0.997	0.001	0.001
0.893	0.105	0.001	0.001
0.001	0.997	0.001	0.001
>CGKAAACCSCGA	2-CGKAAACCSCGA	10.932866	-35.299760	0	T:9.0(4.46%),B:0.0(0.00%),P:1e-15	Tpos:149.1,Tstd:60.9,Bpos:0.0,Bstd:0.0,StrandBias:1.0,Multiplicity:1.00
0.201	0.797	0.001	0.001
0.001	0.202	0.595	0.202
0.187	0.204	0.237	0.372
0.997	0.001	0.001	0.001
0.628	0.001	0.370	0.001
0.997	0.001	0.001	0.001
0.016	0.982	0.001	0.001
0.001	0.997	0.001	0.001
0.017	0.371	0.410	0.202
0.001	0.997	0.001	0.001
0.033	0.001	0.965	0.001
0.627	0.001	0.371	0.001
>GAGTACCCACTA	3-GAGTACCCACTA	10.518935	-35.299760	0	T:9.0(4.46%),B:1.2(0.05%),P:1e-15	Tpos:135.1,Tstd:53.7,Bpos:131.0,Bstd:0.0,StrandBias:-0.3,Multiplicity:1.00
0.001	0.111	0.777	0.111
0.777	0.001	0.001	0.221
0.001	0.001	0.888	0.110
0.111	0.111	0.001	0.777
0.997	0.001	0.001	0.001
0.222	0.555	0.222	0.001
0.001	0.997	0.001	0.001
0.001	0.888	0.001	0.110
0.997	0.001	0.001	0.001
0.110	0.888	0.001	0.001
0.221	0.001	0.001	0.777
0.888	0.110	0.001	0.001
>TCCACCGCDGAC	4-TCCACCGCDGAC	9.999743	-30.589977	0	T:8.0(3.96%),B:0.6(0.03%),P:1e-13	Tpos:96.9,Tstd:58.6,Bpos:72.0,Bstd:0.0,StrandBias:-0.3,Multiplicity:1.12
0.001	0.328	0.001	0.670
0.037	0.961	0.001	0.001
0.001	0.997	0.001	0.001
0.964	0.034	0.001	0.001
0.001	0.704	0.294	0.001
0.001	0.997	0.001	0.001
0.034	0.001	0.964	0.001
0.001	0.997	0.001	0.001
0.404	0.001	0.294	0.301
0.331	0.001	0.667	0.001
0.701	0.001	0.297	0.001
0.034	0.964	0.001	0.001
>ATTAAKTYTGTA	5-ATTAAKTYTGTA	9.675096	-29.134013	0	T:9.0(4.46%),B:2.5(0.10%),P:1e-12	Tpos:108.5,Tstd:67.4,Bpos:28.2,Bstd:21.2,StrandBias:1.2,Multiplicity:1.00
0.997	0.001	0.001	0.001
0.001	0.001	0.001	0.997
0.001	0.001	0.001	0.997
0.997	0.001	0.001	0.001
0.896	0.102	0.001	0.001
0.157	0.001	0.417	0.426
0.001	0.001	0.001	0.997
0.157	0.417	0.001	0.426
0.001	0.001	0.001	0.997
0.001	0.001	0.997	0.001
0.001	0.001	0.044	0.954
0.997	0.001	0.001	0.001
>AACGWAATTAGT	6-AACGWAATTAGT	10.708146	-25.116834	0	T:8.0(3.96%),B:2.3(0.10%),P:1e-10	Tpos:120.1,Tstd:92.9,Bpos:161.8,Bstd:11.7,StrandBias:0.7,Multiplicity:1.00
0.971	0.027	0.001	0.001
0.997	0.001	0.001	0.001
0.416	0.582	0.001	0.001
0.001	0.001	0.997	0.001
0.554	0.001	0.001	0.444
0.997	0.001	0.001	0.001
0.971	0.001	0.027	0.001
0.001	0.001	0.416	0.582
0.001	0.001	0.001	0.997
0.582	0.001	0.001	0.416
0.001	0.027	0.945	0.027
0.001	0.001	0.001	0.997
>TTCAATAAAGCA	7-TTCAATAAAGCA	11.241283	-23.040762	0	T:9.0(4.46%),B:4.7(0.20%),P:1e-10	Tpos:97.0,Tstd:66.2,Bpos:158.1,Bstd:35.3,StrandBias:-0.3,Multiplicity:1.00
0.001	0.001	0.105	0.893
0.001	0.106	0.213	0.680
0.001	0.778	0.106	0.115
0.991	0.001	0.007	0.001
0.787	0.106	0.106	0.001
0.220	0.001	0.001	0.778
0.893	0.001	0.001	0.105
0.893	0.001	0.105	0.001
0.680	0.106	0.001	0.213
0.115	0.001	0.778	0.106
0.001	0.893	0.001	0.105
0.997	0.001	0.001	0.001
>WAATCGRCTTAT	8-WAATCGRCTTAT	9.709120	-22.686994	0	T:13.0(6.44%),B:13.7(0.57%),P:1e-9	Tpos:132.1,Tstd:74.9,Bpos:129.6,Bstd:79.4,StrandBias:0.0,Multiplicity:1.08
0.529	0.001	0.087	0.383
0.799	0.001	0.001	0.199
0.558	0.001	0.177	0.264
0.001	0.001	0.288	0.710
0.001	0.997	0.001	0.001
0.001	0.001	0.911	0.087
0.473	0.001	0.351	0.175
0.271	0.553	0.088	0.088
0.001	0.001	0.001	0.997
0.088	0.088	0.176	0.648
0.911	0.001	0.001	0.087
0.175	0.001	0.112	0.712
>CTGTGGTCGCGA	9-CTGTGGTCGCGA	9.774360	-21.554092	0	T:6.0(2.97%),B:1.3(0.05%),P:1e-9	Tpos:140.3,Tstd:54.3,Bpos:163.1,Bstd:25.8,StrandBias:1.0,Multiplicity:1.00
0.001	0.715	0.001	0.283
0.001	0.001	0.001	0.997
0.001	0.001	0.997	0.001
0.001	0.001	0.001	0.997
0.001	0.001	0.980	0.018
0.001	0.001	0.997	0.001
0.001	0.001	0.001	0.997
0.001	0.990	0.001	0.008
0.274	0.001	0.724	0.001
0.118	0.763	0.118	0.001
0.001	0.001	0.997	0.001
0.980	0.001	0.001	0.018
>TTAACAGGGTTT	10-TTAACAGGGTTT	11.615276	-21.554092	0	T:6.0(2.97%),B:1.9(0.08%),P:1e-9	Tpos:123.4,Tstd:75.5,Bpos:91.6,Bstd:58.5,StrandBias:0.7,Multiplicity:1.33
0.156	0.312	0.001	0.531
0.001	0.001	0.001	0.997
0.997	0.001	0.001	0.001
0.997	0.001	0.001	0.001
0.155	0.843	0.001	0.001
0.686	0.001	0.001	0.312
0.001	0.001	0.822	0.176
0.001	0.155	0.843	0.001
0.001	0.001	0.666	0.332
0.001	0.001	0.312	0.686
0.001	0.001	0.001	0.997
0.176	0.001	0.001	0.822
>GCAGGGATTTTA	11-GCAGGGATTTTA	11.691547	-21.554092	0	T:6.0(2.97%),B:1.5(0.06%),P:1e-9	Tpos:120.3,Tstd:60.1,Bpos:81.8,Bstd:10.2,StrandBias:1.0,Multiplicity:1.00
0.001	0.001	0.997	0.001
0.001	0.930	0.068	0.001
0.582	0.001	0.416	0.001
0.001	0.001	0.997	0.001
0.416	0.001	0.582	0.001
0.001	0.001	0.997	0.001
0.582	0.001	0.416	0.001
0.068	0.001	0.001	0.930
0.001	0.001	0.001	0.997
0.001	0.001	0.001	0.997
0.416	0.001	0.001	0.582
0.997	0.001	0.001	0.001
>CGAATTCTCGCT	12-CGAATTCTCGCT	12.076872	-21.222100	0	T:7.0(3.47%),B:2.1(0.09%),P:1e-9	Tpos:93.0,Tstd:64.7,Bpos:158.3,Bstd:62.3,StrandBias:0.4,Multiplicity:1.00
0.001	0.603	0.211	0.185
0.021	0.001	0.977	0.001
0.977	0.021	0.001	0.001
0.628	0.001	0.370	0.001
0.001	0.001	0.001	0.997
0.001	0.001	0.001	0.997
0.370	0.628	0.001	0.001
0.392	0.004	0.001	0.603
0.207	0.607	0.185	0.001
0.001	0.001	0.997	0.001
0.001	0.997	0.001	0.001
0.021	0.001	0.001	0.977
>WGTTTAGAGCAG	13-WGTTTAGAGCAG	7.858535	-21.222100	0	T:7.0(3.47%),B:3.0(0.12%),P:1e-9	Tpos:146.7,Tstd:85.3,Bpos:145.7,Bstd:37.2,StrandBias:-0.4,Multiplicity:1.00
0.499	0.001	0.001	0.499
0.001	0.001	0.997	0.001
0.249	0.001	0.001	0.749
0.001	0.001	0.001	0.997
0.001	0.001	0.001	0.997
0.997	0.001	0.001	0.001
0.001	0.001	0.997	0.001
0.997	0.001	0.001	0.001
0.001	0.249	0.749	0.001
0.001	0.997	0.001	0.001
0.749	0.001	0.249	0.001
0.001	0.249	0.749	0.001
>ACATATCTTACA	14-ACATATCTTACA	10.801211	-21.222100	0	T:7.0(3.47%),B:2.5(0.10%),P:1e-9	Tpos:115.1,Tstd:63.5,Bpos:55.4,Bstd:34.0,StrandBias:-2.8,Multiplicity:1.14
0.592	0.135	0.135	0.138
0.142	0.685	0.135	0.038
0.997	0.001	0.001	0.001
0.005	0.001	0.001	0.993
0.716	0.282	0.001	0.001
0.135	0.001	0.135	0.729
0.001	0.997	0.001	0.001
0.001	0.001	0.134	0.864
0.001	0.047	0.141	0.811
0.855	0.002	0.142	0.001
0.317	0.681	0.001	0.001
0.726	0.001	0.001	0.272
>CCCGRTGTTATT	15-CCCGRTGTTATT	11.580672	-21.222100	0	T:7.0(3.47%),B:2.3(0.10%),P:1e-9	Tpos:117.4,Tstd:74.5,Bpos:135.3,Bstd:76.2,StrandBias:10.0,Multiplicity:1.00
0.185	0.629	0.001	0.185
0.001	0.814	0.184	0.001
0.184	0.814	0.001	0.001
0.001	0.001	0.997	0.001
0.370	0.001	0.444	0.185
0.001	0.001	0.001	0.997
0.001	0.001	0.997	0.001
0.001	0.001	0.001	0.997
0.001	0.024	0.185	0.790
0.814	0.001	0.184	0.001
0.185	0.001	0.024	0.790
0.001	0.001	0.001	0.997
>TTCACTKTAAAY	16-TTCACTKTAAAY	9.356812	-19.536536	0	T:9.0(4.46%),B:6.1(0.25%),P:1e-8	Tpos:127.6,Tstd:83.3,Bpos:136.8,Bstd:64.3,StrandBias:1.0,Multiplicity:1.00
0.001	0.022	0.001	0.976
0.001	0.001	0.001	0.997
0.001	0.976	0.001	0.022
0.997	0.001	0.001	0.001
0.001	0.997	0.001	0.001
0.001	0.001	0.022	0.976
0.001	0.001	0.544	0.454
0.227	0.001	0.001	0.771
0.771	0.001	0.227	0.001
0.545	0.227	0.001	0.227
0.997	0.001	0.001	0.001
0.001	0.544	0.001	0.454
>TTTAACCAMWAA	17-TTTAACCAMWAA	9.064667	-19.518957	0	T:34.0(16.83%),B:128.3(5.36%),P:1e-8	Tpos:130.3,Tstd:54.7,Bpos:135.9,Bstd:75.3,StrandBias:0.1,Multiplicity:1.09
0.371	0.001	0.001	0.627
0.328	0.001	0.001	0.670
0.250	0.083	0.001	0.666
0.832	0.082	0.043	0.043
0.917	0.001	0.041	0.041
0.208	0.585	0.123	0.084
0.001	0.997	0.001	0.001
0.585	0.082	0.128	0.205
0.415	0.542	0.001	0.042
0.502	0.001	0.001	0.496
0.958	0.040	0.001	0.001
0.997	0.001	0.001	0.001
>TGTGGTGGGDAA	18-TGTGGTGGGDAA	10.693974	-18.455036	0	T:7.0(3.47%),B:3.7(0.15%),P:1e-8	Tpos:108.9,Tstd:79.8,Bpos:86.5,Bstd:42.5,StrandBias:0.4,Multiplicity:1.00
0.028	0.001	0.001	0.970
0.001	0.001	0.704	0.294
0.001	0.001	0.001	0.997
0.001	0.001	0.704	0.294
0.001	0.001	0.997	0.001
0.001	0.001	0.294	0.704
0.001	0.001	0.997	0.001
0.001	0.001	0.970	0.028
0.001	0.001	0.970	0.028
0.294	0.001	0.294	0.411
0.704	0.001	0.294	0.001
0.997	0.001	0.001	0.001
>GTTATCAATAAT	19-GTTATCAATAAT	14.257152	-17.465325	0	T:6.0(2.97%),B:2.1(0.09%),P:1e-7	Tpos:113.3,Tstd:47.3,Bpos:199.0,Bstd:8.7,StrandBias:1.0,Multiplicity:1.00
0.199	0.001	0.799	0.001
0.001	0.001	0.001	0.997
0.199	0.001	0.001	0.799
0.997	0.001	0.001	0.001
0.001	0.001	0.001	0.997
0.001	0.599	0.200	0.200
0.997	0.001	0.001	0.001
0.997	0.001	0.001	0.001
0.001	0.001	0.001	0.997
0.997	0.001	0.001	0.001
0.997	0.001	0.001	0.001
0.001	0.001	0.001	0.997
>GAATACACAACT	20-GAATACACAACT	9.433640	-17.264032	0	T:5.0(2.48%),B:2.0(0.08%),P:1e-7	Tpos:141.4,Tstd:76.0,Bpos:103.7,Bstd:14.0,StrandBias:-0.4,Multiplicity:1.40
0.001	0.001	0.997	0.001
0.997	0.001	0.001	0.001
0.997	0.001	0.001	0.001
0.001	0.001	0.001	0.997
0.997	0.001	0.001	0.001
0.116	0.882	0.001	0.001
0.997	0.001	0.001	0.001
0.083	0.716	0.001	0.200
0.997	0.001	0.001	0.001
0.997	0.001	0.001	0.001
0.167	0.799	0.033	0.001
0.001	0.001	0.001	0.997
>YTTATGGTAAGA	21-YTTATGGTAAGA	11.292510	-16.512396	0	T:7.0(3.47%),B:4.8(0.20%),P:1e-7	Tpos:108.1,Tstd:58.4,Bpos:138.6,Bstd:65.0,StrandBias:2.8,Multiplicity:1.14
0.001	0.444	0.185	0.370
0.001	0.001	0.001	0.997
0.001	0.001	0.001	0.997
0.814	0.001	0.184	0.001
0.001	0.001	0.001	0.997
0.001	0.001	0.946	0.052
0.185	0.185	0.629	0.001
0.184	0.001	0.001	0.814
0.809	0.001	0.189	0.001
0.997	0.001	0.001	0.001
0.058	0.005	0.752	0.185
0.628	0.370	0.001	0.001
>GATATGTTGAGC	22-GATATGTTGAGC	9.270573	-13.866760	0	T:5.0(2.48%),B:2.8(0.12%),P:1e-6	Tpos:139.6,Tstd:45.0,Bpos:168.6,Bstd:31.5,StrandBias:-1.6,Multiplicity:1.60
0.001	0.001	0.950	0.048
0.950	0.001	0.001	0.048
0.001	0.416	0.001	0.582
0.950	0.001	0.001	0.048
0.001	0.013	0.049	0.937
0.001	0.049	0.901	0.049
0.001	0.416	0.001	0.582
0.005	0.001	0.001	0.993
0.001	0.001	0.997	0.001
0.997	0.001	0.001	0.001
0.001	0.005	0.993	0.001
0.001	0.997	0.001	0.001
>TTTTCACCTGTA	23-TTTTCACCTGTA	10.409522	-13.866760	0	T:5.0(2.48%),B:2.3(0.10%),P:1e-6	Tpos:103.6,Tstd:63.9,Bpos:103.9,Bstd:79.2,StrandBias:2.0,Multiplicity:1.00
0.100	0.100	0.100	0.700
0.100	0.100	0.100	0.700
0.100	0.100	0.100	0.700
0.100	0.100	0.100	0.700
0.100	0.700	0.100	0.100
0.700	0.100	0.100	0.100
0.100	0.700	0.100	0.100
0.100	0.700	0.100	0.100
0.100	0.100	0.100	0.700
0.100	0.100	0.700	0.100
0.100	0.100	0.100	0.700
0.700	0.100	0.100	0.100
>CCCTCCCCCTVC	24-CCCTCCCCCTVC	11.494763	-13.816232	0	T:7.0(3.47%),B:6.8(0.28%),P:1e-6	Tpos:116.9,Tstd:42.7,Bpos:123.8,Bstd:73.3,StrandBias:0.3,Multiplicity:1.57
0.119	0.643	0.119	0.119
0.001	0.997	0.001	0.001
0.001	0.997	0.001	0.001
0.001	0.001	0.001	0.997
0.119	0.761	0.001	0.119
0.001	0.880	0.001	0.118
0.001	0.997	0.001	0.001
0.001	0.997	0.001	0.001
0.001	0.997	0.001	0.001
0.001	0.001	0.001	0.997
0.254	0.373	0.373	0.001
0.238	0.627	0.001	0.134
>CCTAATTCATTA	25-CCTAATTCATTA	10.409522	-13.446434	0	T:6.0(2.97%),B:4.8(0.20%),P:1e-5	Tpos:108.0,Tstd:41.6,Bpos:109.6,Bstd:50.7,StrandBias:-2.8,Multiplicity:1.33
0.100	0.700	0.100	0.100
0.100	0.700	0.100	0.100
0.100	0.100	0.100	0.700
0.700	0.100	0.100	0.100
0.700	0.100	0.100	0.100
0.100	0.100	0.100	0.700
0.100	0.100	0.100	0.700
0.100	0.700	0.100	0.100
0.700	0.100	0.100	0.100
0.100	0.100	0.100	0.700
0.100	0.100	0.100	0.700
0.700	0.100	0.100	0.100
>CCACTA	1-CCACTA	7.010024	-14.222180	0	T:72.0(35.64%),B:495.2(20.69%),P:1e-6	Tpos:129.3,Tstd:62.0,Bpos:118.9,Bstd:72.1,StrandBias:0.0,Multiplicity:1.19
0.193	0.805	0.001	0.001
0.001	0.997	0.001	0.001
0.997	0.001	0.001	0.001
0.340	0.658	0.001	0.001
0.001	0.001	0.001	0.997
0.997	0.001	0.001	0.001
>CCGCAA	2-CCGCAA	6.070832	-11.935179	0	T:93.0(46.04%),B:745.2(31.15%),P:1e-5	Tpos:126.4,Tstd:66.8,Bpos:124.6,Bstd:69.2,StrandBias:-0.2,Multiplicity:1.40
0.001	0.997	0.001	0.001
0.001	0.997	0.001	0.001
0.163	0.001	0.699	0.137
0.001	0.997	0.001	0.001
0.808	0.001	0.190	0.001
0.810	0.001	0.188	0.001
>TTGAGC	3-TTGAGC	6.522949	-11.868533	0	T:67.0(33.17%),B:477.8(19.97%),P:1e-5	Tpos:128.1,Tstd:72.1,Bpos:128.4,Bstd:73.5,StrandBias:-0.3,Multiplicity:1.13
0.001	0.001	0.001	0.997
0.001	0.001	0.001	0.997
0.001	0.001	0.997	0.001
0.997	0.001	0.001	0.001
0.211	0.001	0.787	0.001
0.001	0.797	0.201	0.001
>TAATCT	4-TAATCT	6.466619	-11.715905	0	T:72.0(35.64%),B:529.6(22.13%),P:1e-5	Tpos:133.2,Tstd:70.4,Bpos:126.5,Bstd:77.9,StrandBias:0.2,Multiplicity:1.17
0.001	0.001	0.196	0.802
0.997	0.001	0.001	0.001
0.997	0.001	0.001	0.001
0.001	0.001	0.001	0.997
0.001	0.997	0.001	0.001
0.001	0.187	0.001	0.811
>ACCARG	5-ACCARG	5.403976	-10.134352	0	T:101.0(50.00%),B:865.1(36.16%),P:1e-4	Tpos:122.7,Tstd:67.0,Bpos:128.0,Bstd:66.6,StrandBias:-0.3,Multiplicity:1.36
0.938	0.043	0.015	0.004
0.001	0.789	0.198	0.012
0.001	0.886	0.001	0.112
0.666	0.173	0.160	0.001
0.433	0.279	0.287	0.001
0.001	0.173	0.539	0.287
>TRGTGGGT	1-TRGTGGGT	6.972937	-34.437589	0	T:52.0(25.74%),B:176.8(7.39%),P:1e-14	Tpos:111.7,Tstd:58.2,Bpos:131.9,Bstd:79.1,StrandBias:0.1,Multiplicity:1.06
0.001	0.254	0.001	0.744
0.539	0.001	0.459	0.001
0.001	0.001	0.783	0.215
0.001	0.001	0.382	0.616
0.001	0.001	0.997	0.001
0.001	0.132	0.866	0.001
0.220	0.129	0.650	0.001
0.001	0.001	0.242	0.756
>TTGCGGYY	2-TTGCGGYY	6.412140	-27.128424	0	T:85.0(42.08%),B:485.9(20.31%),P:1e-11	Tpos:134.4,Tstd:63.0,Bpos:125.6,Bstd:66.9,StrandBias:0.3,Multiplicity:1.30
0.001	0.001	0.001	0.997
0.011	0.173	0.202	0.614
0.001	0.001	0.997	0.001
0.279	0.553	0.001	0.167
0.001	0.001	0.997	0.001
0.001	0.001	0.942	0.056
0.001	0.508	0.063	0.428
0.001	0.516	0.001	0.482
>RGCAAGTG	3-RGCAAGTG	6.839589	-23.035140	0	T:52.0(25.74%),B:237.9(9.94%),P:1e-10	Tpos:119.3,Tstd:65.3,Bpos:129.8,Bstd:60.2,StrandBias:0.3,Multiplicity:1.16
0.430	0.001	0.568	0.001
0.074	0.001	0.924	0.001
0.041	0.957	0.001	0.001
0.947	0.051	0.001	0.001
0.548	0.081	0.370	0.001
0.001	0.001	0.801	0.197
0.070	0.001	0.074	0.855
0.001	0.001	0.997	0.001
>ACTTAGCG	4-ACTTAGCG	7.670291	-18.972663	0	T:31.0(15.35%),B:111.6(4.66%),P:1e-8	Tpos:114.2,Tstd:52.1,Bpos:116.7,Bstd:80.7,StrandBias:0.0,Multiplicity:1.07
0.997	0.001	0.001	0.001
0.364	0.634	0.001	0.001
0.001	0.001	0.001	0.997
0.096	0.001	0.001	0.902
0.842	0.156	0.001	0.001
0.001	0.001	0.997	0.001
0.001	0.646	0.156	0.197
0.001	0.001	0.997	0.001
>GCTCAACA	5-GCTCAACA	7.334910	-17.849806	0	T:30.0(14.85%),B:110.5(4.62%),P:1e-7	Tpos:113.4,Tstd:61.8,Bpos:136.1,Bstd:75.0,StrandBias:-0.5,Multiplicity:1.13
0.001	0.001	0.965	0.033
0.001	0.902	0.001	0.096
0.188	0.029	0.001	0.782
0.001	0.997	0.001	0.001
0.952	0.025	0.022	0.001
0.809	0.052	0.023	0.116
0.042	0.822	0.077	0.059
0.847	0.001	0.151	0.001
>ACTTAGAT	6-ACTTAGAT	7.955239	-15.469378	0	T:24.0(11.88%),B:83.1(3.47%),P:1e-6	Tpos:144.4,Tstd:64.6,Bpos:111.7,Bstd:87.0,StrandBias:-0.2,Multiplicity:1.17
0.997	0.001	0.001	0.001
0.001	0.875	0.001	0.123
0.080	0.001	0.001	0.918
0.001	0.001	0.001	0.997
0.882	0.001	0.116	0.001
0.001	0.001	0.713	0.285
0.997	0.001	0.001	0.001
0.001	0.001	0.001	0.997
>ATWCCGAG	7-ATWCCGAG	8.398008	-15.454291	0	T:8.0(3.96%),B:7.4(0.31%),P:1e-6	Tpos:108.4,Tstd:46.2,Bpos:99.8,Bstd:64.6,StrandBias:0.7,Multiplicity:1.00
0.812	0.001	0.186	0.001
0.001	0.313	0.001	0.685
0.388	0.187	0.001	0.424
0.001	0.997	0.001	0.001
0.001	0.575	0.423	0.001
0.001	0.001	0.997	0.001
0.685	0.001	0.313	0.001
0.001	0.001	0.997	0.001
>CGGCATAT	8-CGGCATAT	10.002209	-15.344472	0	T:10.0(4.95%),B:13.9(0.58%),P:1e-6	Tpos:126.4,Tstd:77.2,Bpos:94.0,Bstd:63.7,StrandBias:-0.3,Multiplicity:1.00
0.001	0.997	0.001	0.001
0.001	0.001	0.997	0.001
0.001	0.001	0.997	0.001
0.001	0.997	0.001	0.001
0.654	0.001	0.001	0.344
0.001	0.001	0.001	0.997
0.997	0.001	0.001	0.001
0.001	0.001	0.001	0.997
>GCGGTGGA	9-GCGGTGGA	9.005288	-14.983883	0	T:12.0(5.94%),B:21.6(0.90%),P:1e-6	Tpos:136.7,Tstd:56.8,Bpos:136.1,Bstd:69.5,StrandBias:1.2,Multiplicity:1.08
0.001	0.001	0.997	0.001
0.207	0.791	0.001	0.001
0.001	0.001	0.997	0.001
0.001	0.001	0.997	0.001
0.001	0.001	0.001	0.997
0.001	0.001	0.997	0.001
0.001	0.160	0.838	0.001
0.997	0.001	0.001	0.001
>GCTGCCTG	10-GCTGCCTG	8.236954	-12.177444	0	T:6.0(2.97%),B:5.6(0.24%),P:1e-5	Tpos:155.8,Tstd:52.2,Bpos:167.4,Bstd:29.6,StrandBias:0.0,Multiplicity:1.00
0.100	0.100	0.700	0.100
0.100	0.700	0.100	0.100
0.100	0.100	0.100	0.700
0.100	0.100	0.700	0.100
0.100	0.700	0.100	0.100
0.100	0.700	0.100	0.100
0.100	0.100	0.100	0.700
0.100	0.100	0.700	0.100
>GTATGCAC	11-GTATGCAC	9.573213	-12.125268	0	T:8.0(3.96%),B:11.3(0.47%),P:1e-5	Tpos:109.2,Tstd:89.6,Bpos:123.4,Bstd:56.4,StrandBias:-0.7,Multiplicity:1.00
0.001	0.001	0.997	0.001
0.001	0.001	0.001	0.997
0.997	0.001	0.001	0.001
0.001	0.001	0.001	0.997
0.001	0.001	0.997	0.001
0.001	0.774	0.224	0.001
0.997	0.001	0.001	0.001
0.001	0.997	0.001	0.001
>GTWGACCG	12-GTWGACCG	7.415685	-11.436397	0	T:21.0(10.40%),B:84.1(3.51%),P:1e-4	Tpos:153.1,Tstd:62.7,Bpos:133.9,Bstd:71.8,StrandBias:0.8,Multiplicity:1.05
0.001	0.001	0.997	0.001
0.001	0.095	0.001	0.903
0.468	0.001	0.001	0.530
0.063	0.001	0.861	0.075
0.715	0.095	0.001	0.189
0.001	0.997	0.001	0.001
0.001	0.997	0.001	0.001
0.001	0.001	0.997	0.001
>CGGAGCGC	13-CGGAGCGC	9.518153	-9.490005	0	T:5.0(2.48%),B:5.6(0.23%),P:1e-4	Tpos:117.5,Tstd:49.3,Bpos:163.1,Bstd:71.9,StrandBias:1.0,Multiplicity:1.20
0.001	0.997	0.001	0.001
0.001	0.001	0.997	0.001
0.001	0.001	0.786	0.212
0.997	0.001	0.001	0.001
0.001	0.001	0.997	0.001
0.001	0.997	0.001	0.001
0.001	0.001	0.997	0.001
0.001	0.997	0.001	0.001
