>GTCATTGGTCAC	1-GTCATTGGTCAC	10.892346	-40.119898	0	T:10.0(4.95%),B:1.8(0.07%),P:1e-17	Tpos:118.1,Tstd:61.9,Bpos:160.7,Bstd:15.8,StrandBias:-0.6,Multiplicity:1.00
0.001	0.124	0.769	0.106
0.001	0.003	0.106	0.890
0.106	0.557	0.124	0.213
0.786	0.001	0.001	0.212
0.001	0.123	0.001	0.875
0.001	0.001	0.212	0.786
0.001	0.105	0.893	0.001
0.001	0.001	0.786	0.212
0.106	0.001	0.106	0.787
0.001	0.997	0.001	0.001
0.893	0.105	0.001	0.001
0.001	0.997	0.001	0.001
>CGKAAACCSCGA	2-CGKAAACCSCGA	10.932866	-35.299760	0	T:9.0(4.46%),B:0.0(0.00%),P:1e-15	Tpos:149.1,Tstd:60.9,Bpos:0.0,Bstd:0.0,StrandBias:1.0,Multiplicity:1.00
0.201	0.797	0.001	0.001
0.001	0.202	0.595	0.202
0.187	0.204	0.237	0.372
0.997	0.001	0.001	0.001
0.628	0.001	0.370	0.001
0.997	0.001	0.001	0.001
0.016	0.982	0.001	0.001
0.001	0.997	0.001	0.001
0.017	0.371	0.410	0.202
0.001	0.997	0.001	0.001
0.033	0.001	0.965	0.001
0.627	0.001	0.371	0.001
>GAGTACCCACTA	3-GAGTACCCACTA	10.518935	-35.299760	0	T:9.0(4.46%),B:1.2(0.05%),P:1e-15	Tpos:135.1,Tstd:53.7,Bpos:131.0,Bstd:0.0,StrandBias:-0.3,Multiplicity:1.00
0.001	0.111	0.777	0.111
0.777	0.001	0.001	0.221
0.001	0.001	0.888	0.110
0.111	0.111	0.001	0.777
0.997	0.001	0.001	0.001
0.222	0.555	0.222	0.001
0.001	0.997	0.001	0.001
0.001	0.888	0.001	0.110
0.997	0.001	0.001	0.001
0.110	0.888	0.001	0.001
0.221	0.001	0.001	0.777
0.888	0.110	0.001	0.001
>TCCACCGCDGAC	4-TCCACCGCDGAC	9.999743	-30.589977	0	T:8.0(3.96%),B:0.6(0.03%),P:1e-13	Tpos:96.9,Tstd:58.6,Bpos:72.0,Bstd:0.0,StrandBias:-0.3,Multiplicity:1.12
0.001	0.328	0.001	0.670
0.037	0.961	0.001	0.001
0.001	0.997	0.001	0.001
0.964	0.034	0.001	0.001
0.001	0.704	0.294	0.001
0.001	0.997	0.001	0.001
0.034	0.001	0.964	0.001
0.001	0.997	0.001	0.001
0.404	0.001	0.294	0.301
0.331	0.001	0.667	0.001
0.701	0.001	0.297	0.001
0.034	0.964	0.001	0.001
>ATTAAKTYTGTA	5-ATTAAKTYTGTA	9.675096	-29.134013	0	T:9.0(4.46%),B:2.5(0.10%),P:1e-12	Tpos:108.5,Tstd:67.4,Bpos:28.2,Bstd:21.2,StrandBias:1.2,Multiplicity:1.00
0.997	0.001	0.001	0.001
0.001	0.001	0.001	0.997
0.001	0.001	0.001	0.997
0.997	0.001	0.001	0.001
0.896	0.102	0.001	0.001
0.157	0.001	0.417	0.426
0.001	0.001	0.001	0.997
0.157	0.417	0.001	0.426
0.001	0.001	0.001	0.997
0.001	0.001	0.997	0.001
0.001	0.001	0.044	0.954
0.997	0.001	0.001	0.001
>AACGWAATTAGT	6-AACGWAATTAGT	10.708146	-25.116834	0	T:8.0(3.96%),B:2.3(0.10%),P:1e-10	Tpos:120.1,Tstd:92.9,Bpos:161.8,Bstd:11.7,StrandBias:0.7,Multiplicity:1.00
0.971	0.027	0.001	0.001
0.997	0.001	0.001	0.001
0.416	0.582	0.001	0.001
0.001	0.001	0.997	0.001
0.554	0.001	0.001	0.444
0.997	0.001	0.001	0.001
0.971	0.001	0.027	0.001
0.001	0.001	0.416	0.582
0.001	0.001	0.001	0.997
0.582	0.001	0.001	0.416
0.001	0.027	0.945	0.027
0.001	0.001	0.001	0.997
>TTCAATAAAGCA	7-TTCAATAAAGCA	11.241283	-23.040762	0	T:9.0(4.46%),B:4.7(0.20%),P:1e-10	Tpos:97.0,Tstd:66.2,Bpos:158.1,Bstd:35.3,StrandBias:-0.3,Multiplicity:1.00
0.001	0.001	0.105	0.893
0.001	0.106	0.213	0.680
0.001	0.778	0.106	0.115
0.991	0.001	0.007	0.001
0.787	0.106	0.106	0.001
0.220	0.001	0.001	0.778
0.893	0.001	0.001	0.105
0.893	0.001	0.105	0.001
0.680	0.106	0.001	0.213
0.115	0.001	0.778	0.106
0.001	0.893	0.001	0.105
0.997	0.001	0.001	0.001
>WAATCGRCTTAT	8-WAATCGRCTTAT	9.709120	-22.686994	0	T:13.0(6.44%),B:13.7(0.57%),P:1e-9	Tpos:132.1,Tstd:74.9,Bpos:129.6,Bstd:79.4,StrandBias:0.0,Multiplicity:1.08
0.529	0.001	0.087	0.383
0.799	0.001	0.001	0.199
0.558	0.001	0.177	0.264
0.001	0.001	0.288	0.710
0.001	0.997	0.001	0.001
0.001	0.001	0.911	0.087
0.473	0.001	0.351	0.175
0.271	0.553	0.088	0.088
0.001	0.001	0.001	0.997
0.088	0.088	0.176	0.648
0.911	0.001	0.001	0.087
0.175	0.001	0.112	0.712
>CTGTGGTCGCGA	9-CTGTGGTCGCGA	9.774360	-21.554092	0	T:6.0(2.97%),B:1.3(0.05%),P:1e-9	Tpos:140.3,Tstd:54.3,Bpos:163.1,Bstd:25.8,StrandBias:1.0,Multiplicity:1.00
0.001	0.715	0.001	0.283
0.001	0.001	0.001	0.997
0.001	0.001	0.997	0.001
0.001	0.001	0.001	0.997
0.001	0.001	0.980	0.018
0.001	0.001	0.997	0.001
0.001	0.001	0.001	0.997
0.001	0.990	0.001	0.008
0.274	0.001	0.724	0.001
0.118	0.763	0.118	0.001
0.001	0.001	0.997	0.001
0.980	0.001	0.001	0.018
>TTAACAGGGTTT	10-TTAACAGGGTTT	11.615276	-21.554092	0	T:6.0(2.97%),B:1.9(0.08%),P:1e-9	Tpos:123.4,Tstd:75.5,Bpos:91.6,Bstd:58.5,StrandBias:0.7,Multiplicity:1.33
0.156	0.312	0.001	0.531
0.001	0.001	0.001	0.997
0.997	0.001	0.001	0.001
0.997	0.001	0.001	0.001
0.155	0.843	0.001	0.001
0.686	0.001	0.001	0.312
0.001	0.001	0.822	0.176
0.001	0.155	0.843	0.001
0.001	0.001	0.666	0.332
0.001	0.001	0.312	0.686
0.001	0.001	0.001	0.997
0.176	0.001	0.001	0.822
>GCAGGGATTTTA	11-GCAGGGATTTTA	11.691547	-21.554092	0	T:6.0(2.97%),B:1.5(0.06%),P:1e-9	Tpos:120.3,Tstd:60.1,Bpos:81.8,Bstd:10.2,StrandBias:1.0,Multiplicity:1.00
0.001	0.001	0.997	0.001
0.001	0.930	0.068	0.001
0.582	0.001	0.416	0.001
0.001	0.001	0.997	0.001
0.416	0.001	0.582	0.001
0.001	0.001	0.997	0.001
0.582	0.001	0.416	0.001
0.068	0.001	0.001	0.930
0.001	0.001	0.001	0.997
0.001	0.001	0.001	0.997
0.416	0.001	0.001	0.582
0.997	0.001	0.001	0.001
>CGAATTCTCGCT	12-CGAATTCTCGCT	12.076872	-21.222100	0	T:7.0(3.47%),B:2.1(0.09%),P:1e-9	Tpos:93.0,Tstd:64.7,Bpos:158.3,Bstd:62.3,StrandBias:0.4,Multiplicity:1.00
0.001	0.603	0.211	0.185
0.021	0.001	0.977	0.001
0.977	0.021	0.001	0.001
0.628	0.001	0.370	0.001
0.001	0.001	0.001	0.997
0.001	0.001	0.001	0.997
0.370	0.628	0.001	0.001
0.392	0.004	0.001	0.603
0.207	0.607	0.185	0.001
0.001	0.001	0.997	0.001
0.001	0.997	0.001	0.001
0.021	0.001	0.001	0.977
>WGTTTAGAGCAG	13-WGTTTAGAGCAG	7.858535	-21.222100	0	T:7.0(3.47%),B:3.0(0.12%),P:1e-9	Tpos:146.7,Tstd:85.3,Bpos:145.7,Bstd:37.2,StrandBias:-0.4,Multiplicity:1.00
0.499	0.001	0.001	0.499
0.001	0.001	0.997	0.001
0.249	0.001	0.001	0.749
0.001	0.001	0.001	0.997
0.001	0.001	0.001	0.997
0.997	0.001	0.001	0.001
0.001	0.001	0.997	0.001
0.997	0.001	0.001	0.001
0.001	0.249	0.749	0.001
0.001	0.997	0.001	0.001
0.749	0.001	0.249	0.001
0.001	0.249	0.749	0.001
>ACATATCTTACA	14-ACATATCTTACA	10.801211	-21.222100	0	T:7.0(3.47%),B:2.5(0.10%),P:1e-9	Tpos:115.1,Tstd:63.5,Bpos:55.4,Bstd:34.0,StrandBias:-2.8,Multiplicity:1.14
0.592	0.135	0.135	0.138
0.142	0.685	0.135	0.038
0.997	0.001	0.001	0.001
0.005	0.001	0.001	0.993
0.716	0.282	0.001	0.001
0.135	0.001	0.135	0.729
0.001	0.997	0.001	0.001
0.001	0.001	0.134	0.864
0.001	0.047	0.141	0.811
0.855	0.002	0.142	0.001
0.317	0.681	0.001	0.001
0.726	0.001	0.001	0.272
>CCCGRTGTTATT	15-CCCGRTGTTATT	11.580672	-21.222100	0	T:7.0(3.47%),B:2.3(0.10%),P:1e-9	Tpos:117.4,Tstd:74.5,Bpos:135.3,Bstd:76.2,StrandBias:10.0,Multiplicity:1.00
0.185	0.629	0.001	0.185
0.001	0.814	0.184	0.001
0.184	0.814	0.001	0.001
0.001	0.001	0.997	0.001
0.370	0.001	0.444	0.185
0.001	0.001	0.001	0.997
0.001	0.001	0.997	0.001
0.001	0.001	0.001	0.997
0.001	0.024	0.185	0.790
0.814	0.001	0.184	0.001
0.185	0.001	0.024	0.790
0.001	0.001	0.001	0.997
>TTCACTKTAAAY	16-TTCACTKTAAAY	9.356812	-19.536536	0	T:9.0(4.46%),B:6.1(0.25%),P:1e-8	Tpos:127.6,Tstd:83.3,Bpos:136.8,Bstd:64.3,StrandBias:1.0,Multiplicity:1.00
0.001	0.022	0.001	0.976
0.001	0.001	0.001	0.997
0.001	0.976	0.001	0.022
0.997	0.001	0.001	0.001
0.001	0.997	0.001	0.001
0.001	0.001	0.022	0.976
0.001	0.001	0.544	0.454
0.227	0.001	0.001	0.771
0.771	0.001	0.227	0.001
0.545	0.227	0.001	0.227
0.997	0.001	0.001	0.001
0.001	0.544	0.001	0.454
>TTTAACCAMWAA	17-TTTAACCAMWAA	9.064667	-19.518957	0	T:34.0(16.83%),B:128.3(5.36%),P:1e-8	Tpos:130.3,Tstd:54.7,Bpos:135.9,Bstd:75.3,StrandBias:0.1,Multiplicity:1.09
0.371	0.001	0.001	0.627
0.328	0.001	0.001	0.670
0.250	0.083	0.001	0.666
0.832	0.082	0.043	0.043
0.917	0.001	0.041	0.041
0.208	0.585	0.123	0.084
0.001	0.997	0.001	0.001
0.585	0.082	0.128	0.205
0.415	0.542	0.001	0.042
0.502	0.001	0.001	0.496
0.958	0.040	0.001	0.001
0.997	0.001	0.001	0.001
>TGTGGTGGGDAA	18-TGTGGTGGGDAA	10.693974	-18.455036	0	T:7.0(3.47%),B:3.7(0.15%),P:1e-8	Tpos:108.9,Tstd:79.8,Bpos:86.5,Bstd:42.5,StrandBias:0.4,Multiplicity:1.00
0.028	0.001	0.001	0.970
0.001	0.001	0.704	0.294
0.001	0.001	0.001	0.997
0.001	0.001	0.704	0.294
0.001	0.001	0.997	0.001
0.001	0.001	0.294	0.704
0.001	0.001	0.997	0.001
0.001	0.001	0.970	0.028
0.001	0.001	0.970	0.028
0.294	0.001	0.294	0.411
0.704	0.001	0.294	0.001
0.997	0.001	0.001	0.001
>GTTATCAATAAT	19-GTTATCAATAAT	14.257152	-17.465325	0	T:6.0(2.97%),B:2.1(0.09%),P:1e-7	Tpos:113.3,Tstd:47.3,Bpos:199.0,Bstd:8.7,StrandBias:1.0,Multiplicity:1.00
0.199	0.001	0.799	0.001
0.001	0.001	0.001	0.997
0.199	0.001	0.001	0.799
0.997	0.001	0.001	0.001
0.001	0.001	0.001	0.997
0.001	0.599	0.200	0.200
0.997	0.001	0.001	0.001
0.997	0.001	0.001	0.001
0.001	0.001	0.001	0.997
0.997	0.001	0.001	0.001
0.997	0.001	0.001	0.001
0.001	0.001	0.001	0.997
>GAATACACAACT	20-GAATACACAACT	9.433640	-17.264032	0	T:5.0(2.48%),B:2.0(0.08%),P:1e-7	Tpos:141.4,Tstd:76.0,Bpos:103.7,Bstd:14.0,StrandBias:-0.4,Multiplicity:1.40
0.001	0.001	0.997	0.001
0.997	0.001	0.001	0.001
0.997	0.001	0.001	0.001
0.001	0.001	0.001	0.997
0.997	0.001	0.001	0.001
0.116	0.882	0.001	0.001
0.997	0.001	0.001	0.001
0.083	0.716	0.001	0.200
0.997	0.001	0.001	0.001
0.997	0.001	0.001	0.001
0.167	0.799	0.033	0.001
0.001	0.001	0.001	0.997
>YTTATGGTAAGA	21-YTTATGGTAAGA	11.292510	-16.512396	0	T:7.0(3.47%),B:4.8(0.20%),P:1e-7	Tpos:108.1,Tstd:58.4,Bpos:138.6,Bstd:65.0,StrandBias:2.8,Multiplicity:1.14
0.001	0.444	0.185	0.370
0.001	0.001	0.001	0.997
0.001	0.001	0.001	0.997
0.814	0.001	0.184	0.001
0.001	0.001	0.001	0.997
0.001	0.001	0.946	0.052
0.185	0.185	0.629	0.001
0.184	0.001	0.001	0.814
0.809	0.001	0.189	0.001
0.997	0.001	0.001	0.001
0.058	0.005	0.752	0.185
0.628	0.370	0.001	0.001
>GATATGTTGAGC	22-GATATGTTGAGC	9.270573	-13.866760	0	T:5.0(2.48%),B:2.8(0.12%),P:1e-6	Tpos:139.6,Tstd:45.0,Bpos:168.6,Bstd:31.5,StrandBias:-1.6,Multiplicity:1.60
0.001	0.001	0.950	0.048
0.950	0.001	0.001	0.048
0.001	0.416	0.001	0.582
0.950	0.001	0.001	0.048
0.001	0.013	0.049	0.937
0.001	0.049	0.901	0.049
0.001	0.416	0.001	0.582
0.005	0.001	0.001	0.993
0.001	0.001	0.997	0.001
0.997	0.001	0.001	0.001
0.001	0.005	0.993	0.001
0.001	0.997	0.001	0.001
>TTTTCACCTGTA	23-TTTTCACCTGTA	10.409522	-13.866760	0	T:5.0(2.48%),B:2.3(0.10%),P:1e-6	Tpos:103.6,Tstd:63.9,Bpos:103.9,Bstd:79.2,StrandBias:2.0,Multiplicity:1.00
0.100	0.100	0.100	0.700
0.100	0.100	0.100	0.700
0.100	0.100	0.100	0.700
0.100	0.100	0.100	0.700
0.100	0.700	0.100	0.100
0.700	0.100	0.100	0.100
0.100	0.700	0.100	0.100
0.100	0.700	0.100	0.100
0.100	0.100	0.100	0.700
0.100	0.100	0.700	0.100
0.100	0.100	0.100	0.700
0.700	0.100	0.100	0.100
>CCCTCCCCCTVC	24-CCCTCCCCCTVC	11.494763	-13.816232	0	T:7.0(3.47%),B:6.8(0.28%),P:1e-6	Tpos:116.9,Tstd:42.7,Bpos:123.8,Bstd:73.3,StrandBias:0.3,Multiplicity:1.57
0.119	0.643	0.119	0.119
0.001	0.997	0.001	0.001
0.001	0.997	0.001	0.001
0.001	0.001	0.001	0.997
0.119	0.761	0.001	0.119
0.001	0.880	0.001	0.118
0.001	0.997	0.001	0.001
0.001	0.997	0.001	0.001
0.001	0.997	0.001	0.001
0.001	0.001	0.001	0.997
0.254	0.373	0.373	0.001
0.238	0.627	0.001	0.134
>CCTAATTCATTA	25-CCTAATTCATTA	10.409522	-13.446434	0	T:6.0(2.97%),B:4.8(0.20%),P:1e-5	Tpos:108.0,Tstd:41.6,Bpos:109.6,Bstd:50.7,StrandBias:-2.8,Multiplicity:1.33
0.100	0.700	0.100	0.100
0.100	0.700	0.100	0.100
0.100	0.100	0.100	0.700
0.700	0.100	0.100	0.100
0.700	0.100	0.100	0.100
0.100	0.100	0.100	0.700
0.100	0.100	0.100	0.700
0.100	0.700	0.100	0.100
0.700	0.100	0.100	0.100
0.100	0.100	0.100	0.700
0.100	0.100	0.100	0.700
0.700	0.100	0.100	0.100
