>CAGACTCC	1-CAGACTCC	6.767343	-15.675325	0	T:19.0(22.35%),B:147.7(5.55%),P:1e-6	Tpos:132.3,Tstd:66.3,Bpos:131.6,Bstd:70.5,StrandBias:-1.3,Multiplicity:1.11
0.049	0.858	0.092	0.001
0.758	0.092	0.058	0.092
0.001	0.001	0.929	0.069
0.916	0.040	0.043	0.001
0.057	0.941	0.001	0.001
0.058	0.119	0.001	0.822
0.079	0.885	0.001	0.035
0.040	0.924	0.035	0.001
>CCASAGGA	2-CCASAGGA	4.448564	-14.665747	0	T:57.0(67.06%),B:1065.3(40.01%),P:1e-6	Tpos:121.7,Tstd:67.6,Bpos:127.2,Bstd:73.4,StrandBias:-0.2,Multiplicity:1.35
0.172	0.826	0.001	0.001
0.001	0.896	0.102	0.001
0.631	0.051	0.317	0.001
0.145	0.371	0.483	0.001
0.997	0.001	0.001	0.001
0.001	0.243	0.510	0.246
0.001	0.001	0.997	0.001
0.883	0.001	0.001	0.115
>GTTTTAAA	3-GTTTTAAA	7.166700	-13.860663	0	T:30.0(35.29%),B:378.7(14.23%),P:1e-6	Tpos:129.1,Tstd:74.6,Bpos:128.1,Bstd:80.7,StrandBias:-0.1,Multiplicity:1.07
0.001	0.028	0.890	0.081
0.002	0.062	0.128	0.808
0.132	0.076	0.001	0.791
0.182	0.062	0.107	0.649
0.041	0.088	0.001	0.870
0.693	0.001	0.150	0.156
0.631	0.367	0.001	0.001
0.863	0.039	0.001	0.097
>ATGTACCC	4-ATGTACCC	9.838321	-11.528650	0	T:7.0(8.24%),B:23.4(0.88%),P:1e-5	Tpos:110.1,Tstd:71.4,Bpos:108.1,Bstd:63.5,StrandBias:0.4,Multiplicity:1.00
0.997	0.001	0.001	0.001
0.001	0.001	0.001	0.997
0.001	0.001	0.997	0.001
0.001	0.001	0.001	0.997
0.997	0.001	0.001	0.001
0.001	0.997	0.001	0.001
0.001	0.997	0.001	0.001
0.001	0.706	0.001	0.292
>ATTGGCCA	5-ATTGGCCA	6.893807	-9.091056	0	T:20.0(23.53%),B:253.1(9.51%),P:1e-3	Tpos:120.9,Tstd:44.3,Bpos:121.9,Bstd:68.4,StrandBias:-0.4,Multiplicity:1.15
0.718	0.159	0.055	0.068
0.038	0.001	0.040	0.921
0.001	0.001	0.001	0.997
0.001	0.034	0.964	0.001
0.154	0.001	0.800	0.045
0.030	0.820	0.001	0.149
0.001	0.956	0.042	0.001
0.915	0.051	0.001	0.033
