>AGACTAGTTC	1-AGACTAGTTC	11.442508	-27.450180	0	T:6.0(7.06%),B:2.0(0.07%),P:1e-11	Tpos:119.1,Tstd:51.9,Bpos:132.3,Bstd:28.8,StrandBias:-0.4,Multiplicity:1.17
0.997	0.001	0.001	0.001
0.001	0.001	0.997	0.001
0.838	0.160	0.001	0.001
0.001	0.838	0.001	0.160
0.001	0.161	0.161	0.677
0.997	0.001	0.001	0.001
0.001	0.001	0.997	0.001
0.001	0.001	0.001	0.997
0.001	0.001	0.001	0.997
0.001	0.997	0.001	0.001
>CTCGGCCTTC	2-CTCGGCCTTC	11.091263	-23.316727	0	T:6.0(7.06%),B:2.1(0.08%),P:1e-10	Tpos:171.6,Tstd:49.3,Bpos:147.8,Bstd:20.8,StrandBias:-0.4,Multiplicity:1.17
0.001	0.997	0.001	0.001
0.001	0.143	0.143	0.713
0.001	0.856	0.142	0.001
0.001	0.142	0.856	0.001
0.142	0.001	0.856	0.001
0.001	0.856	0.001	0.142
0.001	0.997	0.001	0.001
0.001	0.001	0.001	0.997
0.001	0.001	0.001	0.997
0.001	0.997	0.001	0.001
>ATTGTTTTGA	3-ATTGTTTTGA	9.973654	-20.081453	0	T:15.0(17.65%),B:64.1(2.41%),P:1e-8	Tpos:138.6,Tstd:69.8,Bpos:136.0,Bstd:74.1,StrandBias:1.1,Multiplicity:1.07
0.776	0.001	0.081	0.142
0.050	0.001	0.094	0.855
0.116	0.001	0.001	0.882
0.001	0.093	0.905	0.001
0.001	0.001	0.001	0.997
0.001	0.001	0.001	0.997
0.117	0.001	0.117	0.765
0.001	0.001	0.001	0.997
0.001	0.001	0.940	0.058
0.927	0.071	0.001	0.001
>GATTTACCGA	4-GATTTACCGA	10.567700	-18.926912	0	T:8.0(9.41%),B:12.6(0.47%),P:1e-8	Tpos:72.0,Tstd:62.2,Bpos:118.0,Bstd:82.5,StrandBias:0.0,Multiplicity:1.00
0.001	0.001	0.909	0.089
0.739	0.001	0.130	0.130
0.129	0.001	0.001	0.869
0.001	0.001	0.001	0.997
0.001	0.001	0.001	0.997
0.997	0.001	0.001	0.001
0.129	0.869	0.001	0.001
0.001	0.997	0.001	0.001
0.129	0.001	0.869	0.001
0.869	0.129	0.001	0.001
>CATAATCGTC	5-CATAATCGTC	11.121572	-17.895239	0	T:6.0(7.06%),B:5.1(0.19%),P:1e-7	Tpos:122.4,Tstd:73.1,Bpos:174.6,Bstd:52.7,StrandBias:-0.4,Multiplicity:1.17
0.001	0.997	0.001	0.001
0.997	0.001	0.001	0.001
0.001	0.001	0.142	0.856
0.856	0.001	0.001	0.142
0.856	0.142	0.001	0.001
0.001	0.001	0.001	0.997
0.001	0.997	0.001	0.001
0.142	0.001	0.856	0.001
0.001	0.142	0.001	0.856
0.142	0.856	0.001	0.001
>CTGTTTATCA	6-CTGTTTATCA	10.242121	-17.830867	0	T:10.0(11.76%),B:27.5(1.03%),P:1e-7	Tpos:137.7,Tstd:75.9,Bpos:119.9,Bstd:65.3,StrandBias:-0.3,Multiplicity:1.10
0.001	0.933	0.001	0.065
0.001	0.001	0.001	0.997
0.129	0.001	0.869	0.001
0.129	0.001	0.001	0.869
0.001	0.129	0.001	0.869
0.001	0.001	0.001	0.997
0.894	0.001	0.104	0.001
0.001	0.130	0.090	0.779
0.089	0.909	0.001	0.001
0.997	0.001	0.001	0.001
>ACCCTGTGCG	7-ACCCTGTGCG	11.390445	-17.050692	0	T:4.0(4.71%),B:1.4(0.05%),P:1e-7	Tpos:153.4,Tstd:76.1,Bpos:28.1,Bstd:7.6,StrandBias:-2.0,Multiplicity:1.25
0.997	0.001	0.001	0.001
0.001	0.997	0.001	0.001
0.001	0.823	0.001	0.175
0.175	0.823	0.001	0.001
0.175	0.001	0.001	0.823
0.001	0.001	0.997	0.001
0.001	0.120	0.001	0.878
0.001	0.001	0.997	0.001
0.175	0.823	0.001	0.001
0.001	0.001	0.997	0.001
>CAGGAGTCCC	8-CAGGAGTCCC	11.306326	-16.384672	0	T:7.0(8.24%),B:11.5(0.43%),P:1e-7	Tpos:124.7,Tstd:38.7,Bpos:93.2,Bstd:29.9,StrandBias:-1.0,Multiplicity:1.29
0.001	0.997	0.001	0.001
0.997	0.001	0.001	0.001
0.001	0.169	0.829	0.001
0.001	0.001	0.997	0.001
0.829	0.169	0.001	0.001
0.318	0.001	0.680	0.001
0.001	0.169	0.001	0.829
0.001	0.997	0.001	0.001
0.001	0.997	0.001	0.001
0.001	0.997	0.001	0.001
>YHTTGGCCAA	9-YHTTGGCCAA	8.402004	-15.069284	0	T:15.0(17.65%),B:94.8(3.56%),P:1e-6	Tpos:120.7,Tstd:62.1,Bpos:117.2,Bstd:78.6,StrandBias:0.3,Multiplicity:1.07
0.176	0.364	0.152	0.309
0.387	0.303	0.002	0.308
0.001	0.001	0.001	0.997
0.001	0.001	0.001	0.997
0.264	0.229	0.506	0.001
0.133	0.001	0.865	0.001
0.001	0.879	0.001	0.119
0.073	0.608	0.216	0.103
0.997	0.001	0.001	0.001
0.997	0.001	0.001	0.001
>TCGAGGATCC	10-TCGAGGATCC	11.490573	-10.126657	0	T:3.0(3.53%),B:2.5(0.09%),P:1e-4	Tpos:163.2,Tstd:48.0,Bpos:144.4,Bstd:69.6,StrandBias:0.6,Multiplicity:1.67
0.001	0.001	0.001	0.997
0.001	0.997	0.001	0.001
0.001	0.001	0.997	0.001
0.997	0.001	0.001	0.001
0.199	0.001	0.799	0.001
0.200	0.001	0.599	0.200
0.997	0.001	0.001	0.001
0.001	0.001	0.001	0.997
0.001	0.799	0.001	0.199
0.001	0.997	0.001	0.001
