>TTATTGAYCAAT	1-TTATTGAYCAAT	13.177442	-27.450180	0	T:6.0(7.06%),B:1.5(0.06%),P:1e-11	Tpos:130.0,Tstd:24.5,Bpos:119.1,Bstd:23.4,StrandBias:1.0,Multiplicity:1.00
0.001	0.243	0.001	0.755
0.244	0.013	0.210	0.533
0.997	0.001	0.001	0.001
0.001	0.001	0.001	0.997
0.001	0.001	0.001	0.997
0.001	0.013	0.742	0.244
0.761	0.001	0.225	0.013
0.028	0.530	0.001	0.441
0.013	0.973	0.001	0.013
0.997	0.001	0.001	0.001
0.997	0.001	0.001	0.001
0.001	0.001	0.001	0.997
>AGAACTAGTCTT	2-AGAACTAGTCTT	12.146200	-27.450180	0	T:6.0(7.06%),B:2.0(0.07%),P:1e-11	Tpos:123.2,Tstd:54.7,Bpos:133.7,Bstd:2.3,StrandBias:1.0,Multiplicity:1.00
0.567	0.189	0.243	0.001
0.001	0.001	0.997	0.001
0.997	0.001	0.001	0.001
0.997	0.001	0.001	0.001
0.001	0.997	0.001	0.001
0.188	0.001	0.001	0.810
0.621	0.189	0.189	0.001
0.188	0.001	0.810	0.001
0.001	0.001	0.188	0.810
0.001	0.810	0.188	0.001
0.001	0.001	0.001	0.997
0.026	0.001	0.001	0.972
>ACAWSCWWTGTG	3-ACAWSCWWTGTG	10.722238	-23.316727	0	T:6.0(7.06%),B:2.7(0.10%),P:1e-10	Tpos:145.3,Tstd:52.2,Bpos:129.9,Bstd:37.3,StrandBias:0.4,Multiplicity:1.17
0.997	0.001	0.001	0.001
0.001	0.997	0.001	0.001
0.997	0.001	0.001	0.001
0.531	0.001	0.001	0.467
0.031	0.437	0.531	0.001
0.001	0.997	0.001	0.001
0.436	0.001	0.001	0.562
0.436	0.001	0.001	0.562
0.001	0.001	0.001	0.997
0.001	0.031	0.967	0.001
0.001	0.001	0.001	0.997
0.001	0.001	0.997	0.001
>TGTTTTACAGCG	4-TGTTTTACAGCG	10.600408	-22.153219	0	T:5.0(5.88%),B:0.6(0.02%),P:1e-9	Tpos:128.4,Tstd:73.0,Bpos:50.0,Bstd:0.0,StrandBias:-0.6,Multiplicity:1.00
0.223	0.001	0.001	0.775
0.001	0.001	0.997	0.001
0.001	0.001	0.001	0.997
0.001	0.001	0.001	0.997
0.001	0.001	0.001	0.997
0.149	0.001	0.074	0.776
0.997	0.001	0.001	0.001
0.001	0.997	0.001	0.001
0.924	0.074	0.001	0.001
0.001	0.001	0.997	0.001
0.001	0.997	0.001	0.001
0.001	0.001	0.997	0.001
>ATTTCAAAACAA	5-ATTTCAAAACAA	11.747704	-20.499520	0	T:7.0(8.24%),B:6.4(0.24%),P:1e-8	Tpos:112.1,Tstd:74.4,Bpos:118.0,Bstd:96.0,StrandBias:-0.4,Multiplicity:1.00
0.997	0.001	0.001	0.001
0.019	0.023	0.023	0.935
0.001	0.001	0.001	0.997
0.001	0.001	0.001	0.997
0.303	0.695	0.001	0.001
0.997	0.001	0.001	0.001
0.695	0.001	0.001	0.303
0.997	0.001	0.001	0.001
0.997	0.001	0.001	0.001
0.001	0.997	0.001	0.001
0.997	0.001	0.001	0.001
0.695	0.303	0.001	0.001
>MRCASSMKYCCC	6-MRCASSMKYCCC	9.296310	-19.159622	0	T:12.0(14.12%),B:39.7(1.49%),P:1e-8	Tpos:109.9,Tstd:38.2,Bpos:121.5,Bstd:50.7,StrandBias:-1.3,Multiplicity:1.17
0.436	0.562	0.001	0.001
0.562	0.001	0.436	0.001
0.001	0.997	0.001	0.001
0.997	0.001	0.001	0.001
0.001	0.491	0.507	0.001
0.001	0.436	0.562	0.001
0.492	0.504	0.001	0.003
0.055	0.012	0.437	0.496
0.001	0.436	0.001	0.562
0.001	0.997	0.001	0.001
0.001	0.889	0.055	0.055
0.001	0.997	0.001	0.001
>TGTGACGCCACA	7-TGTGACGCCACA	15.096400	-18.712512	0	T:5.0(5.88%),B:2.4(0.09%),P:1e-8	Tpos:105.9,Tstd:38.3,Bpos:162.4,Bstd:30.9,StrandBias:1.3,Multiplicity:1.00
0.001	0.001	0.001	0.997
0.001	0.001	0.997	0.001
0.001	0.001	0.001	0.997
0.001	0.001	0.997	0.001
0.997	0.001	0.001	0.001
0.001	0.997	0.001	0.001
0.332	0.001	0.666	0.001
0.001	0.666	0.001	0.332
0.001	0.997	0.001	0.001
0.997	0.001	0.001	0.001
0.001	0.997	0.001	0.001
0.997	0.001	0.001	0.001
>TCATCAACAACA	8-TCATCAACAACA	10.789915	-13.316857	0	T:6.0(7.06%),B:11.3(0.43%),P:1e-5	Tpos:129.6,Tstd:65.5,Bpos:121.2,Bstd:65.4,StrandBias:0.0,Multiplicity:1.33
0.120	0.120	0.001	0.759
0.120	0.750	0.001	0.129
0.997	0.001	0.001	0.001
0.008	0.120	0.001	0.871
0.129	0.750	0.001	0.120
0.878	0.001	0.001	0.120
0.878	0.001	0.001	0.120
0.120	0.759	0.001	0.120
0.878	0.120	0.001	0.001
0.638	0.241	0.120	0.001
0.001	0.878	0.001	0.120
0.997	0.001	0.001	0.001
>ATGCTCGAGAAT	9-ATGCTCGAGAAT	11.333416	-12.183038	0	T:3.0(3.53%),B:1.2(0.05%),P:1e-5	Tpos:155.6,Tstd:51.6,Bpos:191.3,Bstd:10.4,StrandBias:0.6,Multiplicity:1.67
0.997	0.001	0.001	0.001
0.241	0.001	0.006	0.752
0.001	0.051	0.947	0.001
0.001	0.997	0.001	0.001
0.001	0.001	0.001	0.997
0.001	0.707	0.001	0.291
0.006	0.001	0.992	0.001
0.992	0.001	0.006	0.001
0.233	0.052	0.714	0.001
0.466	0.001	0.300	0.233
0.992	0.001	0.001	0.006
0.001	0.001	0.233	0.765
>CMKYGSGRGCGC	10-CMKYGSGRGCGC	8.488163	-10.413563	0	T:5.0(5.88%),B:11.0(0.41%),P:1e-4	Tpos:164.1,Tstd:46.1,Bpos:143.3,Bstd:48.2,StrandBias:0.0,Multiplicity:2.00
0.001	0.997	0.001	0.001
0.437	0.439	0.001	0.123
0.001	0.001	0.474	0.524
0.001	0.477	0.001	0.521
0.001	0.001	0.997	0.001
0.001	0.521	0.477	0.001
0.001	0.001	0.997	0.001
0.442	0.041	0.516	0.001
0.001	0.001	0.997	0.001
0.001	0.961	0.037	0.001
0.001	0.001	0.997	0.001
0.037	0.961	0.001	0.001
