>ATGCATTGATGT	7-ATGCATTGATGT	8.634806	-23.260724	0	T:23.0(14.29%),B:65.7(2.70%),P:1e-10
0.785	0.086	0.043	0.086
0.129	0.043	0.022	0.806
0.131	0.043	0.675	0.151
0.151	0.590	0.043	0.216
0.826	0.066	0.022	0.086
0.043	0.023	0.065	0.869
0.045	0.065	0.002	0.888
0.088	0.108	0.782	0.022
0.716	0.022	0.043	0.219
0.129	0.022	0.043	0.806
0.131	0.001	0.523	0.345
0.129	0.022	0.109	0.740
