>AGAATTCTAAAA	1-AGAATTCTAAAA,BestGuess:TSO1(CPP)/col-TSO1-DAP-Seq(GSE60143)/Homer(0.677)	10.471709	-50.435914	0	T:15.0(5.60%),B:2.2(0.09%),P:1e-21
0.901	0.001	0.097	0.001
0.053	0.098	0.796	0.053
0.898	0.049	0.001	0.052
0.853	0.049	0.001	0.097
0.049	0.001	0.146	0.804
0.049	0.001	0.049	0.901
0.004	0.846	0.101	0.049
0.098	0.147	0.049	0.706
0.950	0.001	0.048	0.001
0.804	0.049	0.049	0.098
0.706	0.098	0.049	0.147
0.852	0.001	0.146	0.001
