>ACCACATAAAAC	4-GTTTTATGTGGT	8.955534	-35.420681	0	T:34.0(12.69%),B:51.1(2.21%),P:1e-15
0.821	0.036	0.036	0.107
0.035	0.929	0.001	0.035
0.177	0.787	0.035	0.001
0.893	0.001	0.071	0.035
0.003	0.819	0.071	0.107
0.929	0.035	0.001	0.035
0.206	0.107	0.142	0.545
0.963	0.035	0.001	0.001
0.929	0.001	0.035	0.035
0.787	0.106	0.001	0.106
0.793	0.061	0.036	0.110
0.071	0.819	0.107	0.003
