>GGTACCTGTTAA	2-GGTACCTGTTAA,BestGuess:SCRT1/MA0743.2/Jaspar(0.708)	7.606848	-36.259765	0	T:48.0(23.53%),B:139.1(5.95%),P:1e-15
0.158	0.053	0.736	0.053
0.132	0.130	0.554	0.184
0.158	0.079	0.078	0.685
0.895	0.001	0.026	0.078
0.001	0.791	0.104	0.104
0.130	0.739	0.026	0.105
0.158	0.105	0.053	0.684
0.001	0.001	0.895	0.103
0.079	0.132	0.026	0.763
0.132	0.105	0.001	0.762
0.738	0.026	0.131	0.105
0.761	0.105	0.027	0.107
