>CMWGCTKKCAAG	8-CMWGCTKKCAAG,BestGuess:bZIP52/MA1343.1/Jaspar(0.793)	8.979801	-24.095950	0	T:17.0(8.33%),B:23.9(1.02%),P:1e-10
0.217	0.778	0.004	0.001
0.431	0.421	0.147	0.001
0.431	0.069	0.001	0.499
0.001	0.216	0.782	0.001
0.290	0.708	0.001	0.001
0.207	0.001	0.001	0.791
0.001	0.001	0.563	0.435
0.001	0.001	0.504	0.494
0.152	0.640	0.139	0.069
0.930	0.068	0.001	0.001
0.643	0.001	0.001	0.355
0.139	0.222	0.570	0.069
