>ACACACCACAAG	22-ACACACCACAAG	10.955932	-13.349250	0	T:8.0(3.92%),B:9.5(0.40%),P:1e-5
0.787	0.106	0.001	0.106
0.105	0.893	0.001	0.001
0.893	0.105	0.001	0.001
0.115	0.883	0.001	0.001
0.787	0.106	0.106	0.001
0.001	0.893	0.105	0.001
0.212	0.786	0.001	0.001
0.893	0.001	0.001	0.105
0.001	0.893	0.105	0.001
0.786	0.212	0.001	0.001
0.976	0.022	0.001	0.001
0.106	0.106	0.575	0.213
