>GTCATTTA	1-GTCATTTA	6.710412	-23.960478	0	T:39.0(31.71%),B:245.0(10.05%),P:1e-10	Tpos:112.2,Tstd:61.4,Bpos:121.4,Bstd:74.6,StrandBias:0.1,Multiplicity:1.08
0.001	0.001	0.997	0.001
0.046	0.001	0.001	0.952
0.001	0.997	0.001	0.001
0.997	0.001	0.001	0.001
0.001	0.080	0.130	0.789
0.001	0.001	0.001	0.997
0.078	0.001	0.087	0.834
0.804	0.001	0.001	0.194
>GGCTTCTT	2-GGCTTCTT	7.629338	-19.759371	0	T:28.0(22.76%),B:155.0(6.36%),P:1e-8	Tpos:132.2,Tstd:81.2,Bpos:127.9,Bstd:77.3,StrandBias:-0.4,Multiplicity:1.11
0.001	0.001	0.875	0.123
0.001	0.076	0.746	0.177
0.185	0.813	0.001	0.001
0.001	0.001	0.001	0.997
0.001	0.041	0.080	0.878
0.136	0.784	0.079	0.001
0.001	0.001	0.049	0.949
0.001	0.001	0.001	0.997
>ACTCGGTG	3-ACTCGGTG	6.779120	-18.731787	0	T:24.0(19.51%),B:120.1(4.93%),P:1e-8	Tpos:126.9,Tstd:75.3,Bpos:132.5,Bstd:64.9,StrandBias:1.1,Multiplicity:1.17
0.954	0.001	0.044	0.001
0.040	0.869	0.058	0.033
0.058	0.090	0.033	0.819
0.050	0.948	0.001	0.001
0.001	0.050	0.913	0.036
0.071	0.001	0.794	0.134
0.045	0.071	0.051	0.833
0.089	0.001	0.909	0.001
>TAGTAGCC	4-TAGTAGCC	8.258288	-14.687098	0	T:13.0(10.57%),B:44.6(1.83%),P:1e-6	Tpos:112.0,Tstd:66.9,Bpos:119.1,Bstd:76.8,StrandBias:0.0,Multiplicity:1.08
0.001	0.001	0.001	0.997
0.997	0.001	0.001	0.001
0.001	0.001	0.997	0.001
0.001	0.001	0.001	0.997
0.915	0.001	0.001	0.083
0.001	0.001	0.997	0.001
0.076	0.795	0.001	0.128
0.001	0.906	0.001	0.092
>AATGCATC	5-AATGCATC	8.981185	-11.469515	0	T:11.0(8.94%),B:42.6(1.75%),P:1e-4	Tpos:140.2,Tstd:62.6,Bpos:119.9,Bstd:63.1,StrandBias:-2.8,Multiplicity:1.45
0.821	0.177	0.001	0.001
0.997	0.001	0.001	0.001
0.001	0.300	0.001	0.698
0.001	0.001	0.997	0.001
0.001	0.997	0.001	0.001
0.997	0.001	0.001	0.001
0.001	0.001	0.001	0.997
0.001	0.997	0.001	0.001
>AAAGACGT	6-AAAGACGT	10.675116	-11.270217	0	T:7.0(5.69%),B:15.7(0.64%),P:1e-4	Tpos:146.3,Tstd:64.1,Bpos:112.8,Bstd:74.5,StrandBias:-1.3,Multiplicity:1.00
0.997	0.001	0.001	0.001
0.864	0.134	0.001	0.001
0.997	0.001	0.001	0.001
0.001	0.001	0.997	0.001
0.997	0.001	0.001	0.001
0.001	0.997	0.001	0.001
0.220	0.001	0.778	0.001
0.001	0.001	0.001	0.997
>ACTGAGTC	7-ACTGAGTC	8.524980	-10.629145	0	T:9.0(7.32%),B:30.7(1.26%),P:1e-4	Tpos:132.6,Tstd:51.8,Bpos:116.1,Bstd:71.4,StrandBias:-0.3,Multiplicity:1.11
0.634	0.001	0.364	0.001
0.001	0.997	0.001	0.001
0.001	0.001	0.001	0.997
0.001	0.213	0.785	0.001
0.997	0.001	0.001	0.001
0.001	0.420	0.578	0.001
0.001	0.001	0.001	0.997
0.001	0.997	0.001	0.001
>TGGTCTAT	8-TGGTCTAT	9.579093	-9.543460	0	T:10.0(8.13%),B:43.7(1.79%),P:1e-4	Tpos:93.8,Tstd:56.2,Bpos:106.8,Bstd:45.6,StrandBias:-1.6,Multiplicity:1.20
0.001	0.001	0.001	0.997
0.001	0.001	0.997	0.001
0.001	0.001	0.997	0.001
0.001	0.001	0.001	0.997
0.001	0.997	0.001	0.001
0.251	0.001	0.001	0.747
0.895	0.001	0.001	0.103
0.001	0.001	0.001	0.997
>GGTAGGGT	9-GGTAGGGT	9.165513	-2.234399	0	T:2.0(1.63%),B:11.8(0.48%),P:1e0	Tpos:134.6,Tstd:55.5,Bpos:149.9,Bstd:51.2,StrandBias:-10.0,Multiplicity:3.50
0.001	0.001	0.997	0.001
0.001	0.001	0.997	0.001
0.001	0.001	0.001	0.997
0.849	0.149	0.001	0.001
0.001	0.001	0.997	0.001
0.001	0.001	0.997	0.001
0.001	0.001	0.997	0.001
0.001	0.001	0.001	0.997
