>ACGGAAGTTT	1-ACGGAAGTTT	11.091263	-29.644996	0	T:7.0(5.69%),B:1.9(0.08%),P:1e-12	Tpos:126.4,Tstd:51.5,Bpos:159.3,Bstd:62.9,StrandBias:0.3,Multiplicity:1.29
0.997	0.001	0.001	0.001
0.001	0.997	0.001	0.001
0.001	0.142	0.856	0.001
0.001	0.001	0.997	0.001
0.856	0.142	0.001	0.001
0.856	0.001	0.142	0.001
0.001	0.001	0.997	0.001
0.143	0.143	0.001	0.713
0.001	0.001	0.001	0.997
0.142	0.001	0.001	0.856
>TATAAATGAC	2-TATAAATGAC	10.765161	-29.167098	0	T:12.0(9.76%),B:10.9(0.45%),P:1e-12	Tpos:136.0,Tstd:60.3,Bpos:121.0,Bstd:83.1,StrandBias:0.5,Multiplicity:1.00
0.097	0.001	0.001	0.901
0.805	0.097	0.001	0.097
0.217	0.001	0.001	0.781
0.901	0.001	0.001	0.097
0.997	0.001	0.001	0.001
0.997	0.001	0.001	0.001
0.001	0.001	0.001	0.997
0.001	0.075	0.923	0.001
0.901	0.001	0.001	0.097
0.001	0.997	0.001	0.001
>TGATATACGC	3-TGATATACGC	10.666616	-26.179443	0	T:10.0(8.13%),B:8.0(0.33%),P:1e-11	Tpos:120.2,Tstd:55.7,Bpos:118.3,Bstd:65.4,StrandBias:-2.0,Multiplicity:1.00
0.001	0.100	0.100	0.799
0.001	0.001	0.899	0.099
0.997	0.001	0.001	0.001
0.001	0.001	0.001	0.997
0.899	0.001	0.001	0.099
0.001	0.001	0.001	0.997
0.899	0.001	0.099	0.001
0.001	0.899	0.001	0.099
0.100	0.001	0.799	0.100
0.001	0.899	0.099	0.001
>CGCGACCCAG	4-CGCGACCCAG	11.316461	-20.544472	0	T:6.0(4.88%),B:2.4(0.10%),P:1e-8	Tpos:99.3,Tstd:60.1,Bpos:135.5,Bstd:9.5,StrandBias:10.0,Multiplicity:1.00
0.001	0.997	0.001	0.001
0.001	0.166	0.832	0.001
0.001	0.997	0.001	0.001
0.001	0.001	0.832	0.166
0.832	0.001	0.166	0.001
0.001	0.997	0.001	0.001
0.001	0.832	0.001	0.166
0.001	0.997	0.001	0.001
0.997	0.001	0.001	0.001
0.001	0.001	0.832	0.166
>GGCGTTAAAA	5-GGCGTTAAAA	10.862146	-17.527158	0	T:8.0(6.50%),B:9.8(0.40%),P:1e-7	Tpos:116.3,Tstd:61.3,Bpos:117.7,Bstd:94.9,StrandBias:1.0,Multiplicity:1.12
0.278	0.097	0.624	0.001
0.001	0.001	0.997	0.001
0.001	0.874	0.124	0.001
0.001	0.001	0.997	0.001
0.001	0.125	0.125	0.749
0.001	0.001	0.001	0.997
0.874	0.124	0.001	0.001
0.997	0.001	0.001	0.001
0.997	0.001	0.001	0.001
0.997	0.001	0.001	0.001
>AATCAAAATG	6-AATCAAAATG	10.198405	-14.891794	0	T:12.0(9.76%),B:37.0(1.52%),P:1e-6	Tpos:137.4,Tstd:65.1,Bpos:115.6,Bstd:70.0,StrandBias:1.1,Multiplicity:1.33
0.919	0.001	0.001	0.079
0.807	0.001	0.123	0.069
0.001	0.001	0.001	0.997
0.001	0.893	0.061	0.045
0.876	0.122	0.001	0.001
0.929	0.001	0.069	0.001
0.876	0.001	0.122	0.001
0.842	0.001	0.096	0.061
0.001	0.001	0.001	0.997
0.049	0.001	0.949	0.001
>ATAGGCTACT	7-ATAGGCTACT	10.965422	-14.429337	0	T:5.0(4.07%),B:3.7(0.15%),P:1e-6	Tpos:145.0,Tstd:47.5,Bpos:144.1,Bstd:54.3,StrandBias:-1.6,Multiplicity:1.60
0.997	0.001	0.001	0.001
0.001	0.001	0.137	0.861
0.553	0.001	0.138	0.308
0.001	0.001	0.997	0.001
0.001	0.001	0.997	0.001
0.001	0.997	0.001	0.001
0.001	0.001	0.001	0.997
0.861	0.001	0.001	0.137
0.137	0.861	0.001	0.001
0.001	0.001	0.001	0.997
>TGATGTATTG	8-TGATGTATTG	9.977127	-13.233171	0	T:6.0(4.88%),B:7.2(0.30%),P:1e-5	Tpos:106.8,Tstd:68.4,Bpos:153.0,Bstd:67.1,StrandBias:2.2,Multiplicity:1.83
0.001	0.001	0.001	0.997
0.001	0.001	0.997	0.001
0.768	0.001	0.001	0.230
0.230	0.001	0.001	0.768
0.001	0.001	0.997	0.001
0.001	0.066	0.001	0.932
0.997	0.001	0.001	0.001
0.001	0.231	0.231	0.537
0.001	0.001	0.001	0.997
0.001	0.001	0.997	0.001
>TCACCCTACC	9-TCACCCTACC	10.623947	-12.478097	0	T:4.0(3.25%),B:2.8(0.11%),P:1e-5	Tpos:135.5,Tstd:56.8,Bpos:96.0,Bstd:44.1,StrandBias:1.6,Multiplicity:2.00
0.001	0.001	0.001	0.997
0.001	0.997	0.001	0.001
0.997	0.001	0.001	0.001
0.001	0.997	0.001	0.001
0.123	0.875	0.001	0.001
0.123	0.875	0.001	0.001
0.001	0.001	0.001	0.997
0.997	0.001	0.001	0.001
0.372	0.626	0.001	0.001
0.001	0.997	0.001	0.001
>AAACGCATCA	10-AAACGCATCA	10.296193	-12.478097	0	T:4.0(3.25%),B:2.3(0.10%),P:1e-5	Tpos:156.5,Tstd:59.9,Bpos:157.1,Bstd:58.4,StrandBias:-1.6,Multiplicity:1.00
0.700	0.100	0.100	0.100
0.700	0.100	0.100	0.100
0.700	0.100	0.100	0.100
0.100	0.700	0.100	0.100
0.100	0.100	0.700	0.100
0.100	0.700	0.100	0.100
0.700	0.100	0.100	0.100
0.100	0.100	0.100	0.700
0.100	0.700	0.100	0.100
0.700	0.100	0.100	0.100
>CTTKCCCTAC	11-CTTKCCCTAC	11.737511	-10.812224	0	T:3.0(2.44%),B:1.2(0.05%),P:1e-4	Tpos:86.7,Tstd:22.3,Bpos:125.0,Bstd:0.0,StrandBias:1.0,Multiplicity:1.00
0.001	0.997	0.001	0.001
0.001	0.001	0.001	0.997
0.001	0.121	0.001	0.877
0.142	0.001	0.429	0.429
0.001	0.997	0.001	0.001
0.001	0.997	0.001	0.001
0.001	0.997	0.001	0.001
0.001	0.001	0.001	0.997
0.997	0.001	0.001	0.001
0.019	0.979	0.001	0.001
>CTGTGAGAAA	12-CTGTGAGAAA	11.914484	-5.353640	0	T:2.0(1.63%),B:2.3(0.09%),P:1e-2	Tpos:95.7,Tstd:73.7,Bpos:120.9,Bstd:38.3,StrandBias:-10.0,Multiplicity:3.00
0.001	0.997	0.001	0.001
0.001	0.001	0.001	0.997
0.001	0.001	0.820	0.178
0.001	0.001	0.001	0.997
0.001	0.001	0.820	0.178
0.997	0.001	0.001	0.001
0.001	0.001	0.997	0.001
0.997	0.001	0.001	0.001
0.997	0.001	0.001	0.001
0.997	0.001	0.001	0.001
