>CAGGTACCTGYT	1-CAGGTACCTGYT	9.951759	-173.085138	0	T:55.0(4.00%),B:1.5(0.10%),P:1e-75	Tpos:128.8,Tstd:40.5,Bpos:169.8,Bstd:40.9,StrandBias:-0.6,Multiplicity:1.00
0.236	0.648	0.001	0.115
0.453	0.098	0.189	0.259
0.290	0.001	0.641	0.068
0.114	0.023	0.746	0.117
0.001	0.022	0.001	0.976
0.997	0.001	0.001	0.001
0.001	0.997	0.001	0.001
0.001	0.997	0.001	0.001
0.094	0.091	0.045	0.770
0.001	0.001	0.976	0.022
0.045	0.362	0.091	0.502
0.144	0.144	0.093	0.619
>CCACCTGTADAC	2-CCACCTGTADAC	7.892269	-110.038456	0	T:39.0(2.83%),B:1.9(0.13%),P:1e-47	Tpos:120.8,Tstd:51.7,Bpos:132.3,Bstd:43.6,StrandBias:1.4,Multiplicity:1.00
0.210	0.508	0.156	0.126
0.171	0.611	0.055	0.163
0.819	0.094	0.040	0.047
0.075	0.813	0.047	0.065
0.242	0.583	0.037	0.138
0.141	0.080	0.124	0.655
0.132	0.136	0.650	0.082
0.124	0.200	0.071	0.605
0.556	0.109	0.137	0.198
0.302	0.126	0.355	0.217
0.570	0.128	0.135	0.167
0.202	0.485	0.126	0.187
>ACAGGTGGCGCA	3-ACAGGTGGCGCA	9.979641	-102.723805	0	T:45.0(3.27%),B:2.5(0.18%),P:1e-44	Tpos:136.5,Tstd:41.9,Bpos:111.3,Bstd:29.0,StrandBias:0.4,Multiplicity:1.02
0.873	0.001	0.125	0.001
0.025	0.924	0.050	0.001
0.499	0.001	0.342	0.158
0.050	0.025	0.924	0.001
0.001	0.075	0.874	0.050
0.001	0.025	0.001	0.973
0.025	0.001	0.916	0.058
0.025	0.025	0.900	0.050
0.001	0.870	0.025	0.104
0.267	0.108	0.444	0.181
0.164	0.556	0.230	0.050
0.721	0.050	0.100	0.129
>TGTTAATAATTA	4-TGTTAATAATTA	11.627383	-95.234144	0	T:35.0(2.54%),B:0.9(0.06%),P:1e-41	Tpos:135.8,Tstd:59.8,Bpos:183.0,Bstd:0.0,StrandBias:-0.1,Multiplicity:1.03
0.001	0.295	0.001	0.703
0.148	0.001	0.775	0.076
0.220	0.001	0.001	0.778
0.123	0.001	0.240	0.636
0.960	0.038	0.001	0.001
0.989	0.001	0.001	0.009
0.001	0.095	0.001	0.903
0.740	0.001	0.001	0.258
0.960	0.001	0.038	0.001
0.075	0.001	0.001	0.923
0.001	0.001	0.001	0.997
0.656	0.202	0.085	0.057
>TNCATAAATAAT	5-TNCATAAATAAT	8.676503	-89.510515	0	T:202.0(14.68%),B:75.4(5.21%),P:1e-38	Tpos:129.5,Tstd:67.9,Bpos:119.9,Bstd:73.0,StrandBias:-0.0,Multiplicity:1.10
0.313	0.033	0.045	0.609
0.270	0.178	0.305	0.247
0.022	0.674	0.001	0.303
0.955	0.043	0.001	0.001
0.129	0.001	0.089	0.781
0.486	0.290	0.105	0.119
0.988	0.010	0.001	0.001
0.944	0.001	0.001	0.054
0.022	0.151	0.001	0.826
0.866	0.001	0.001	0.132
0.649	0.001	0.001	0.349
0.001	0.001	0.001	0.997
>CCCGCAACCCGC	6-CCCGCAACCCGC	7.751568	-88.156589	0	T:55.0(4.00%),B:5.9(0.41%),P:1e-38	Tpos:117.3,Tstd:51.2,Bpos:155.6,Bstd:39.0,StrandBias:-0.3,Multiplicity:1.15
0.110	0.762	0.087	0.041
0.118	0.732	0.058	0.092
0.115	0.716	0.048	0.121
0.151	0.092	0.659	0.098
0.087	0.768	0.046	0.099
0.747	0.126	0.040	0.087
0.769	0.081	0.058	0.092
0.128	0.756	0.058	0.058
0.058	0.844	0.046	0.052
0.081	0.694	0.052	0.173
0.063	0.081	0.735	0.121
0.046	0.833	0.046	0.075
>CCCGCCGAGAAG	7-CCCGCCGAGAAG	9.234575	-84.431777	0	T:32.0(2.33%),B:1.2(0.08%),P:1e-36	Tpos:129.4,Tstd:68.9,Bpos:129.2,Bstd:47.5,StrandBias:0.7,Multiplicity:1.00
0.155	0.773	0.071	0.001
0.332	0.527	0.001	0.140
0.062	0.608	0.196	0.134
0.001	0.216	0.782	0.001
0.001	0.847	0.001	0.151
0.188	0.659	0.001	0.152
0.124	0.001	0.804	0.071
0.735	0.263	0.001	0.001
0.001	0.001	0.997	0.001
0.830	0.018	0.090	0.062
0.863	0.001	0.074	0.062
0.001	0.001	0.997	0.001
>TTTTGCAGGTTC	8-TTTTGCAGGTTC	9.219494	-83.564538	0	T:49.0(3.56%),B:4.7(0.33%),P:1e-36	Tpos:131.2,Tstd:73.0,Bpos:119.6,Bstd:55.2,StrandBias:-0.5,Multiplicity:1.04
0.029	0.059	0.029	0.883
0.029	0.122	0.059	0.790
0.028	0.001	0.001	0.970
0.029	0.059	0.029	0.883
0.001	0.029	0.912	0.058
0.001	0.911	0.087	0.001
0.870	0.063	0.001	0.066
0.062	0.059	0.743	0.136
0.029	0.218	0.724	0.029
0.058	0.001	0.062	0.879
0.088	0.125	0.133	0.654
0.121	0.672	0.132	0.075
>TGGGNACCAGCC	9-TGGGNACCAGCC	10.152114	-80.892708	0	T:31.0(2.25%),B:0.0(0.00%),P:1e-35	Tpos:116.5,Tstd:36.5,Bpos:0.0,Bstd:0.0,StrandBias:-0.3,Multiplicity:1.00
0.001	0.001	0.001	0.997
0.107	0.001	0.750	0.142
0.001	0.001	0.997	0.001
0.256	0.110	0.488	0.146
0.230	0.327	0.223	0.220
0.963	0.001	0.001	0.035
0.001	0.997	0.001	0.001
0.071	0.703	0.187	0.039
0.749	0.001	0.001	0.249
0.001	0.001	0.997	0.001
0.036	0.667	0.184	0.113
0.001	0.711	0.001	0.287
>MTTCAACCTGCT	10-MTTCAACCTGCT	9.747170	-68.937189	0	T:34.0(2.47%),B:2.7(0.19%),P:1e-29	Tpos:136.7,Tstd:56.5,Bpos:71.4,Bstd:19.1,StrandBias:0.0,Multiplicity:1.06
0.383	0.469	0.001	0.146
0.235	0.129	0.038	0.598
0.151	0.091	0.001	0.757
0.020	0.742	0.003	0.235
0.651	0.258	0.073	0.018
0.928	0.001	0.035	0.036
0.035	0.910	0.020	0.035
0.201	0.673	0.108	0.018
0.056	0.018	0.091	0.835
0.056	0.071	0.835	0.038
0.035	0.766	0.019	0.180
0.001	0.020	0.001	0.978
>ACCMRCAAWTGT	11-ACCMRCAAWTGT	10.007642	-54.710981	0	T:29.0(2.11%),B:2.0(0.14%),P:1e-23	Tpos:135.9,Tstd:66.3,Bpos:152.0,Bstd:77.2,StrandBias:-0.2,Multiplicity:1.59
0.600	0.037	0.164	0.199
0.237	0.600	0.001	0.162
0.001	0.925	0.001	0.073
0.325	0.450	0.001	0.224
0.531	0.001	0.467	0.001
0.112	0.850	0.001	0.037
0.888	0.001	0.001	0.110
0.962	0.001	0.001	0.036
0.517	0.037	0.043	0.403
0.001	0.036	0.001	0.962
0.199	0.138	0.620	0.043
0.001	0.168	0.001	0.830
>TAYGRCCACCAG	12-TAYGRCCACCAG	8.561732	-49.254726	0	T:27.0(1.96%),B:2.6(0.18%),P:1e-21	Tpos:136.0,Tstd:31.8,Bpos:174.7,Bstd:41.3,StrandBias:0.4,Multiplicity:1.04
0.205	0.243	0.009	0.543
0.683	0.117	0.186	0.014
0.019	0.451	0.149	0.382
0.182	0.155	0.416	0.248
0.341	0.014	0.463	0.182
0.014	0.817	0.155	0.014
0.168	0.729	0.094	0.009
0.879	0.009	0.098	0.014
0.014	0.878	0.019	0.089
0.290	0.519	0.186	0.005
0.552	0.154	0.093	0.201
0.168	0.112	0.626	0.094
>CTMATTRRTTAT	13-CTMATTRRTTAT	12.003075	-47.483368	0	T:21.0(1.53%),B:1.9(0.13%),P:1e-20	Tpos:122.7,Tstd:46.2,Bpos:75.4,Bstd:17.6,StrandBias:0.3,Multiplicity:1.32
0.101	0.897	0.001	0.001
0.001	0.001	0.001	0.997
0.533	0.396	0.070	0.001
0.997	0.001	0.001	0.001
0.001	0.001	0.001	0.997
0.001	0.001	0.001	0.997
0.522	0.001	0.476	0.001
0.463	0.001	0.535	0.001
0.001	0.001	0.001	0.997
0.067	0.001	0.001	0.931
0.897	0.001	0.101	0.001
0.001	0.001	0.001	0.997
>CGGCAGTGGATC	14-CGGCAGTGGATC	8.023429	-47.483368	0	T:21.0(1.53%),B:1.9(0.13%),P:1e-20	Tpos:122.8,Tstd:62.1,Bpos:129.9,Bstd:62.0,StrandBias:-0.3,Multiplicity:1.05
0.029	0.825	0.059	0.087
0.149	0.128	0.613	0.110
0.097	0.078	0.746	0.079
0.129	0.706	0.058	0.107
0.823	0.039	0.039	0.099
0.117	0.078	0.754	0.051
0.117	0.068	0.080	0.735
0.058	0.019	0.815	0.108
0.098	0.068	0.776	0.058
0.715	0.070	0.058	0.157
0.098	0.049	0.061	0.792
0.108	0.722	0.050	0.120
>TCCGTCGGAATG	15-TCCGTCGGAATG	7.818633	-46.581348	0	T:26.0(1.89%),B:2.8(0.19%),P:1e-20	Tpos:127.0,Tstd:76.5,Bpos:185.8,Bstd:63.8,StrandBias:0.5,Multiplicity:1.04
0.071	0.103	0.047	0.779
0.072	0.758	0.081	0.089
0.064	0.738	0.103	0.095
0.119	0.110	0.676	0.095
0.096	0.042	0.057	0.805
0.157	0.613	0.111	0.119
0.088	0.071	0.745	0.096
0.150	0.102	0.653	0.095
0.791	0.095	0.050	0.064
0.825	0.032	0.055	0.088
0.049	0.056	0.071	0.824
0.094	0.032	0.810	0.064
>ACATAGTCTGTA	16-ACATAGTCTGTA	9.169980	-44.372441	0	T:20.0(1.45%),B:1.0(0.07%),P:1e-19	Tpos:148.8,Tstd:62.1,Bpos:43.0,Bstd:0.0,StrandBias:0.4,Multiplicity:1.30
0.811	0.061	0.061	0.067
0.113	0.688	0.082	0.117
0.822	0.041	0.081	0.056
0.166	0.067	0.106	0.661
0.800	0.036	0.062	0.102
0.170	0.110	0.602	0.118
0.072	0.051	0.046	0.831
0.102	0.645	0.077	0.176
0.082	0.061	0.031	0.826
0.093	0.051	0.708	0.148
0.066	0.082	0.010	0.842
0.776	0.056	0.066	0.102
>CTTATATTTTTT	17-CTTATATTTTTT	12.159192	-44.372441	0	T:20.0(1.45%),B:1.1(0.08%),P:1e-19	Tpos:143.2,Tstd:84.2,Bpos:231.0,Bstd:0.0,StrandBias:0.9,Multiplicity:1.00
0.030	0.670	0.001	0.299
0.070	0.001	0.001	0.928
0.142	0.071	0.001	0.786
0.715	0.142	0.001	0.142
0.001	0.001	0.001	0.997
0.928	0.001	0.001	0.070
0.071	0.001	0.071	0.857
0.001	0.001	0.001	0.997
0.001	0.001	0.001	0.997
0.001	0.001	0.001	0.997
0.070	0.001	0.001	0.928
0.001	0.001	0.001	0.997
>TAAATGTTTAAT	18-TAAATGTTTAAT	12.202847	-43.946238	0	T:25.0(1.82%),B:2.5(0.18%),P:1e-19	Tpos:123.5,Tstd:55.4,Bpos:156.2,Bstd:10.7,StrandBias:1.1,Multiplicity:1.00
0.001	0.001	0.001	0.997
0.883	0.001	0.030	0.086
0.969	0.001	0.001	0.029
0.969	0.001	0.029	0.001
0.001	0.001	0.001	0.997
0.360	0.001	0.553	0.086
0.001	0.001	0.001	0.997
0.001	0.001	0.001	0.997
0.001	0.001	0.001	0.997
0.939	0.030	0.001	0.030
0.997	0.001	0.001	0.001
0.001	0.030	0.030	0.939
>TGTGGGCAAACT	19-TGTGGGCAAACT	8.463612	-39.113911	0	T:46.0(3.34%),B:10.9(0.75%),P:1e-16	Tpos:128.1,Tstd:67.9,Bpos:107.5,Bstd:57.1,StrandBias:0.1,Multiplicity:1.00
0.100	0.100	0.100	0.700
0.100	0.100	0.700	0.100
0.100	0.100	0.100	0.700
0.100	0.100	0.700	0.100
0.100	0.100	0.700	0.100
0.100	0.100	0.700	0.100
0.100	0.700	0.100	0.100
0.700	0.100	0.100	0.100
0.700	0.100	0.100	0.100
0.700	0.100	0.100	0.100
0.100	0.700	0.100	0.100
0.100	0.100	0.100	0.700
>ACTRGTGACAAW	20-ACTRGTGACAAW	10.326472	-38.796754	0	T:23.0(1.67%),B:3.0(0.20%),P:1e-16	Tpos:144.5,Tstd:63.3,Bpos:115.5,Bstd:96.8,StrandBias:0.4,Multiplicity:1.27
0.997	0.001	0.001	0.001
0.001	0.997	0.001	0.001
0.167	0.001	0.001	0.831
0.457	0.026	0.490	0.026
0.001	0.001	0.997	0.001
0.001	0.001	0.001	0.997
0.001	0.001	0.997	0.001
0.653	0.310	0.036	0.001
0.001	0.857	0.141	0.001
0.946	0.052	0.001	0.001
0.663	0.001	0.001	0.335
0.464	0.168	0.001	0.368
>GRATCCGAAAMG	21-GRATCCGAAAMG	9.452376	-38.300984	0	T:18.0(1.31%),B:1.9(0.13%),P:1e-16	Tpos:127.4,Tstd:77.0,Bpos:90.5,Bstd:50.1,StrandBias:1.3,Multiplicity:1.33
0.246	0.001	0.563	0.190
0.376	0.001	0.464	0.160
0.699	0.001	0.060	0.240
0.001	0.029	0.001	0.969
0.001	0.997	0.001	0.001
0.001	0.997	0.001	0.001
0.001	0.001	0.997	0.001
0.997	0.001	0.001	0.001
0.656	0.001	0.342	0.001
0.546	0.090	0.363	0.001
0.456	0.453	0.090	0.001
0.276	0.030	0.514	0.180
>ATTWTKAAAACA	22-ATTWTKAAAACA	11.988291	-36.285649	0	T:22.0(1.60%),B:2.8(0.19%),P:1e-15	Tpos:118.0,Tstd:51.2,Bpos:193.9,Bstd:38.1,StrandBias:-0.1,Multiplicity:1.00
0.917	0.001	0.081	0.001
0.001	0.001	0.001	0.997
0.001	0.009	0.001	0.989
0.496	0.144	0.001	0.360
0.055	0.010	0.001	0.934
0.072	0.072	0.360	0.496
0.855	0.072	0.072	0.001
0.997	0.001	0.001	0.001
0.997	0.001	0.001	0.001
0.917	0.081	0.001	0.001
0.287	0.711	0.001	0.001
0.989	0.001	0.001	0.009
>ATTAATTAATGA	23-ATTAATTAATGA	10.604258	-34.353065	0	T:28.0(2.03%),B:4.9(0.34%),P:1e-14	Tpos:120.5,Tstd:54.5,Bpos:139.6,Bstd:50.7,StrandBias:0.2,Multiplicity:1.00
0.795	0.060	0.059	0.086
0.218	0.058	0.054	0.670
0.109	0.078	0.059	0.754
0.764	0.068	0.058	0.110
0.811	0.040	0.036	0.113
0.124	0.042	0.058	0.776
0.107	0.103	0.069	0.721
0.779	0.078	0.046	0.097
0.716	0.054	0.065	0.165
0.079	0.046	0.035	0.840
0.129	0.083	0.560	0.228
0.816	0.068	0.036	0.080
>GAAATGTTTTGA	24-GAAATGTTTTGA	10.734335	-31.399980	0	T:20.0(1.45%),B:2.9(0.20%),P:1e-13	Tpos:107.8,Tstd:72.3,Bpos:182.2,Bstd:69.6,StrandBias:0.9,Multiplicity:1.05
0.166	0.020	0.712	0.102
0.791	0.102	0.084	0.023
0.875	0.102	0.003	0.020
0.837	0.041	0.061	0.061
0.061	0.061	0.041	0.837
0.023	0.001	0.956	0.020
0.020	0.081	0.001	0.898
0.102	0.061	0.041	0.796
0.041	0.041	0.082	0.836
0.023	0.020	0.020	0.937
0.064	0.064	0.790	0.082
0.779	0.105	0.061	0.055
>TGAATAACAAAA	25-TGAATAACAAAA	10.409522	-29.029638	0	T:19.0(1.38%),B:2.3(0.16%),P:1e-12	Tpos:142.8,Tstd:70.4,Bpos:102.6,Bstd:78.0,StrandBias:-0.1,Multiplicity:1.21
0.100	0.100	0.100	0.700
0.100	0.100	0.700	0.100
0.700	0.100	0.100	0.100
0.700	0.100	0.100	0.100
0.100	0.100	0.100	0.700
0.700	0.100	0.100	0.100
0.700	0.100	0.100	0.100
0.100	0.700	0.100	0.100
0.700	0.100	0.100	0.100
0.700	0.100	0.100	0.100
0.700	0.100	0.100	0.100
0.700	0.100	0.100	0.100
