>TTGCAGGT	1-TTGCAGGT	5.571888	-153.000713	0	T:630.0(45.78%),B:352.7(24.37%),P:1e-66	Tpos:127.1,Tstd:59.9,Bpos:123.7,Bstd:72.4,StrandBias:-0.1,Multiplicity:1.37
0.273	0.151	0.095	0.480
0.244	0.110	0.001	0.645
0.106	0.037	0.820	0.037
0.001	0.854	0.067	0.078
0.640	0.021	0.142	0.197
0.087	0.001	0.812	0.100
0.001	0.001	0.997	0.001
0.001	0.001	0.023	0.975
>CTGGTGGC	2-CTGGTGGC	8.035168	-88.726998	0	T:99.0(7.19%),B:20.7(1.43%),P:1e-38	Tpos:125.5,Tstd:44.3,Bpos:115.0,Bstd:63.9,StrandBias:-0.0,Multiplicity:1.03
0.001	0.997	0.001	0.001
0.375	0.001	0.001	0.623
0.001	0.077	0.921	0.001
0.001	0.001	0.997	0.001
0.001	0.001	0.001	0.997
0.001	0.001	0.997	0.001
0.001	0.001	0.997	0.001
0.001	0.997	0.001	0.001
>ACCGGTTT	3-ACCGGTTT	8.106562	-58.427516	0	T:126.0(9.16%),B:45.6(3.15%),P:1e-25	Tpos:124.4,Tstd:64.1,Bpos:143.2,Bstd:77.8,StrandBias:0.0,Multiplicity:1.11
0.938	0.048	0.013	0.001
0.001	0.977	0.021	0.001
0.034	0.755	0.185	0.026
0.151	0.047	0.578	0.224
0.001	0.001	0.971	0.027
0.137	0.001	0.001	0.861
0.001	0.001	0.001	0.997
0.014	0.015	0.017	0.954
>AGAACSGG	4-AGAACSGG	7.881339	-52.736622	0	T:54.0(3.92%),B:10.4(0.72%),P:1e-22	Tpos:125.4,Tstd:69.4,Bpos:132.4,Bstd:61.8,StrandBias:0.8,Multiplicity:1.04
0.997	0.001	0.001	0.001
0.001	0.153	0.845	0.001
0.941	0.001	0.057	0.001
0.908	0.001	0.001	0.090
0.173	0.825	0.001	0.001
0.001	0.329	0.449	0.220
0.143	0.001	0.855	0.001
0.001	0.001	0.845	0.153
>TAACCGCC	5-TAACCGCC	7.475226	-43.946238	0	T:25.0(1.82%),B:2.6(0.18%),P:1e-19	Tpos:103.3,Tstd:67.8,Bpos:79.0,Bstd:17.6,StrandBias:0.7,Multiplicity:1.04
0.147	0.091	0.167	0.595
0.659	0.112	0.128	0.101
0.888	0.038	0.001	0.073
0.065	0.743	0.115	0.077
0.001	0.767	0.075	0.157
0.150	0.036	0.783	0.031
0.011	0.824	0.087	0.078
0.120	0.749	0.130	0.001
>AATTCTTA	6-AATTCTTA	6.976172	-42.578237	0	T:264.0(19.19%),B:159.1(11.00%),P:1e-18	Tpos:124.2,Tstd:71.8,Bpos:129.7,Bstd:90.0,StrandBias:-0.1,Multiplicity:1.15
0.936	0.051	0.012	0.001
0.889	0.001	0.066	0.044
0.018	0.001	0.001	0.980
0.001	0.059	0.029	0.911
0.241	0.683	0.032	0.044
0.001	0.021	0.012	0.966
0.078	0.179	0.036	0.707
0.926	0.024	0.016	0.034
>TCAACRYG	7-TCAACRYG	6.236353	-42.573696	0	T:87.0(6.32%),B:30.8(2.13%),P:1e-18	Tpos:126.7,Tstd:69.1,Bpos:126.7,Bstd:67.2,StrandBias:0.1,Multiplicity:1.10
0.001	0.001	0.001	0.997
0.001	0.970	0.028	0.001
0.997	0.001	0.001	0.001
0.997	0.001	0.001	0.001
0.001	0.967	0.001	0.031
0.458	0.001	0.540	0.001
0.001	0.573	0.001	0.425
0.001	0.001	0.997	0.001
>CCAGTGGG	8-CCAGTGGG	8.883505	-41.310824	0	T:19.0(1.38%),B:1.9(0.13%),P:1e-17	Tpos:135.5,Tstd:56.5,Bpos:99.0,Bstd:8.9,StrandBias:-0.7,Multiplicity:1.00
0.001	0.997	0.001	0.001
0.001	0.997	0.001	0.001
0.963	0.001	0.035	0.001
0.001	0.190	0.808	0.001
0.001	0.189	0.001	0.809
0.035	0.001	0.963	0.001
0.001	0.001	0.997	0.001
0.001	0.104	0.779	0.116
>GTTTAGGA	9-GTTTAGGA	7.238104	-41.047435	0	T:77.0(5.60%),B:25.2(1.74%),P:1e-17	Tpos:126.6,Tstd:75.4,Bpos:128.6,Bstd:76.6,StrandBias:-0.6,Multiplicity:1.01
0.001	0.140	0.858	0.001
0.001	0.001	0.001	0.997
0.001	0.001	0.001	0.997
0.001	0.042	0.001	0.956
0.715	0.126	0.001	0.158
0.001	0.001	0.997	0.001
0.001	0.001	0.997	0.001
0.834	0.001	0.001	0.164
>GTGCACGC	10-GTGCACGC	4.072456	-37.790464	0	T:91.0(6.61%),B:35.9(2.48%),P:1e-16	Tpos:133.0,Tstd:62.7,Bpos:114.1,Bstd:77.3,StrandBias:-0.1,Multiplicity:1.20
0.001	0.086	0.912	0.001
0.001	0.001	0.001	0.997
0.001	0.001	0.997	0.001
0.001	0.937	0.012	0.050
0.997	0.001	0.001	0.001
0.001	0.997	0.001	0.001
0.001	0.001	0.997	0.001
0.001	0.997	0.001	0.001
>CATTGCTG	11-CATTGCTG	7.975027	-35.185910	0	T:34.0(2.47%),B:6.8(0.47%),P:1e-15	Tpos:125.6,Tstd:68.8,Bpos:152.1,Bstd:48.4,StrandBias:1.0,Multiplicity:1.00
0.001	0.997	0.001	0.001
0.997	0.001	0.001	0.001
0.001	0.281	0.001	0.717
0.001	0.001	0.001	0.997
0.001	0.001	0.997	0.001
0.001	0.997	0.001	0.001
0.001	0.063	0.001	0.935
0.001	0.001	0.997	0.001
>TGGATGTA	12-TGGATGTA	6.800624	-28.408675	0	T:25.0(1.82%),B:4.8(0.33%),P:1e-12	Tpos:105.1,Tstd:63.6,Bpos:111.9,Bstd:29.5,StrandBias:0.5,Multiplicity:1.00
0.001	0.001	0.001	0.997
0.001	0.001	0.997	0.001
0.001	0.001	0.997	0.001
0.997	0.001	0.001	0.001
0.001	0.001	0.014	0.984
0.001	0.001	0.997	0.001
0.001	0.001	0.001	0.997
0.997	0.001	0.001	0.001
>GATGAGGT	13-GATGAGGT	8.236954	-26.710789	0	T:18.0(1.31%),B:2.3(0.16%),P:1e-11	Tpos:142.3,Tstd:72.0,Bpos:180.7,Bstd:42.8,StrandBias:0.0,Multiplicity:1.00
0.100	0.100	0.700	0.100
0.700	0.100	0.100	0.100
0.100	0.100	0.100	0.700
0.100	0.100	0.700	0.100
0.700	0.100	0.100	0.100
0.100	0.100	0.700	0.100
0.100	0.100	0.700	0.100
0.100	0.100	0.100	0.700
>GGTTTACA	14-GGTTTACA	9.494286	-26.504213	0	T:24.0(1.74%),B:4.1(0.28%),P:1e-11	Tpos:149.4,Tstd:59.4,Bpos:108.9,Bstd:61.0,StrandBias:0.6,Multiplicity:1.00
0.001	0.001	0.997	0.001
0.001	0.001	0.997	0.001
0.001	0.001	0.001	0.997
0.001	0.001	0.207	0.791
0.001	0.001	0.001	0.997
0.997	0.001	0.001	0.001
0.001	0.997	0.001	0.001
0.997	0.001	0.001	0.001
>ATGCGGGC	15-ATGCGGGC	6.869617	-24.446111	0	T:17.0(1.24%),B:2.2(0.15%),P:1e-10	Tpos:127.1,Tstd:67.2,Bpos:185.3,Bstd:34.1,StrandBias:0.5,Multiplicity:1.00
0.997	0.001	0.001	0.001
0.001	0.001	0.001	0.997
0.001	0.001	0.997	0.001
0.001	0.997	0.001	0.001
0.001	0.015	0.983	0.001
0.001	0.001	0.997	0.001
0.001	0.001	0.997	0.001
0.001	0.997	0.001	0.001
>AAGRATTC	16-AAGRATTC	8.634657	-24.438497	0	T:59.0(4.29%),B:23.2(1.61%),P:1e-10	Tpos:138.6,Tstd:77.3,Bpos:101.4,Bstd:66.5,StrandBias:-0.1,Multiplicity:1.02
0.722	0.230	0.001	0.047
0.997	0.001	0.001	0.001
0.001	0.001	0.997	0.001
0.478	0.001	0.520	0.001
0.997	0.001	0.001	0.001
0.001	0.001	0.001	0.997
0.001	0.232	0.001	0.766
0.001	0.997	0.001	0.001
>TGTAAAGG	17-TGTAAAGG	9.904570	-22.722993	0	T:31.0(2.25%),B:8.5(0.59%),P:1e-9	Tpos:157.2,Tstd:60.7,Bpos:123.0,Bstd:64.6,StrandBias:0.3,Multiplicity:1.00
0.001	0.001	0.001	0.997
0.001	0.001	0.997	0.001
0.001	0.001	0.001	0.997
0.997	0.001	0.001	0.001
0.686	0.001	0.001	0.312
0.997	0.001	0.001	0.001
0.001	0.001	0.997	0.001
0.001	0.001	0.997	0.001
>ATTCCGAA	18-ATTCCGAA	8.236954	-22.238580	0	T:16.0(1.16%),B:2.9(0.20%),P:1e-9	Tpos:134.2,Tstd:74.7,Bpos:95.1,Bstd:28.1,StrandBias:0.2,Multiplicity:1.00
0.700	0.100	0.100	0.100
0.100	0.100	0.100	0.700
0.100	0.100	0.100	0.700
0.100	0.700	0.100	0.100
0.100	0.700	0.100	0.100
0.100	0.100	0.700	0.100
0.700	0.100	0.100	0.100
0.700	0.100	0.100	0.100
>GTAGACCA	19-GTAGACCA	9.138301	-22.238580	0	T:16.0(1.16%),B:2.8(0.19%),P:1e-9	Tpos:102.0,Tstd:61.3,Bpos:132.2,Bstd:63.5,StrandBias:-0.8,Multiplicity:1.27
0.001	0.001	0.997	0.001
0.001	0.001	0.001	0.997
0.997	0.001	0.001	0.001
0.001	0.001	0.997	0.001
0.997	0.001	0.001	0.001
0.001	0.997	0.001	0.001
0.001	0.853	0.145	0.001
0.997	0.001	0.001	0.001
>CAATGCGT	20-CAATGCGT	8.863068	-22.041607	0	T:24.0(1.74%),B:6.0(0.41%),P:1e-9	Tpos:123.1,Tstd:62.8,Bpos:148.3,Bstd:64.0,StrandBias:-0.2,Multiplicity:1.09
0.001	0.997	0.001	0.001
0.997	0.001	0.001	0.001
0.997	0.001	0.001	0.001
0.001	0.001	0.001	0.997
0.001	0.001	0.997	0.001
0.001	0.884	0.001	0.114
0.001	0.001	0.997	0.001
0.035	0.001	0.001	0.963
>GTTCAGCC	21-GTTCAGCC	6.559462	-21.043345	0	T:21.0(1.53%),B:4.5(0.31%),P:1e-9	Tpos:125.2,Tstd:70.9,Bpos:103.3,Bstd:49.1,StrandBias:0.4,Multiplicity:1.30
0.001	0.001	0.997	0.001
0.001	0.001	0.001	0.997
0.001	0.001	0.001	0.997
0.001	0.997	0.001	0.001
0.997	0.001	0.001	0.001
0.001	0.001	0.997	0.001
0.011	0.706	0.001	0.282
0.001	0.997	0.001	0.001
>CCTGTGAA	22-CCTGTGAA	8.840953	-20.873787	0	T:57.0(4.14%),B:24.0(1.66%),P:1e-9	Tpos:126.4,Tstd:71.6,Bpos:141.1,Bstd:83.0,StrandBias:0.9,Multiplicity:1.34
0.001	0.997	0.001	0.001
0.160	0.838	0.001	0.001
0.001	0.153	0.001	0.845
0.001	0.001	0.997	0.001
0.163	0.001	0.001	0.835
0.001	0.001	0.997	0.001
0.997	0.001	0.001	0.001
0.997	0.001	0.001	0.001
>CTCCCGCA	23-CTCCCGCA	8.271503	-19.313220	0	T:20.0(1.45%),B:4.4(0.30%),P:1e-8	Tpos:135.3,Tstd:56.6,Bpos:133.6,Bstd:67.5,StrandBias:1.8,Multiplicity:1.15
0.062	0.608	0.329	0.001
0.001	0.001	0.018	0.980
0.001	0.997	0.001	0.001
0.001	0.997	0.001	0.001
0.001	0.997	0.001	0.001
0.001	0.001	0.997	0.001
0.001	0.997	0.001	0.001
0.997	0.001	0.001	0.001
>TGAGGTAA	24-TGAGGTAA	8.236954	-13.202242	0	T:14.0(1.02%),B:3.5(0.24%),P:1e-5	Tpos:144.8,Tstd:55.4,Bpos:168.1,Bstd:42.4,StrandBias:-1.3,Multiplicity:1.00
0.100	0.100	0.100	0.700
0.100	0.100	0.700	0.100
0.700	0.100	0.100	0.100
0.100	0.100	0.700	0.100
0.100	0.100	0.700	0.100
0.100	0.100	0.100	0.700
0.700	0.100	0.100	0.100
0.700	0.100	0.100	0.100
>TGCCTACA	25-TGCCTACA	6.869617	-13.171983	0	T:22.0(1.60%),B:7.1(0.49%),P:1e-5	Tpos:111.9,Tstd:83.3,Bpos:135.6,Bstd:41.4,StrandBias:0.2,Multiplicity:1.06
0.001	0.001	0.001	0.997
0.015	0.001	0.983	0.001
0.001	0.997	0.001	0.001
0.001	0.997	0.001	0.001
0.001	0.001	0.001	0.997
0.997	0.001	0.001	0.001
0.001	0.997	0.001	0.001
0.997	0.001	0.001	0.001
