>DCHACCWGYW	1-DCHACCWGYW	6.564538	-182.534727	0	T:359.0(26.09%),B:126.7(8.75%),P:1e-79	Tpos:129.6,Tstd:51.1,Bpos:129.6,Bstd:67.8,StrandBias:0.0,Multiplicity:1.13
0.298	0.133	0.348	0.221
0.183	0.464	0.080	0.274
0.307	0.399	0.027	0.267
0.926	0.033	0.018	0.023
0.052	0.798	0.125	0.025
0.090	0.755	0.040	0.115
0.309	0.231	0.033	0.427
0.087	0.065	0.820	0.028
0.023	0.548	0.020	0.409
0.338	0.188	0.133	0.340
>CTGGTACCTG	2-CTGGTACCTG	6.630943	-93.206155	0	T:42.0(3.05%),B:2.7(0.19%),P:1e-40	Tpos:125.0,Tstd:49.3,Bpos:74.6,Bstd:71.9,StrandBias:0.1,Multiplicity:1.05
0.001	0.984	0.001	0.014
0.179	0.081	0.001	0.739
0.015	0.001	0.969	0.015
0.328	0.001	0.670	0.001
0.001	0.001	0.001	0.997
0.997	0.001	0.001	0.001
0.001	0.997	0.001	0.001
0.001	0.997	0.001	0.001
0.001	0.001	0.001	0.997
0.001	0.001	0.997	0.001
>CGCCTCATGG	3-CGCCTCATGG	8.505106	-88.002306	0	T:33.0(2.40%),B:1.5(0.10%),P:1e-38	Tpos:115.4,Tstd:59.9,Bpos:179.2,Bstd:59.0,StrandBias:0.5,Multiplicity:1.18
0.205	0.624	0.001	0.170
0.031	0.028	0.885	0.056
0.028	0.610	0.361	0.001
0.264	0.541	0.028	0.167
0.059	0.111	0.062	0.768
0.028	0.860	0.028	0.084
0.869	0.028	0.031	0.072
0.028	0.028	0.001	0.943
0.001	0.001	0.940	0.058
0.028	0.092	0.879	0.001
>GTCCCGCTGA	4-GTCCCGCTGA	8.236091	-88.002306	0	T:33.0(2.40%),B:1.8(0.13%),P:1e-38	Tpos:122.4,Tstd:58.7,Bpos:152.3,Bstd:35.6,StrandBias:0.7,Multiplicity:1.03
0.045	0.003	0.951	0.001
0.001	0.001	0.138	0.860
0.082	0.916	0.001	0.001
0.042	0.654	0.130	0.174
0.001	0.916	0.001	0.082
0.281	0.090	0.501	0.128
0.001	0.487	0.204	0.308
0.125	0.137	0.178	0.560
0.041	0.001	0.957	0.001
0.870	0.001	0.128	0.001
>TTTATATTTT	5-TTTATATTTT	10.137367	-86.981346	0	T:40.0(2.91%),B:2.7(0.19%),P:1e-37	Tpos:135.9,Tstd:82.4,Bpos:95.8,Bstd:78.3,StrandBias:-0.3,Multiplicity:1.00
0.062	0.001	0.001	0.936
0.001	0.001	0.001	0.997
0.006	0.001	0.001	0.992
0.997	0.001	0.001	0.001
0.328	0.001	0.007	0.664
0.997	0.001	0.001	0.001
0.007	0.040	0.001	0.952
0.001	0.001	0.001	0.997
0.001	0.006	0.001	0.992
0.001	0.001	0.001	0.997
>GGCACATGCC	6-GGCACATGCC	7.538352	-83.564538	0	T:49.0(3.56%),B:4.8(0.33%),P:1e-36	Tpos:122.0,Tstd:50.2,Bpos:101.5,Bstd:37.1,StrandBias:0.1,Multiplicity:1.03
0.066	0.033	0.835	0.066
0.051	0.100	0.815	0.034
0.065	0.759	0.064	0.112
0.808	0.096	0.048	0.048
0.047	0.857	0.095	0.001
0.747	0.111	0.001	0.141
0.095	0.048	0.032	0.825
0.111	0.082	0.758	0.049
0.143	0.757	0.034	0.066
0.052	0.824	0.096	0.028
>KGAYGCCGTT	7-KGAYGCCGTT	9.283634	-60.378161	0	T:25.0(1.82%),B:1.8(0.12%),P:1e-26	Tpos:112.5,Tstd:67.0,Bpos:166.7,Bstd:74.7,StrandBias:-0.6,Multiplicity:1.12
0.013	0.001	0.557	0.429
0.074	0.001	0.924	0.001
0.924	0.001	0.001	0.074
0.001	0.523	0.001	0.475
0.071	0.001	0.854	0.074
0.001	0.924	0.001	0.074
0.087	0.911	0.001	0.001
0.013	0.001	0.973	0.013
0.074	0.001	0.001	0.924
0.001	0.001	0.001	0.997
>ATTAATAATT	8-ATTAATAATT	8.307689	-58.142722	0	T:230.0(16.72%),B:116.9(8.08%),P:1e-25	Tpos:123.9,Tstd:60.9,Bpos:120.6,Bstd:77.3,StrandBias:0.0,Multiplicity:1.16
0.742	0.023	0.090	0.145
0.074	0.022	0.039	0.865
0.095	0.071	0.033	0.801
0.863	0.025	0.033	0.079
0.796	0.017	0.023	0.164
0.118	0.057	0.029	0.796
0.688	0.053	0.051	0.208
0.787	0.027	0.018	0.168
0.082	0.037	0.033	0.848
0.110	0.016	0.057	0.817
>CATCYCTACT	9-CATCYCTACT	9.213398	-57.491429	0	T:30.0(2.18%),B:2.8(0.19%),P:1e-24	Tpos:119.8,Tstd:71.2,Bpos:90.8,Bstd:62.3,StrandBias:0.0,Multiplicity:1.07
0.001	0.997	0.001	0.001
0.900	0.011	0.001	0.088
0.088	0.088	0.001	0.823
0.001	0.677	0.011	0.311
0.081	0.437	0.081	0.402
0.010	0.988	0.001	0.001
0.001	0.166	0.088	0.745
0.997	0.001	0.001	0.001
0.001	0.678	0.001	0.320
0.011	0.088	0.001	0.900
>ATACGGGTTT	10-ATACGGGTTT	8.332902	-55.385523	0	T:58.0(4.22%),B:11.8(0.82%),P:1e-24	Tpos:122.3,Tstd:67.7,Bpos:94.9,Bstd:64.7,StrandBias:0.8,Multiplicity:1.11
0.921	0.023	0.019	0.037
0.169	0.032	0.054	0.745
0.658	0.087	0.190	0.065
0.119	0.805	0.032	0.044
0.086	0.039	0.694	0.181
0.045	0.018	0.786	0.151
0.088	0.041	0.819	0.052
0.027	0.195	0.036	0.742
0.027	0.032	0.023	0.918
0.018	0.036	0.023	0.923
>TACAGGTCGG	11-TACAGGTCGG	8.177759	-54.710981	0	T:29.0(2.11%),B:2.8(0.20%),P:1e-23	Tpos:122.9,Tstd:60.9,Bpos:146.6,Bstd:14.2,StrandBias:-1.0,Multiplicity:1.03
0.090	0.041	0.060	0.809
0.801	0.079	0.080	0.040
0.051	0.801	0.088	0.060
0.860	0.030	0.040	0.070
0.098	0.040	0.792	0.070
0.020	0.079	0.851	0.050
0.080	0.040	0.040	0.840
0.101	0.788	0.060	0.051
0.119	0.060	0.636	0.185
0.070	0.040	0.839	0.051
>TCGTAACCCC	12-TCGTAACCCC	7.603480	-53.991703	0	T:37.0(2.69%),B:4.5(0.31%),P:1e-23	Tpos:130.4,Tstd:63.5,Bpos:81.9,Bstd:46.7,StrandBias:0.9,Multiplicity:1.00
0.062	0.052	0.045	0.841
0.070	0.808	0.061	0.061
0.121	0.078	0.740	0.061
0.083	0.100	0.027	0.790
0.900	0.036	0.019	0.045
0.784	0.117	0.045	0.054
0.061	0.800	0.053	0.086
0.080	0.808	0.061	0.051
0.134	0.761	0.061	0.044
0.079	0.789	0.062	0.070
>ACCGGATTGT	13-ACCGGATTGT	8.409902	-50.641363	0	T:22.0(1.60%),B:1.5(0.11%),P:1e-21	Tpos:96.0,Tstd:67.6,Bpos:49.5,Bstd:30.4,StrandBias:0.7,Multiplicity:1.17
0.739	0.137	0.095	0.029
0.111	0.811	0.068	0.010
0.086	0.809	0.038	0.067
0.059	0.075	0.714	0.152
0.030	0.097	0.825	0.048
0.704	0.049	0.094	0.153
0.048	0.029	0.059	0.864
0.048	0.048	0.029	0.875
0.029	0.030	0.818	0.123
0.040	0.048	0.057	0.855
>GTGACCCCCC	14-GTGACCCCCC	8.217652	-49.254726	0	T:27.0(1.96%),B:2.5(0.17%),P:1e-21	Tpos:128.6,Tstd:57.8,Bpos:51.7,Bstd:41.6,StrandBias:-1.0,Multiplicity:1.00
0.064	0.001	0.749	0.186
0.021	0.001	0.179	0.799
0.001	0.140	0.838	0.021
0.629	0.348	0.001	0.022
0.302	0.551	0.079	0.068
0.021	0.957	0.001	0.021
0.001	0.756	0.222	0.021
0.021	0.711	0.064	0.204
0.333	0.581	0.001	0.085
0.021	0.478	0.259	0.241
>ATGACCCGTC	15-ATGACCCGTC	8.526541	-49.254726	0	T:27.0(1.96%),B:2.7(0.19%),P:1e-21	Tpos:118.6,Tstd:63.9,Bpos:156.2,Bstd:26.7,StrandBias:-0.8,Multiplicity:1.08
0.884	0.029	0.029	0.058
0.067	0.007	0.115	0.811
0.093	0.007	0.899	0.001
0.769	0.001	0.001	0.229
0.036	0.906	0.029	0.029
0.001	0.744	0.086	0.169
0.255	0.708	0.001	0.036
0.113	0.001	0.885	0.001
0.088	0.143	0.001	0.768
0.115	0.709	0.007	0.169
>GTCGGAATAC	16-GTCGGAATAC	8.528123	-49.254726	0	T:27.0(1.96%),B:2.9(0.20%),P:1e-21	Tpos:125.9,Tstd:56.5,Bpos:164.8,Bstd:45.0,StrandBias:1.2,Multiplicity:1.12
0.001	0.001	0.841	0.157
0.059	0.001	0.001	0.939
0.060	0.813	0.067	0.060
0.001	0.001	0.939	0.059
0.005	0.238	0.756	0.001
0.672	0.001	0.326	0.001
0.997	0.001	0.001	0.001
0.001	0.001	0.001	0.997
0.939	0.001	0.001	0.059
0.060	0.650	0.171	0.119
>TACTAACCGC	17-TACTAACCGC	7.941210	-44.794925	0	T:47.0(3.42%),B:9.6(0.66%),P:1e-19	Tpos:120.4,Tstd:57.3,Bpos:111.9,Bstd:34.5,StrandBias:0.3,Multiplicity:1.02
0.083	0.039	0.083	0.795
0.715	0.103	0.085	0.097
0.039	0.807	0.020	0.134
0.215	0.028	0.037	0.720
0.830	0.056	0.084	0.030
0.877	0.056	0.058	0.009
0.086	0.811	0.047	0.056
0.074	0.860	0.019	0.047
0.168	0.037	0.767	0.028
0.039	0.841	0.064	0.056
>TGGCCCTGGC	18-TGGCCCTGGC	9.995173	-41.310824	0	T:19.0(1.38%),B:0.5(0.04%),P:1e-17	Tpos:126.7,Tstd:59.9,Bpos:119.0,Bstd:0.0,StrandBias:0.9,Multiplicity:1.05
0.001	0.055	0.001	0.943
0.001	0.056	0.887	0.056
0.056	0.001	0.887	0.056
0.001	0.997	0.001	0.001
0.001	0.783	0.160	0.056
0.001	0.943	0.001	0.055
0.055	0.001	0.001	0.943
0.056	0.056	0.832	0.056
0.056	0.001	0.887	0.056
0.001	0.943	0.001	0.055
>GGTACAACCT	19-GGTACAACCT	9.743512	-41.310824	0	T:19.0(1.38%),B:2.0(0.14%),P:1e-17	Tpos:143.2,Tstd:60.9,Bpos:21.0,Bstd:0.0,StrandBias:0.8,Multiplicity:1.38
0.001	0.001	0.866	0.132
0.066	0.001	0.932	0.001
0.199	0.067	0.067	0.667
0.932	0.066	0.001	0.001
0.120	0.846	0.001	0.033
0.997	0.001	0.001	0.001
0.932	0.001	0.066	0.001
0.001	0.932	0.001	0.066
0.132	0.866	0.001	0.001
0.001	0.001	0.277	0.721
>GCAAGGCCGA	20-GCAAGGCCGA	8.657518	-36.285649	0	T:22.0(1.60%),B:2.3(0.16%),P:1e-15	Tpos:139.4,Tstd:51.7,Bpos:80.5,Bstd:0.5,StrandBias:-0.3,Multiplicity:1.00
0.057	0.056	0.831	0.056
0.088	0.824	0.040	0.048
0.879	0.049	0.032	0.040
0.869	0.033	0.049	0.049
0.096	0.041	0.806	0.057
0.033	0.160	0.751	0.056
0.072	0.729	0.136	0.063
0.080	0.783	0.064	0.073
0.184	0.057	0.703	0.056
0.849	0.048	0.047	0.056
>ATGGATCTGA	21-ATGGATCTGA	8.265419	-34.353065	0	T:28.0(2.03%),B:5.0(0.34%),P:1e-14	Tpos:123.4,Tstd:72.9,Bpos:110.5,Bstd:72.3,StrandBias:0.8,Multiplicity:1.35
0.853	0.039	0.069	0.039
0.131	0.059	0.050	0.760
0.077	0.039	0.825	0.059
0.060	0.039	0.841	0.060
0.761	0.092	0.088	0.059
0.048	0.020	0.060	0.872
0.103	0.653	0.089	0.155
0.059	0.068	0.049	0.824
0.049	0.114	0.777	0.060
0.853	0.059	0.001	0.087
>ACAGAGTTGG	22-ACAGAGTTGG	8.674009	-33.819386	0	T:21.0(1.53%),B:2.9(0.20%),P:1e-14	Tpos:121.7,Tstd:68.6,Bpos:154.8,Bstd:12.9,StrandBias:1.0,Multiplicity:1.29
0.875	0.029	0.059	0.037
0.094	0.812	0.051	0.043
0.890	0.029	0.022	0.059
0.175	0.088	0.686	0.051
0.868	0.015	0.066	0.051
0.127	0.113	0.723	0.037
0.076	0.096	0.015	0.813
0.029	0.066	0.037	0.868
0.029	0.059	0.713	0.199
0.066	0.059	0.769	0.106
>AGTCGTAGAG	23-AGTCGTAGAG	6.223515	-29.029638	0	T:19.0(1.38%),B:2.5(0.18%),P:1e-12	Tpos:134.7,Tstd:71.3,Bpos:118.6,Bstd:44.3,StrandBias:1.7,Multiplicity:1.17
0.645	0.107	0.118	0.130
0.128	0.131	0.591	0.150
0.120	0.130	0.136	0.614
0.120	0.560	0.152	0.168
0.131	0.128	0.577	0.164
0.137	0.129	0.122	0.612
0.603	0.110	0.137	0.150
0.152	0.120	0.574	0.154
0.640	0.110	0.113	0.137
0.151	0.125	0.583	0.141
>TTGTCCAGAC	24-TTGTCCAGAC	8.350283	-26.710789	0	T:18.0(1.31%),B:3.0(0.21%),P:1e-11	Tpos:122.6,Tstd:69.3,Bpos:159.6,Bstd:86.2,StrandBias:-0.3,Multiplicity:1.00
0.100	0.100	0.100	0.700
0.100	0.100	0.100	0.700
0.100	0.100	0.700	0.100
0.100	0.100	0.100	0.700
0.100	0.700	0.100	0.100
0.100	0.700	0.100	0.100
0.700	0.100	0.100	0.100
0.100	0.100	0.700	0.100
0.700	0.100	0.100	0.100
0.100	0.700	0.100	0.100
>CGAGCACATC	25-CGAGCACATC	8.128169	-26.195391	0	T:21.0(1.53%),B:3.1(0.22%),P:1e-11	Tpos:130.4,Tstd:73.7,Bpos:82.4,Bstd:25.0,StrandBias:0.4,Multiplicity:1.00
0.125	0.705	0.061	0.109
0.131	0.131	0.649	0.089
0.740	0.088	0.078	0.094
0.119	0.101	0.696	0.084
0.118	0.702	0.083	0.097
0.718	0.093	0.082	0.107
0.105	0.697	0.090	0.108
0.737	0.088	0.080	0.095
0.136	0.088	0.096	0.680
0.109	0.682	0.108	0.101
