>ACCTGC	1-ACCTGC	5.433718	-141.290653	0	T:796.0(57.85%),B:519.0(35.86%),P:1e-61	Tpos:126.1,Tstd:55.4,Bpos:126.5,Bstd:72.7,StrandBias:0.1,Multiplicity:1.53
0.997	0.001	0.001	0.001
0.001	0.997	0.001	0.001
0.001	0.997	0.001	0.001
0.140	0.088	0.001	0.771
0.001	0.001	0.997	0.001
0.001	0.643	0.001	0.355
>CATGCT	2-CATGCT	6.881697	-44.103852	0	T:372.0(27.03%),B:249.4(17.24%),P:1e-19	Tpos:129.1,Tstd:63.6,Bpos:129.8,Bstd:72.4,StrandBias:-0.0,Multiplicity:1.27
0.001	0.997	0.001	0.001
0.997	0.001	0.001	0.001
0.001	0.001	0.165	0.833
0.001	0.001	0.997	0.001
0.001	0.997	0.001	0.001
0.289	0.001	0.001	0.709
>TAAACA	3-TAAACA	6.523562	-35.206473	0	T:791.0(57.49%),B:675.2(46.66%),P:1e-15	Tpos:124.5,Tstd:72.5,Bpos:121.5,Bstd:82.8,StrandBias:-0.1,Multiplicity:1.46
0.001	0.288	0.001	0.710
0.997	0.001	0.001	0.001
0.997	0.001	0.001	0.001
0.997	0.001	0.001	0.001
0.001	0.997	0.001	0.001
0.761	0.237	0.001	0.001
>AACTTT	4-AACTTT	3.055458	-31.490897	0	T:679.0(49.35%),B:568.8(39.30%),P:1e-13	Tpos:127.6,Tstd:75.3,Bpos:124.0,Bstd:84.2,StrandBias:0.1,Multiplicity:1.38
0.997	0.001	0.001	0.001
0.997	0.001	0.001	0.001
0.001	0.997	0.001	0.001
0.001	0.001	0.001	0.997
0.001	0.001	0.086	0.912
0.001	0.001	0.061	0.937
>YGGGAC	5-YGGGAC	4.964072	-30.831474	0	T:306.0(22.24%),B:212.5(14.68%),P:1e-13	Tpos:124.0,Tstd:63.8,Bpos:123.2,Bstd:69.4,StrandBias:-0.2,Multiplicity:1.21
0.106	0.506	0.001	0.387
0.001	0.281	0.547	0.171
0.001	0.001	0.997	0.001
0.001	0.001	0.893	0.105
0.614	0.178	0.099	0.109
0.171	0.588	0.001	0.240
>ACCCGC	6-ACCCGC	4.786485	-29.195880	0	T:628.0(45.64%),B:522.5(36.11%),P:1e-12	Tpos:122.8,Tstd:62.3,Bpos:122.3,Bstd:68.3,StrandBias:0.1,Multiplicity:1.34
0.603	0.118	0.275	0.004
0.183	0.803	0.006	0.008
0.076	0.715	0.111	0.098
0.001	0.799	0.199	0.001
0.023	0.001	0.975	0.001
0.098	0.699	0.009	0.194
>TGYAGG	7-TGYAGG	4.902724	-27.180809	0	T:511.0(37.14%),B:411.4(28.43%),P:1e-11	Tpos:126.6,Tstd:72.1,Bpos:129.6,Bstd:73.6,StrandBias:0.1,Multiplicity:1.33
0.001	0.001	0.017	0.981
0.001	0.090	0.908	0.001
0.103	0.404	0.117	0.377
0.653	0.018	0.328	0.001
0.001	0.338	0.660	0.001
0.221	0.189	0.422	0.168
>TCCRAA	8-TCCRAA	6.408467	-24.485492	0	T:325.0(23.62%),B:241.8(16.71%),P:1e-10	Tpos:118.8,Tstd:75.0,Bpos:130.6,Bstd:82.5,StrandBias:0.0,Multiplicity:1.15
0.003	0.190	0.001	0.806
0.001	0.803	0.003	0.193
0.001	0.895	0.001	0.103
0.367	0.197	0.424	0.012
0.712	0.177	0.105	0.006
0.979	0.019	0.001	0.001
>ATAATT	9-ATAATT	6.807162	-20.978355	0	T:594.0(43.17%),B:510.7(35.29%),P:1e-9	Tpos:126.1,Tstd:72.0,Bpos:120.9,Bstd:81.8,StrandBias:0.0,Multiplicity:1.33
0.997	0.001	0.001	0.001
0.001	0.001	0.334	0.664
0.669	0.001	0.001	0.329
0.997	0.001	0.001	0.001
0.001	0.001	0.001	0.997
0.001	0.001	0.001	0.997
>GTTGGA	10-GTTGGA	2.575912	-19.232526	0	T:537.0(39.03%),B:458.2(31.67%),P:1e-8	Tpos:125.2,Tstd:70.7,Bpos:124.2,Bstd:71.5,StrandBias:-0.1,Multiplicity:1.27
0.001	0.001	0.997	0.001
0.165	0.001	0.001	0.833
0.169	0.001	0.001	0.829
0.001	0.001	0.997	0.001
0.001	0.001	0.997	0.001
0.975	0.001	0.023	0.001
>AWTATT	11-AWTATT	7.693937	-13.475552	0	T:285.0(20.71%),B:230.5(15.93%),P:1e-5	Tpos:124.2,Tstd:71.2,Bpos:111.5,Bstd:81.2,StrandBias:0.0,Multiplicity:1.14
0.997	0.001	0.001	0.001
0.544	0.001	0.001	0.454
0.001	0.001	0.001	0.997
0.997	0.001	0.001	0.001
0.001	0.001	0.001	0.997
0.001	0.001	0.001	0.997
>SGMCCG	12-SGMCCG	5.843633	-12.828628	0	T:166.0(12.06%),B:123.0(8.50%),P:1e-5	Tpos:116.0,Tstd:62.4,Bpos:132.1,Bstd:60.9,StrandBias:0.2,Multiplicity:1.14
0.001	0.552	0.446	0.001
0.001	0.008	0.990	0.001
0.348	0.408	0.235	0.010
0.001	0.753	0.001	0.245
0.001	0.981	0.009	0.009
0.001	0.029	0.633	0.337
>CAGGCT	13-CAGGCT	6.504937	-6.674816	0	T:342.0(24.85%),B:310.9(21.49%),P:1e-2	Tpos:125.9,Tstd:65.9,Bpos:125.7,Bstd:71.8,StrandBias:-0.1,Multiplicity:1.23
0.001	0.715	0.283	0.001
0.997	0.001	0.001	0.001
0.001	0.001	0.997	0.001
0.231	0.001	0.767	0.001
0.001	0.997	0.001	0.001
0.001	0.001	0.001	0.997
