>GACTCAGAGCTG	16-GACTCAGAGCTG	7.971919	-8.774839	0	T:8.0(11.11%),B:53.1(2.14%),P:1e-3
0.203	0.001	0.559	0.237
0.729	0.068	0.135	0.068
0.001	0.679	0.001	0.319
0.136	0.067	0.001	0.796
0.135	0.782	0.068	0.015
0.797	0.067	0.001	0.135
0.069	0.203	0.593	0.135
0.931	0.067	0.001	0.001
0.068	0.001	0.930	0.001
0.135	0.559	0.001	0.305
0.067	0.001	0.067	0.865
0.135	0.067	0.797	0.001
