>WYNNTAAARAAA	13-WYNNTAAARAAA,BestGuess:HuR(RRM)/Homo_sapiens-RNCMPT00274-PBM/HughesRNA(0.731)	7.029646	-14.517535	0	T:10.0(13.89%),B:43.2(1.74%),P:1e-6
0.458	0.012	0.018	0.512
0.193	0.253	0.200	0.354
0.236	0.177	0.324	0.263
0.163	0.277	0.259	0.300
0.240	0.189	0.088	0.483
0.635	0.200	0.012	0.153
0.581	0.006	0.177	0.236
0.481	0.112	0.171	0.236
0.358	0.006	0.401	0.236
0.528	0.112	0.071	0.289
0.658	0.330	0.011	0.001
0.735	0.218	0.012	0.035
