>CTCAACTACCGG	6-CCGGTAGTTGAG	8.762202	-16.609645	0	T:8.0(11.11%),B:18.4(0.74%),P:1e-7
0.001	0.522	0.318	0.159
0.001	0.014	0.001	0.984
0.159	0.522	0.001	0.318
0.840	0.001	0.158	0.001
0.681	0.001	0.317	0.001
0.001	0.840	0.001	0.158
0.001	0.001	0.158	0.840
0.840	0.158	0.001	0.001
0.001	0.840	0.001	0.158
0.159	0.681	0.001	0.159
0.014	0.001	0.984	0.001
0.159	0.159	0.523	0.159
