>TTTYTTTANNRW	13-WYNNTAAARAAA	7.029646	-14.517535	0	T:10.0(13.89%),B:43.2(1.74%),P:1e-6
0.035	0.012	0.218	0.735
0.001	0.011	0.330	0.658
0.289	0.071	0.112	0.528
0.236	0.401	0.006	0.358
0.236	0.171	0.112	0.481
0.236	0.177	0.006	0.581
0.153	0.012	0.200	0.635
0.483	0.088	0.189	0.240
0.300	0.259	0.277	0.163
0.263	0.324	0.177	0.236
0.354	0.200	0.253	0.193
0.512	0.018	0.012	0.458
