>CCGGTAGTTGAG	6-CCGGTAGTTGAG,BestGuess:Rbm42(RRM)/Xenopus_tropicalis-RNCMPT00282-PBM/HughesRNA(0.690)	8.762202	-16.609645	0	T:8.0(11.11%),B:18.4(0.74%),P:1e-7
0.159	0.523	0.159	0.159
0.001	0.984	0.001	0.014
0.159	0.001	0.681	0.159
0.158	0.001	0.840	0.001
0.001	0.001	0.158	0.840
0.840	0.158	0.001	0.001
0.158	0.001	0.840	0.001
0.001	0.317	0.001	0.681
0.001	0.158	0.001	0.840
0.318	0.001	0.522	0.159
0.984	0.001	0.014	0.001
0.159	0.318	0.522	0.001
