>GCGAAAATCT	1-GCGAAAATCT	10.405381	-34.366902	0	T:15.0(5.60%),B:6.8(0.29%),P:1e-14	Tpos:158.2,Tstd:73.6,Bpos:131.8,Bstd:72.1,StrandBias:1.0,Multiplicity:1.00
0.056	0.078	0.865	0.001
0.001	0.920	0.078	0.001
0.078	0.001	0.843	0.078
0.843	0.078	0.001	0.078
0.920	0.078	0.001	0.001
0.920	0.001	0.078	0.001
0.920	0.078	0.001	0.001
0.078	0.001	0.001	0.920
0.078	0.920	0.001	0.001
0.001	0.001	0.001	0.997
>ACTGTGGTTT	2-ACTGTGGTTT	10.379366	-34.366902	0	T:15.0(5.60%),B:6.9(0.30%),P:1e-14	Tpos:122.1,Tstd:47.3,Bpos:114.8,Bstd:56.7,StrandBias:-1.1,Multiplicity:1.07
0.715	0.001	0.086	0.198
0.001	0.913	0.085	0.001
0.001	0.085	0.001	0.913
0.001	0.001	0.997	0.001
0.001	0.197	0.001	0.801
0.001	0.001	0.997	0.001
0.001	0.085	0.913	0.001
0.001	0.001	0.085	0.913
0.085	0.001	0.001	0.913
0.001	0.001	0.085	0.913
>CTCGCCACAA	3-CTCGCCACAA	11.243779	-33.997735	0	T:11.0(4.10%),B:2.8(0.12%),P:1e-14	Tpos:125.6,Tstd:41.3,Bpos:137.9,Bstd:47.5,StrandBias:1.4,Multiplicity:1.00
0.001	0.892	0.001	0.106
0.001	0.001	0.001	0.997
0.001	0.997	0.001	0.001
0.106	0.001	0.787	0.106
0.001	0.997	0.001	0.001
0.001	0.997	0.001	0.001
0.997	0.001	0.001	0.001
0.001	0.997	0.001	0.001
0.892	0.106	0.001	0.001
0.997	0.001	0.001	0.001
>CTTAATTCCG	4-CTTAATTCCG	10.673199	-28.052453	0	T:8.0(2.99%),B:1.3(0.06%),P:1e-12	Tpos:98.0,Tstd:60.2,Bpos:178.7,Bstd:40.8,StrandBias:-0.7,Multiplicity:1.00
0.001	0.815	0.001	0.183
0.001	0.001	0.001	0.997
0.001	0.001	0.183	0.815
0.997	0.001	0.001	0.001
0.997	0.001	0.001	0.001
0.366	0.001	0.001	0.632
0.001	0.001	0.001	0.997
0.001	0.815	0.001	0.183
0.001	0.761	0.027	0.211
0.001	0.001	0.997	0.001
>CTGCTGTGAG	5-CTGCTGTGAG	6.759998	-27.602065	0	T:53.0(19.78%),B:154.2(6.67%),P:1e-11	Tpos:135.3,Tstd:64.5,Bpos:130.0,Bstd:76.9,StrandBias:-0.5,Multiplicity:1.10
0.140	0.744	0.084	0.032
0.112	0.112	0.001	0.775
0.041	0.056	0.815	0.088
0.112	0.803	0.001	0.084
0.112	0.028	0.056	0.804
0.028	0.056	0.888	0.028
0.060	0.056	0.056	0.828
0.056	0.056	0.784	0.104
0.743	0.056	0.084	0.117
0.084	0.056	0.832	0.028
>CCTCAAAATA	6-CCTCAAAATA	10.054282	-26.519332	0	T:18.0(6.72%),B:17.6(0.76%),P:1e-11	Tpos:117.1,Tstd:69.9,Bpos:100.3,Bstd:70.9,StrandBias:0.3,Multiplicity:1.00
0.033	0.923	0.043	0.001
0.061	0.708	0.001	0.230
0.084	0.061	0.061	0.794
0.001	0.997	0.001	0.001
0.817	0.061	0.061	0.061
0.938	0.060	0.001	0.001
0.997	0.001	0.001	0.001
0.997	0.001	0.001	0.001
0.060	0.001	0.001	0.938
0.938	0.001	0.060	0.001
>TTGCGGAAAC	7-TTGCGGAAAC	10.921921	-26.298526	0	T:9.0(3.36%),B:2.4(0.10%),P:1e-11	Tpos:106.7,Tstd:88.3,Bpos:206.1,Bstd:30.9,StrandBias:1.2,Multiplicity:1.00
0.001	0.001	0.001	0.997
0.001	0.001	0.001	0.997
0.001	0.001	0.997	0.001
0.001	0.997	0.001	0.001
0.137	0.137	0.725	0.001
0.137	0.315	0.547	0.001
0.997	0.001	0.001	0.001
0.997	0.001	0.001	0.001
0.997	0.001	0.001	0.001
0.001	0.862	0.001	0.136
>GACAATTCTG	8-GACAATTCTG	9.481908	-26.286342	0	T:13.0(4.85%),B:7.8(0.34%),P:1e-11	Tpos:125.4,Tstd:72.1,Bpos:120.8,Bstd:72.5,StrandBias:1.2,Multiplicity:1.00
0.001	0.118	0.763	0.118
0.997	0.001	0.001	0.001
0.117	0.881	0.001	0.001
0.997	0.001	0.001	0.001
0.881	0.117	0.001	0.001
0.001	0.001	0.117	0.881
0.001	0.001	0.001	0.997
0.001	0.962	0.001	0.036
0.001	0.117	0.001	0.881
0.118	0.001	0.763	0.118
>ATTCCATACC	9-ATTCCATACC	10.550102	-25.212311	0	T:12.0(4.48%),B:6.3(0.27%),P:1e-10	Tpos:165.1,Tstd:68.1,Bpos:154.6,Bstd:44.1,StrandBias:0.0,Multiplicity:1.00
0.908	0.001	0.001	0.090
0.001	0.001	0.001	0.997
0.001	0.091	0.091	0.817
0.001	0.997	0.001	0.001
0.001	0.908	0.090	0.001
0.817	0.091	0.091	0.001
0.001	0.090	0.001	0.908
0.908	0.001	0.001	0.090
0.091	0.817	0.001	0.091
0.001	0.997	0.001	0.001
>CCGCAATACC	10-CCGCAATACC	7.517231	-21.868880	0	T:27.0(10.07%),B:55.0(2.38%),P:1e-9	Tpos:103.0,Tstd:56.9,Bpos:110.2,Bstd:56.1,StrandBias:0.5,Multiplicity:1.19
0.086	0.657	0.200	0.057
0.086	0.828	0.057	0.029
0.114	0.103	0.726	0.057
0.001	0.914	0.028	0.057
0.942	0.028	0.029	0.001
0.771	0.001	0.114	0.114
0.090	0.086	0.029	0.795
0.799	0.086	0.086	0.029
0.057	0.796	0.030	0.117
0.102	0.783	0.029	0.086
>TAAGRTTTTA	11-TAAGRTTTTA	9.873488	-19.790479	0	T:13.0(4.85%),B:12.2(0.53%),P:1e-8	Tpos:107.4,Tstd:67.8,Bpos:125.5,Bstd:97.8,StrandBias:0.2,Multiplicity:1.08
0.001	0.001	0.001	0.997
0.997	0.001	0.001	0.001
0.997	0.001	0.001	0.001
0.065	0.001	0.933	0.001
0.426	0.001	0.399	0.174
0.001	0.001	0.001	0.997
0.001	0.001	0.001	0.997
0.001	0.001	0.173	0.825
0.001	0.001	0.173	0.825
0.997	0.001	0.001	0.001
>CCACATCGGC	12-CCACATCGGC	11.276337	-19.664501	0	T:6.0(2.24%),B:1.0(0.04%),P:1e-8	Tpos:157.5,Tstd:55.4,Bpos:136.5,Bstd:46.2,StrandBias:1.0,Multiplicity:1.00
0.001	0.832	0.166	0.001
0.001	0.997	0.001	0.001
0.997	0.001	0.001	0.001
0.001	0.997	0.001	0.001
0.832	0.166	0.001	0.001
0.166	0.001	0.166	0.667
0.001	0.997	0.001	0.001
0.001	0.001	0.832	0.166
0.001	0.001	0.997	0.001
0.001	0.997	0.001	0.001
>ACTTATCCGG	13-ACTTATCCGG	7.153005	-19.388092	0	T:28.0(10.45%),B:65.2(2.82%),P:1e-8	Tpos:113.2,Tstd:70.7,Bpos:118.4,Bstd:73.0,StrandBias:-0.3,Multiplicity:1.18
0.847	0.025	0.052	0.076
0.152	0.669	0.103	0.076
0.076	0.001	0.128	0.795
0.076	0.051	0.025	0.848
0.873	0.050	0.001	0.076
0.050	0.001	0.050	0.899
0.051	0.873	0.025	0.051
0.103	0.796	0.076	0.025
0.103	0.179	0.667	0.051
0.103	0.051	0.745	0.101
>TANCTTTGCG	14-TANCTTTGCG	10.939386	-19.036560	0	T:7.0(2.61%),B:2.8(0.12%),P:1e-8	Tpos:126.8,Tstd:59.9,Bpos:121.9,Bstd:63.2,StrandBias:0.8,Multiplicity:2.00
0.001	0.001	0.001	0.997
0.970	0.001	0.028	0.001
0.225	0.326	0.225	0.225
0.296	0.702	0.001	0.001
0.001	0.001	0.001	0.997
0.001	0.001	0.001	0.997
0.001	0.001	0.224	0.774
0.028	0.001	0.970	0.001
0.001	0.997	0.001	0.001
0.224	0.001	0.774	0.001
>AACAAGATGA	15-AACAAGATGA	8.291083	-18.500222	0	T:21.0(7.84%),B:40.0(1.73%),P:1e-8	Tpos:109.8,Tstd:70.3,Bpos:118.9,Bstd:67.3,StrandBias:-0.2,Multiplicity:1.24
0.836	0.122	0.021	0.021
0.853	0.042	0.062	0.043
0.001	0.505	0.269	0.225
0.690	0.186	0.062	0.062
0.559	0.021	0.378	0.042
0.022	0.245	0.685	0.048
0.570	0.021	0.021	0.388
0.035	0.062	0.229	0.674
0.062	0.021	0.577	0.340
0.844	0.036	0.057	0.063
>TGTGGACGGG	16-TGTGGACGGG	10.666616	-17.261185	0	T:8.0(2.99%),B:4.8(0.21%),P:1e-7	Tpos:133.5,Tstd:84.9,Bpos:118.9,Bstd:52.2,StrandBias:0.8,Multiplicity:1.38
0.001	0.001	0.099	0.899
0.001	0.099	0.899	0.001
0.001	0.001	0.001	0.997
0.099	0.001	0.899	0.001
0.001	0.001	0.997	0.001
0.997	0.001	0.001	0.001
0.099	0.899	0.001	0.001
0.099	0.001	0.899	0.001
0.001	0.100	0.799	0.100
0.001	0.100	0.799	0.100
>CGCCAGCCAG	17-CGCCAGCCAG	10.675573	-16.296738	0	T:7.0(2.61%),B:3.7(0.16%),P:1e-7	Tpos:152.8,Tstd:48.5,Bpos:116.5,Bstd:22.2,StrandBias:0.5,Multiplicity:1.14
0.410	0.588	0.001	0.001
0.001	0.012	0.975	0.012
0.001	0.997	0.001	0.001
0.001	0.997	0.001	0.001
0.815	0.001	0.001	0.183
0.001	0.001	0.632	0.366
0.001	0.997	0.001	0.001
0.366	0.632	0.001	0.001
0.997	0.001	0.001	0.001
0.001	0.001	0.997	0.001
>RTCGTGTWYA	18-RTCGTGTWYA	7.684176	-13.082489	0	T:8.0(2.99%),B:7.4(0.32%),P:1e-5	Tpos:124.2,Tstd:72.2,Bpos:128.6,Bstd:59.4,StrandBias:1.8,Multiplicity:2.25
0.520	0.080	0.399	0.001
0.001	0.053	0.053	0.893
0.094	0.506	0.147	0.253
0.267	0.146	0.520	0.067
0.120	0.093	0.226	0.561
0.001	0.093	0.800	0.106
0.067	0.120	0.106	0.707
0.440	0.053	0.093	0.413
0.001	0.492	0.026	0.481
0.494	0.120	0.293	0.093
>TGATGGACCT	19-TGATGGACCT	8.723803	-12.324907	0	T:5.0(1.87%),B:2.8(0.12%),P:1e-5	Tpos:135.1,Tstd:71.7,Bpos:158.8,Bstd:15.9,StrandBias:3.5,Multiplicity:2.40
0.222	0.001	0.001	0.776
0.001	0.001	0.997	0.001
0.997	0.001	0.001	0.001
0.001	0.001	0.001	0.997
0.001	0.001	0.997	0.001
0.001	0.001	0.997	0.001
0.997	0.001	0.001	0.001
0.001	0.688	0.001	0.310
0.001	0.997	0.001	0.001
0.001	0.087	0.001	0.911
>GTGAGTTCTG	20-GTGAGTTCTG	10.702521	-10.391765	0	T:5.0(1.87%),B:3.7(0.16%),P:1e-4	Tpos:95.6,Tstd:69.0,Bpos:106.0,Bstd:60.1,StrandBias:1.0,Multiplicity:2.40
0.093	0.001	0.905	0.001
0.001	0.001	0.001	0.997
0.001	0.001	0.997	0.001
0.905	0.093	0.001	0.001
0.001	0.001	0.905	0.093
0.093	0.001	0.001	0.905
0.001	0.093	0.001	0.905
0.001	0.997	0.001	0.001
0.001	0.001	0.001	0.997
0.217	0.094	0.688	0.001
>ATTTRTAAAG	21-ATTTRTAAAG	8.890105	-6.767244	0	T:13.0(4.85%),B:41.7(1.80%),P:1e-2	Tpos:105.8,Tstd:70.5,Bpos:130.6,Bstd:77.8,StrandBias:0.7,Multiplicity:1.38
0.725	0.001	0.273	0.001
0.001	0.139	0.139	0.721
0.001	0.280	0.020	0.699
0.001	0.001	0.001	0.997
0.526	0.020	0.440	0.014
0.001	0.238	0.001	0.760
0.859	0.001	0.139	0.001
0.721	0.139	0.001	0.139
0.997	0.001	0.001	0.001
0.001	0.001	0.997	0.001
>GGCGATATCG	22-GGCGATATCG	10.562484	-6.360404	0	T:3.0(1.12%),B:2.0(0.09%),P:1e-2	Tpos:115.4,Tstd:55.1,Bpos:109.4,Bstd:35.1,StrandBias:0.4,Multiplicity:3.00
0.072	0.001	0.926	0.001
0.001	0.001	0.608	0.390
0.001	0.926	0.001	0.072
0.001	0.001	0.997	0.001
0.926	0.001	0.072	0.001
0.001	0.001	0.001	0.997
0.997	0.001	0.001	0.001
0.001	0.001	0.001	0.997
0.001	0.997	0.001	0.001
0.001	0.001	0.997	0.001
>CTCGWTCCCT	23-CTCGWTCCCT	10.066186	-6.360404	0	T:3.0(1.12%),B:2.2(0.10%),P:1e-2	Tpos:112.4,Tstd:52.8,Bpos:178.4,Bstd:42.2,StrandBias:10.0,Multiplicity:3.33
0.001	0.997	0.001	0.001
0.001	0.001	0.001	0.997
0.001	0.997	0.001	0.001
0.001	0.001	0.997	0.001
0.343	0.091	0.132	0.434
0.342	0.001	0.001	0.656
0.001	0.997	0.001	0.001
0.001	0.997	0.001	0.001
0.181	0.727	0.001	0.091
0.020	0.001	0.363	0.616
>ATACATATAT	24-ATACATATAT	9.474986	-5.240660	0	T:11.0(4.10%),B:38.6(1.67%),P:1e-2	Tpos:189.1,Tstd:44.9,Bpos:97.5,Bstd:62.5,StrandBias:0.0,Multiplicity:1.00
0.840	0.007	0.001	0.152
0.108	0.110	0.167	0.615
0.981	0.007	0.001	0.011
0.007	0.779	0.001	0.213
0.672	0.152	0.023	0.153
0.001	0.001	0.006	0.992
0.817	0.181	0.001	0.001
0.001	0.001	0.001	0.997
0.733	0.001	0.259	0.007
0.005	0.005	0.007	0.983
>ATTTCACATG	25-ATTTCACATG	11.795730	-3.773119	0	T:2.0(0.75%),B:2.9(0.12%),P:1e-1	Tpos:131.4,Tstd:59.1,Bpos:152.6,Bstd:74.5,StrandBias:-1.6,Multiplicity:4.00
0.841	0.079	0.001	0.079
0.001	0.001	0.001	0.997
0.001	0.001	0.001	0.997
0.001	0.001	0.001	0.997
0.001	0.920	0.001	0.078
0.997	0.001	0.001	0.001
0.001	0.920	0.001	0.078
0.997	0.001	0.001	0.001
0.001	0.001	0.001	0.997
0.001	0.181	0.739	0.079
>AGAATTCTAAAA	1-AGAATTCTAAAA	10.471709	-50.435914	0	T:15.0(5.60%),B:2.2(0.09%),P:1e-21	Tpos:121.7,Tstd:83.5,Bpos:107.6,Bstd:67.4,StrandBias:0.6,Multiplicity:1.00
0.901	0.001	0.097	0.001
0.053	0.098	0.796	0.053
0.898	0.049	0.001	0.052
0.853	0.049	0.001	0.097
0.049	0.001	0.146	0.804
0.049	0.001	0.049	0.901
0.004	0.846	0.101	0.049
0.098	0.147	0.049	0.706
0.950	0.001	0.048	0.001
0.804	0.049	0.049	0.098
0.706	0.098	0.049	0.147
0.852	0.001	0.146	0.001
>CTTATACTTGTG	2-CTTATACTTGTG	9.952245	-50.435914	0	T:15.0(5.60%),B:2.3(0.10%),P:1e-21	Tpos:146.0,Tstd:64.2,Bpos:149.2,Bstd:83.5,StrandBias:0.7,Multiplicity:1.07
0.061	0.756	0.122	0.061
0.001	0.060	0.060	0.879
0.070	0.061	0.061	0.808
0.990	0.001	0.008	0.001
0.181	0.001	0.001	0.817
0.818	0.001	0.121	0.060
0.121	0.818	0.001	0.060
0.060	0.001	0.182	0.757
0.061	0.061	0.061	0.817
0.060	0.001	0.818	0.121
0.001	0.121	0.001	0.877
0.001	0.060	0.879	0.060
>GTCCTGTAAGTA	3-GTCCTGTAAGTA	10.274069	-36.928860	0	T:10.0(3.73%),B:1.9(0.08%),P:1e-16	Tpos:134.0,Tstd:59.8,Bpos:78.5,Bstd:57.0,StrandBias:2.0,Multiplicity:1.00
0.001	0.001	0.908	0.090
0.001	0.090	0.001	0.908
0.001	0.997	0.001	0.001
0.091	0.727	0.091	0.091
0.090	0.001	0.001	0.908
0.001	0.001	0.817	0.181
0.001	0.001	0.001	0.997
0.908	0.001	0.001	0.090
0.817	0.001	0.091	0.091
0.091	0.091	0.727	0.091
0.091	0.182	0.091	0.636
0.817	0.001	0.091	0.091
>GTTTTATGTGGT	4-GTTTTATGTGGT	8.955534	-35.420681	0	T:34.0(12.69%),B:51.1(2.21%),P:1e-15	Tpos:142.2,Tstd:61.1,Bpos:144.3,Bstd:82.2,StrandBias:0.4,Multiplicity:1.06
0.003	0.107	0.819	0.071
0.110	0.036	0.061	0.793
0.106	0.001	0.106	0.787
0.035	0.035	0.001	0.929
0.001	0.001	0.035	0.963
0.545	0.142	0.107	0.206
0.035	0.001	0.035	0.929
0.107	0.071	0.819	0.003
0.035	0.071	0.001	0.893
0.001	0.035	0.787	0.177
0.035	0.001	0.929	0.035
0.107	0.036	0.036	0.821
>HAAGAGAATCCA	5-HAAGAGAATCCA	12.169478	-32.436168	0	T:9.0(3.36%),B:1.8(0.08%),P:1e-14	Tpos:155.0,Tstd:51.4,Bpos:193.0,Bstd:0.0,StrandBias:0.3,Multiplicity:1.00
0.367	0.379	0.001	0.253
0.997	0.001	0.001	0.001
0.997	0.001	0.001	0.001
0.001	0.001	0.575	0.423
0.997	0.001	0.001	0.001
0.366	0.001	0.632	0.001
0.997	0.001	0.001	0.001
0.815	0.183	0.001	0.001
0.183	0.183	0.001	0.633
0.001	0.997	0.001	0.001
0.001	0.997	0.001	0.001
0.997	0.001	0.001	0.001
>GGTTTAATGGTT	6-GGTTTAATGGTT	9.817518	-29.797771	0	T:16.0(5.97%),B:10.1(0.43%),P:1e-12	Tpos:149.4,Tstd:44.8,Bpos:121.9,Bstd:58.0,StrandBias:-1.1,Multiplicity:1.00
0.001	0.001	0.997	0.001
0.118	0.001	0.763	0.118
0.237	0.118	0.013	0.632
0.118	0.001	0.118	0.763
0.118	0.013	0.001	0.868
0.881	0.117	0.001	0.001
0.762	0.001	0.236	0.001
0.118	0.001	0.236	0.645
0.001	0.001	0.997	0.001
0.118	0.001	0.763	0.118
0.001	0.001	0.001	0.997
0.001	0.001	0.012	0.986
>GTTTAWATAMCG	7-GTTTAWATAMCG	10.757555	-28.052453	0	T:8.0(2.99%),B:1.9(0.08%),P:1e-12	Tpos:133.9,Tstd:70.9,Bpos:177.5,Bstd:20.3,StrandBias:1.0,Multiplicity:1.88
0.118	0.001	0.763	0.118
0.001	0.118	0.118	0.763
0.001	0.001	0.001	0.997
0.001	0.001	0.001	0.997
0.838	0.001	0.160	0.001
0.484	0.118	0.001	0.397
0.957	0.041	0.001	0.001
0.289	0.236	0.001	0.474
0.881	0.001	0.117	0.001
0.488	0.510	0.001	0.001
0.001	0.633	0.001	0.365
0.001	0.009	0.598	0.392
>GAGTTCTATATG	8-GAGTTCTATATG	10.764571	-28.052453	0	T:8.0(2.99%),B:1.7(0.07%),P:1e-12	Tpos:132.2,Tstd:80.1,Bpos:100.0,Bstd:0.0,StrandBias:0.0,Multiplicity:1.50
0.118	0.118	0.763	0.001
0.527	0.118	0.118	0.237
0.117	0.001	0.881	0.001
0.118	0.001	0.118	0.763
0.001	0.128	0.001	0.870
0.118	0.645	0.001	0.236
0.001	0.117	0.001	0.881
0.870	0.001	0.128	0.001
0.001	0.001	0.117	0.881
0.988	0.001	0.010	0.001
0.001	0.001	0.001	0.997
0.001	0.010	0.988	0.001
>TCTACTGTGGCG	9-TCTACTGTGGCG	10.264889	-27.298135	0	T:12.0(4.48%),B:5.3(0.23%),P:1e-11	Tpos:123.8,Tstd:49.6,Bpos:171.7,Bstd:28.4,StrandBias:-0.5,Multiplicity:1.00
0.001	0.105	0.001	0.893
0.105	0.893	0.001	0.001
0.105	0.001	0.001	0.893
0.787	0.106	0.001	0.106
0.106	0.772	0.001	0.121
0.001	0.001	0.001	0.997
0.016	0.106	0.666	0.212
0.105	0.001	0.001	0.893
0.001	0.001	0.997	0.001
0.106	0.001	0.787	0.106
0.106	0.682	0.106	0.106
0.001	0.106	0.787	0.106
>AAACCGCAATAC	10-AAACCGCAATAC	10.071417	-26.519332	0	T:18.0(6.72%),B:17.5(0.76%),P:1e-11	Tpos:137.0,Tstd:67.2,Bpos:120.6,Bstd:53.3,StrandBias:0.6,Multiplicity:1.39
0.845	0.001	0.001	0.153
0.794	0.051	0.001	0.154
0.845	0.051	0.103	0.001
0.001	0.944	0.004	0.051
0.102	0.896	0.001	0.001
0.051	0.056	0.842	0.051
0.001	0.997	0.001	0.001
0.845	0.001	0.153	0.001
0.789	0.001	0.103	0.107
0.261	0.103	0.001	0.635
0.896	0.102	0.001	0.001
0.103	0.692	0.051	0.154
>GATGTNTATTTT	11-GATGTNTATTTT	11.497777	-23.369770	0	T:10.0(3.73%),B:4.9(0.21%),P:1e-10	Tpos:140.7,Tstd:61.4,Bpos:145.0,Bstd:51.5,StrandBias:-0.6,Multiplicity:1.00
0.001	0.001	0.997	0.001
0.489	0.285	0.224	0.001
0.265	0.285	0.001	0.449
0.001	0.001	0.997	0.001
0.001	0.001	0.325	0.673
0.245	0.245	0.265	0.245
0.001	0.001	0.001	0.997
0.997	0.001	0.001	0.001
0.001	0.001	0.001	0.997
0.001	0.001	0.001	0.997
0.001	0.001	0.001	0.997
0.001	0.001	0.001	0.997
>CCAGCAAAGCTA	12-CCAGCAAAGCTA	8.763256	-22.607063	0	T:8.0(2.99%),B:2.5(0.11%),P:1e-9	Tpos:118.5,Tstd:60.1,Bpos:134.1,Bstd:11.6,StrandBias:-0.9,Multiplicity:2.12
0.001	0.997	0.001	0.001
0.318	0.680	0.001	0.001
0.668	0.322	0.001	0.009
0.029	0.001	0.969	0.001
0.029	0.941	0.001	0.029
0.997	0.001	0.001	0.001
0.709	0.001	0.289	0.001
0.969	0.001	0.001	0.029
0.001	0.001	0.898	0.100
0.001	0.637	0.072	0.290
0.001	0.001	0.289	0.709
0.997	0.001	0.001	0.001
>TTTGTACAAAGG	13-TTTGTACAAAGG	10.683536	-20.261363	0	T:9.0(3.36%),B:4.6(0.20%),P:1e-8	Tpos:157.1,Tstd:81.0,Bpos:139.0,Bstd:120.6,StrandBias:0.5,Multiplicity:1.11
0.001	0.001	0.001	0.997
0.001	0.001	0.419	0.579
0.001	0.289	0.001	0.709
0.052	0.001	0.895	0.052
0.001	0.001	0.001	0.997
0.709	0.001	0.001	0.289
0.001	0.997	0.001	0.001
0.997	0.001	0.001	0.001
0.997	0.001	0.001	0.001
0.997	0.001	0.001	0.001
0.289	0.001	0.709	0.001
0.341	0.001	0.657	0.001
>HTATTGAATAAH	14-HTATTGAATAAH	9.540636	-17.238299	0	T:28.0(10.45%),B:72.2(3.12%),P:1e-7	Tpos:114.7,Tstd:88.0,Bpos:127.7,Bstd:88.3,StrandBias:0.5,Multiplicity:1.19
0.354	0.232	0.120	0.294
0.001	0.001	0.001	0.997
0.703	0.001	0.057	0.239
0.001	0.001	0.295	0.703
0.060	0.172	0.292	0.475
0.057	0.057	0.885	0.001
0.942	0.001	0.001	0.056
0.997	0.001	0.001	0.001
0.406	0.001	0.001	0.592
0.709	0.116	0.001	0.174
0.997	0.001	0.001	0.001
0.295	0.354	0.003	0.348
>CGGATAACTTTT	15-CGGATAACTTTT	10.227664	-17.107014	0	T:11.0(4.10%),B:10.0(0.43%),P:1e-7	Tpos:115.7,Tstd:74.8,Bpos:120.8,Bstd:80.7,StrandBias:0.5,Multiplicity:1.09
0.001	0.753	0.236	0.010
0.117	0.001	0.881	0.001
0.001	0.001	0.762	0.236
0.881	0.001	0.001	0.117
0.354	0.001	0.001	0.644
0.997	0.001	0.001	0.001
0.881	0.001	0.117	0.001
0.118	0.742	0.011	0.129
0.001	0.117	0.001	0.881
0.001	0.001	0.117	0.881
0.001	0.001	0.117	0.881
0.128	0.001	0.001	0.870
>GCGATATCTACT	16-GCGATATCTACT	10.549941	-15.696227	0	T:5.0(1.87%),B:1.6(0.07%),P:1e-6	Tpos:128.4,Tstd:55.6,Bpos:83.7,Bstd:23.7,StrandBias:2.0,Multiplicity:2.00
0.001	0.001	0.844	0.154
0.001	0.669	0.175	0.155
0.006	0.155	0.623	0.216
0.978	0.001	0.001	0.020
0.001	0.001	0.001	0.997
0.824	0.001	0.155	0.020
0.001	0.001	0.001	0.997
0.155	0.515	0.020	0.310
0.001	0.155	0.157	0.687
0.824	0.001	0.155	0.020
0.020	0.817	0.001	0.162
0.155	0.155	0.001	0.689
>CTATTTATGAAG	17-CTATTTATGAAG	9.308949	-15.696227	0	T:5.0(1.87%),B:0.0(0.00%),P:1e-6	Tpos:135.4,Tstd:72.1,Bpos:0.0,Bstd:0.0,StrandBias:3.2,Multiplicity:2.00
0.001	0.997	0.001	0.001
0.001	0.285	0.001	0.713
0.997	0.001	0.001	0.001
0.001	0.001	0.001	0.997
0.126	0.001	0.001	0.872
0.001	0.001	0.001	0.997
0.979	0.001	0.010	0.010
0.126	0.001	0.001	0.872
0.310	0.001	0.688	0.001
0.997	0.001	0.001	0.001
0.997	0.001	0.001	0.001
0.001	0.001	0.997	0.001
>GTAACTCGAACS	18-GTAACTCGAACS	10.702713	-15.696227	0	T:5.0(1.87%),B:0.0(0.00%),P:1e-6	Tpos:91.6,Tstd:46.4,Bpos:0.0,Bstd:0.0,StrandBias:10.0,Multiplicity:1.80
0.224	0.001	0.756	0.019
0.001	0.001	0.001	0.997
0.730	0.001	0.001	0.268
0.774	0.001	0.224	0.001
0.001	0.774	0.224	0.001
0.001	0.224	0.001	0.774
0.001	0.997	0.001	0.001
0.001	0.001	0.997	0.001
0.774	0.224	0.001	0.001
0.997	0.001	0.001	0.001
0.001	0.980	0.001	0.018
0.001	0.550	0.448	0.001
>AAACTACTAAAT	19-AAACTACTAAAT	10.409522	-15.602465	0	T:6.0(2.24%),B:2.7(0.12%),P:1e-6	Tpos:136.7,Tstd:47.3,Bpos:60.0,Bstd:29.6,StrandBias:1.0,Multiplicity:1.00
0.700	0.100	0.100	0.100
0.700	0.100	0.100	0.100
0.700	0.100	0.100	0.100
0.100	0.700	0.100	0.100
0.100	0.100	0.100	0.700
0.700	0.100	0.100	0.100
0.100	0.700	0.100	0.100
0.100	0.100	0.100	0.700
0.700	0.100	0.100	0.100
0.700	0.100	0.100	0.100
0.700	0.100	0.100	0.100
0.100	0.100	0.100	0.700
>CATTTCAYATCA	20-CATTTCAYATCA	10.692841	-13.464635	0	T:9.0(3.36%),B:9.3(0.40%),P:1e-5	Tpos:128.7,Tstd:68.5,Bpos:75.1,Bstd:88.4,StrandBias:0.6,Multiplicity:1.11
0.016	0.982	0.001	0.001
0.632	0.001	0.001	0.366
0.001	0.001	0.001	0.997
0.001	0.001	0.001	0.997
0.001	0.001	0.001	0.997
0.001	0.997	0.001	0.001
0.997	0.001	0.001	0.001
0.184	0.433	0.016	0.367
0.982	0.001	0.001	0.016
0.001	0.001	0.001	0.997
0.184	0.433	0.200	0.184
0.633	0.183	0.001	0.183
>AGGCTCATWATC	21-AGGCTCATWATC	9.519524	-11.912946	0	T:4.0(1.49%),B:0.9(0.04%),P:1e-5	Tpos:100.7,Tstd:62.8,Bpos:89.0,Bstd:0.0,StrandBias:1.8,Multiplicity:2.25
0.997	0.001	0.001	0.001
0.001	0.028	0.970	0.001
0.001	0.001	0.970	0.028
0.183	0.815	0.001	0.001
0.001	0.066	0.001	0.932
0.001	0.997	0.001	0.001
0.997	0.001	0.001	0.001
0.001	0.001	0.001	0.997
0.408	0.184	0.001	0.408
0.970	0.001	0.001	0.028
0.001	0.001	0.001	0.997
0.001	0.997	0.001	0.001
>TTTCTTGTGGCC	22-TTTCTTGTGGCC	11.547162	-11.636768	0	T:6.0(2.24%),B:4.8(0.21%),P:1e-5	Tpos:133.3,Tstd:37.4,Bpos:181.9,Bstd:52.5,StrandBias:1.0,Multiplicity:1.00
0.001	0.001	0.001	0.997
0.183	0.001	0.001	0.815
0.001	0.001	0.001	0.997
0.183	0.815	0.001	0.001
0.001	0.001	0.001	0.997
0.001	0.001	0.183	0.815
0.001	0.001	0.815	0.183
0.001	0.057	0.001	0.941
0.001	0.001	0.815	0.183
0.001	0.001	0.997	0.001
0.183	0.633	0.001	0.183
0.184	0.449	0.184	0.184
>TTGTTGGTACAT	23-TTGTTGGTACAT	7.547066	-10.758100	0	T:7.0(2.61%),B:7.9(0.34%),P:1e-4	Tpos:159.9,Tstd:74.1,Bpos:119.8,Bstd:69.3,StrandBias:0.7,Multiplicity:2.29
0.001	0.001	0.001	0.997
0.001	0.001	0.101	0.897
0.204	0.001	0.794	0.001
0.001	0.001	0.001	0.997
0.001	0.001	0.001	0.997
0.001	0.001	0.997	0.001
0.001	0.001	0.794	0.204
0.001	0.001	0.001	0.997
0.794	0.001	0.204	0.001
0.001	0.997	0.001	0.001
0.997	0.001	0.001	0.001
0.204	0.001	0.001	0.794
>TGATGGATCCGA	24-TGATGGATCCGA	9.541311	-9.231187	0	T:4.0(1.49%),B:2.3(0.10%),P:1e-4	Tpos:115.0,Tstd:68.8,Bpos:118.0,Bstd:0.0,StrandBias:10.0,Multiplicity:2.75
0.001	0.001	0.001	0.997
0.001	0.001	0.997	0.001
0.997	0.001	0.001	0.001
0.001	0.001	0.001	0.997
0.154	0.001	0.844	0.001
0.001	0.001	0.997	0.001
0.997	0.001	0.001	0.001
0.001	0.001	0.001	0.997
0.001	0.921	0.001	0.077
0.001	0.689	0.001	0.309
0.001	0.001	0.997	0.001
0.766	0.232	0.001	0.001
>TSTATATATATA	25-TSTATATATATA	11.560609	-5.954854	0	T:5.0(1.87%),B:8.9(0.39%),P:1e-2	Tpos:102.0,Tstd:74.8,Bpos:124.3,Bstd:74.3,StrandBias:0.7,Multiplicity:1.20
0.001	0.001	0.154	0.844
0.019	0.465	0.465	0.051
0.001	0.001	0.001	0.997
0.844	0.001	0.001	0.154
0.001	0.001	0.001	0.997
0.997	0.001	0.001	0.001
0.001	0.001	0.154	0.844
0.689	0.155	0.001	0.155
0.154	0.001	0.001	0.844
0.951	0.001	0.047	0.001
0.001	0.001	0.001	0.997
0.997	0.001	0.001	0.001
>ACCGCA	1-ACCGCA	6.141096	-23.745477	0	T:141.0(52.61%),B:768.3(33.22%),P:1e-10	Tpos:127.5,Tstd:58.1,Bpos:122.2,Bstd:65.2,StrandBias:-0.1,Multiplicity:1.49
0.883	0.115	0.001	0.001
0.001	0.997	0.001	0.001
0.001	0.997	0.001	0.001
0.282	0.130	0.587	0.001
0.001	0.997	0.001	0.001
0.997	0.001	0.001	0.001
>RATCCG	2-RATCCG	4.952403	-12.783857	0	T:134.0(50.00%),B:838.5(36.25%),P:1e-5	Tpos:126.3,Tstd:67.1,Bpos:126.9,Bstd:77.7,StrandBias:-0.0,Multiplicity:1.56
0.414	0.001	0.442	0.143
0.740	0.001	0.001	0.258
0.115	0.339	0.001	0.545
0.300	0.698	0.001	0.001
0.001	0.997	0.001	0.001
0.350	0.001	0.648	0.001
>GGCTTA	3-GGCTTA	4.770554	-11.033302	0	T:156.0(58.21%),B:1049.5(45.37%),P:1e-4	Tpos:119.7,Tstd:62.7,Bpos:124.1,Bstd:76.5,StrandBias:0.2,Multiplicity:1.42
0.179	0.001	0.819	0.001
0.001	0.001	0.997	0.001
0.194	0.804	0.001	0.001
0.001	0.001	0.001	0.997
0.001	0.001	0.001	0.997
0.837	0.001	0.161	0.001
>GGACGT	4-GGACGT	6.824333	-7.237203	0	T:35.0(13.06%),B:170.5(7.37%),P:1e-3	Tpos:117.0,Tstd:62.6,Bpos:127.2,Bstd:63.6,StrandBias:-0.1,Multiplicity:1.12
0.001	0.001	0.997	0.001
0.001	0.001	0.997	0.001
0.770	0.001	0.001	0.228
0.001	0.997	0.001	0.001
0.001	0.001	0.997	0.001
0.001	0.001	0.001	0.997
>GTGAGT	5-GTGAGT	6.177716	-3.416213	0	T:27.0(10.07%),B:160.2(6.93%),P:1e-1	Tpos:120.5,Tstd:76.4,Bpos:117.6,Bstd:77.3,StrandBias:-0.6,Multiplicity:1.42
0.100	0.100	0.700	0.100
0.100	0.100	0.100	0.700
0.100	0.100	0.700	0.100
0.700	0.100	0.100	0.100
0.100	0.100	0.700	0.100
0.100	0.100	0.100	0.700
>GATGCGGT	1-GATGCGGT	7.238063	-21.693799	0	T:18.0(6.72%),B:23.9(1.03%),P:1e-9	Tpos:127.1,Tstd:53.6,Bpos:137.1,Bstd:61.5,StrandBias:-0.2,Multiplicity:1.13
0.001	0.164	0.834	0.001
0.997	0.001	0.001	0.001
0.001	0.001	0.143	0.855
0.001	0.001	0.997	0.001
0.001	0.919	0.079	0.001
0.001	0.001	0.997	0.001
0.001	0.001	0.997	0.001
0.001	0.001	0.001	0.997
>TAAGCCGC	2-TAAGCCGC	7.055815	-21.580195	0	T:42.0(15.67%),B:123.5(5.34%),P:1e-9	Tpos:111.0,Tstd:59.7,Bpos:135.1,Bstd:68.5,StrandBias:1.1,Multiplicity:1.08
0.001	0.001	0.001	0.997
0.997	0.001	0.001	0.001
0.845	0.001	0.044	0.110
0.091	0.001	0.784	0.124
0.001	0.997	0.001	0.001
0.001	0.933	0.001	0.065
0.072	0.068	0.762	0.098
0.212	0.728	0.001	0.059
>TTTTGCGG	3-TTTTGCGG	4.649704	-18.958687	0	T:126.0(47.01%),B:699.7(30.25%),P:1e-8	Tpos:131.8,Tstd:63.7,Bpos:123.4,Bstd:76.9,StrandBias:0.1,Multiplicity:1.39
0.275	0.034	0.059	0.632
0.187	0.001	0.001	0.811
0.001	0.001	0.001	0.997
0.047	0.001	0.001	0.951
0.001	0.001	0.997	0.001
0.056	0.687	0.027	0.230
0.001	0.001	0.997	0.001
0.001	0.033	0.965	0.001
>CCAAATCT	4-CCAAATCT	6.761124	-18.735296	0	T:30.0(11.19%),B:76.7(3.32%),P:1e-8	Tpos:119.8,Tstd:66.4,Bpos:124.9,Bstd:81.2,StrandBias:0.0,Multiplicity:1.00
0.001	0.997	0.001	0.001
0.001	0.839	0.001	0.159
0.897	0.001	0.001	0.101
0.997	0.001	0.001	0.001
0.833	0.088	0.001	0.078
0.001	0.001	0.001	0.997
0.001	0.997	0.001	0.001
0.001	0.001	0.001	0.997
>AAACCAGG	5-AAACCAGG	5.555425	-18.146296	0	T:94.0(35.07%),B:469.7(20.31%),P:1e-7	Tpos:122.4,Tstd:67.3,Bpos:121.7,Bstd:79.8,StrandBias:0.0,Multiplicity:1.22
0.743	0.121	0.078	0.058
0.792	0.061	0.087	0.060
0.764	0.105	0.044	0.087
0.110	0.661	0.080	0.149
0.073	0.884	0.001	0.042
0.613	0.154	0.111	0.122
0.075	0.066	0.827	0.032
0.147	0.081	0.726	0.046
>TACGCTAT	6-TACGCTAT	7.227307	-17.801333	0	T:31.0(11.57%),B:84.8(3.67%),P:1e-7	Tpos:106.2,Tstd:69.3,Bpos:122.1,Bstd:77.5,StrandBias:0.3,Multiplicity:1.20
0.057	0.018	0.001	0.924
0.980	0.009	0.010	0.001
0.222	0.607	0.021	0.150
0.001	0.012	0.918	0.069
0.012	0.954	0.001	0.033
0.001	0.047	0.018	0.934
0.892	0.001	0.001	0.106
0.001	0.031	0.119	0.849
>GCAGCATG	7-GCAGCATG	7.042628	-17.560298	0	T:41.0(15.30%),B:136.8(5.92%),P:1e-7	Tpos:120.3,Tstd:63.2,Bpos:124.8,Bstd:70.2,StrandBias:0.3,Multiplicity:1.10
0.131	0.137	0.721	0.011
0.111	0.786	0.001	0.102
0.997	0.001	0.001	0.001
0.001	0.104	0.894	0.001
0.050	0.897	0.029	0.024
0.868	0.043	0.029	0.060
0.001	0.028	0.001	0.970
0.001	0.001	0.924	0.074
>CTACTAGG	8-CTACTAGG	7.332768	-16.672137	0	T:24.0(8.96%),B:56.7(2.45%),P:1e-7	Tpos:131.5,Tstd:69.6,Bpos:121.4,Bstd:63.2,StrandBias:0.5,Multiplicity:1.13
0.001	0.805	0.193	0.001
0.001	0.168	0.001	0.830
0.997	0.001	0.001	0.001
0.001	0.645	0.169	0.185
0.001	0.001	0.001	0.997
0.739	0.001	0.001	0.259
0.001	0.001	0.997	0.001
0.001	0.211	0.787	0.001
>CCSTGMGT	9-CCSTGMGT	5.251625	-16.521342	0	T:91.0(33.96%),B:463.5(20.04%),P:1e-7	Tpos:109.6,Tstd:67.0,Bpos:122.8,Bstd:63.8,StrandBias:0.5,Multiplicity:1.25
0.001	0.690	0.160	0.149
0.001	0.997	0.001	0.001
0.103	0.406	0.430	0.061
0.060	0.001	0.060	0.879
0.001	0.001	0.997	0.001
0.451	0.309	0.239	0.001
0.001	0.198	0.800	0.001
0.001	0.001	0.196	0.802
>GGGGACGT	10-GGGGACGT	8.236954	-15.602465	0	T:6.0(2.24%),B:2.9(0.12%),P:1e-6	Tpos:86.4,Tstd:84.8,Bpos:167.4,Bstd:36.9,StrandBias:2.0,Multiplicity:1.00
0.100	0.100	0.700	0.100
0.100	0.100	0.700	0.100
0.100	0.100	0.700	0.100
0.100	0.100	0.700	0.100
0.700	0.100	0.100	0.100
0.100	0.700	0.100	0.100
0.100	0.100	0.700	0.100
0.100	0.100	0.100	0.700
>ATACCGTT	11-ATACCGTT	9.875300	-13.960891	0	T:10.0(3.73%),B:11.5(0.50%),P:1e-6	Tpos:112.6,Tstd:87.7,Bpos:111.9,Bstd:79.9,StrandBias:0.6,Multiplicity:1.00
0.997	0.001	0.001	0.001
0.001	0.001	0.001	0.997
0.695	0.001	0.001	0.303
0.001	0.997	0.001	0.001
0.001	0.997	0.001	0.001
0.001	0.001	0.997	0.001
0.001	0.001	0.001	0.997
0.001	0.001	0.001	0.997
>GAATCCGG	12-GAATCCGG	3.257369	-13.617023	0	T:31.0(11.57%),B:102.7(4.44%),P:1e-5	Tpos:117.6,Tstd:65.3,Bpos:131.8,Bstd:75.5,StrandBias:0.6,Multiplicity:1.29
0.001	0.001	0.997	0.001
0.850	0.001	0.148	0.001
0.997	0.001	0.001	0.001
0.001	0.001	0.001	0.997
0.001	0.997	0.001	0.001
0.001	0.997	0.001	0.001
0.335	0.001	0.663	0.001
0.310	0.001	0.607	0.082
>CGTTCSAT	13-CGTTCSAT	7.380925	-13.555404	0	T:19.0(7.09%),B:45.0(1.95%),P:1e-5	Tpos:138.4,Tstd:63.6,Bpos:124.0,Bstd:65.2,StrandBias:-1.5,Multiplicity:1.16
0.001	0.997	0.001	0.001
0.001	0.131	0.867	0.001
0.001	0.001	0.001	0.997
0.082	0.001	0.001	0.916
0.001	0.997	0.001	0.001
0.001	0.530	0.468	0.001
0.745	0.001	0.253	0.001
0.001	0.001	0.001	0.997
>TSCCGBSG	14-TSCCGBSG	5.986208	-12.916125	0	T:19.0(7.09%),B:46.4(2.01%),P:1e-5	Tpos:101.9,Tstd:58.3,Bpos:129.4,Bstd:61.3,StrandBias:0.1,Multiplicity:1.17
0.135	0.155	0.122	0.588
0.001	0.418	0.399	0.182
0.095	0.654	0.021	0.230
0.237	0.451	0.246	0.066
0.001	0.001	0.997	0.001
0.015	0.332	0.307	0.345
0.089	0.478	0.421	0.012
0.001	0.087	0.601	0.311
>GACCCGTC	15-GACCCGTC	8.476901	-12.616488	0	T:9.0(3.36%),B:10.7(0.46%),P:1e-5	Tpos:123.4,Tstd:68.1,Bpos:134.3,Bstd:34.0,StrandBias:0.3,Multiplicity:1.22
0.001	0.001	0.997	0.001
0.854	0.144	0.001	0.001
0.001	0.997	0.001	0.001
0.001	0.997	0.001	0.001
0.001	0.997	0.001	0.001
0.001	0.001	0.997	0.001
0.001	0.144	0.001	0.854
0.001	0.896	0.102	0.001
>GATCCCAG	16-GATCCCAG	9.326038	-12.491852	0	T:10.0(3.73%),B:13.7(0.59%),P:1e-5	Tpos:148.1,Tstd:58.5,Bpos:105.3,Bstd:58.0,StrandBias:-0.2,Multiplicity:1.30
0.001	0.001	0.997	0.001
0.997	0.001	0.001	0.001
0.001	0.001	0.001	0.997
0.001	0.765	0.233	0.001
0.001	0.997	0.001	0.001
0.001	0.997	0.001	0.001
0.770	0.228	0.001	0.001
0.001	0.001	0.997	0.001
>GTTTCTGA	17-GTTTCTGA	9.666899	-10.555001	0	T:9.0(3.36%),B:13.2(0.57%),P:1e-4	Tpos:129.1,Tstd:75.6,Bpos:116.3,Bstd:72.3,StrandBias:0.6,Multiplicity:1.11
0.001	0.001	0.997	0.001
0.001	0.001	0.001	0.997
0.001	0.001	0.001	0.997
0.001	0.001	0.001	0.997
0.001	0.997	0.001	0.001
0.001	0.001	0.001	0.997
0.001	0.001	0.997	0.001
0.752	0.246	0.001	0.001
>GTTAACAT	18-GTTAACAT	9.040212	-9.390707	0	T:15.0(5.60%),B:40.6(1.76%),P:1e-4	Tpos:67.2,Tstd:55.4,Bpos:108.5,Bstd:69.7,StrandBias:-0.2,Multiplicity:1.07
0.001	0.001	0.997	0.001
0.001	0.001	0.001	0.997
0.001	0.001	0.001	0.997
0.997	0.001	0.001	0.001
0.997	0.001	0.001	0.001
0.001	0.836	0.162	0.001
0.809	0.001	0.001	0.189
0.001	0.001	0.001	0.997
>GGTATCGA	19-GGTATCGA	10.863827	-8.025285	0	T:5.0(1.87%),B:5.6(0.24%),P:1e-3	Tpos:100.8,Tstd:76.6,Bpos:104.7,Bstd:56.6,StrandBias:0.6,Multiplicity:1.00
0.001	0.001	0.997	0.001
0.097	0.001	0.901	0.001
0.001	0.001	0.001	0.997
0.997	0.001	0.001	0.001
0.001	0.001	0.001	0.997
0.001	0.997	0.001	0.001
0.001	0.001	0.997	0.001
0.901	0.097	0.001	0.001
>TTGTGTAC	20-TTGTGTAC	6.755609	-8.016955	0	T:20.0(7.46%),B:72.0(3.11%),P:1e-3	Tpos:137.0,Tstd:61.9,Bpos:127.1,Bstd:92.6,StrandBias:1.2,Multiplicity:1.29
0.001	0.001	0.001	0.997
0.001	0.001	0.244	0.754
0.001	0.401	0.597	0.001
0.001	0.001	0.001	0.997
0.001	0.001	0.997	0.001
0.001	0.044	0.001	0.954
0.997	0.001	0.001	0.001
0.001	0.997	0.001	0.001
>GTCGTGTT	21-GTCGTGTT	8.531024	-7.685369	0	T:15.0(5.60%),B:47.5(2.05%),P:1e-3	Tpos:105.3,Tstd:68.2,Bpos:134.2,Bstd:70.2,StrandBias:0.9,Multiplicity:1.53
0.246	0.001	0.752	0.001
0.001	0.001	0.001	0.997
0.001	0.997	0.001	0.001
0.001	0.001	0.997	0.001
0.001	0.286	0.001	0.712
0.001	0.001	0.997	0.001
0.001	0.251	0.045	0.703
0.046	0.096	0.208	0.650
>GYTCGAGT	22-GYTCGAGT	8.871097	-6.714513	0	T:9.0(3.36%),B:22.3(0.96%),P:1e-2	Tpos:97.9,Tstd:63.4,Bpos:136.4,Bstd:83.4,StrandBias:-3.6,Multiplicity:1.44
0.001	0.001	0.997	0.001
0.001	0.451	0.111	0.436
0.001	0.001	0.001	0.997
0.001	0.997	0.001	0.001
0.001	0.001	0.997	0.001
0.997	0.001	0.001	0.001
0.001	0.001	0.997	0.001
0.001	0.001	0.001	0.997
>TGGTTTAC	23-TGGTTTAC	8.236954	-6.201133	0	T:7.0(2.61%),B:15.8(0.68%),P:1e-2	Tpos:122.1,Tstd:68.2,Bpos:111.9,Bstd:44.0,StrandBias:-1.6,Multiplicity:1.33
0.100	0.100	0.100	0.700
0.100	0.100	0.700	0.100
0.100	0.100	0.700	0.100
0.100	0.100	0.100	0.700
0.100	0.100	0.100	0.700
0.100	0.100	0.100	0.700
0.700	0.100	0.100	0.100
0.100	0.700	0.100	0.100
>TTTGGATA	24-TTTGGATA	9.568739	-5.609093	0	T:17.0(6.34%),B:70.2(3.04%),P:1e-2	Tpos:116.7,Tstd:60.9,Bpos:142.4,Bstd:95.5,StrandBias:1.4,Multiplicity:1.38
0.001	0.001	0.001	0.997
0.001	0.001	0.001	0.997
0.001	0.001	0.001	0.997
0.001	0.001	0.997	0.001
0.001	0.001	0.997	0.001
0.775	0.001	0.001	0.223
0.001	0.001	0.001	0.997
0.997	0.001	0.001	0.001
>CGATATCG	25-CGATATCG	6.291044	-2.831851	0	T:20.0(7.46%),B:118.1(5.11%),P:1e-1	Tpos:113.8,Tstd:56.2,Bpos:121.7,Bstd:70.0,StrandBias:0.0,Multiplicity:1.31
0.100	0.700	0.100	0.100
0.100	0.100	0.700	0.100
0.700	0.100	0.100	0.100
0.100	0.100	0.100	0.700
0.700	0.100	0.100	0.100
0.100	0.100	0.100	0.700
0.100	0.700	0.100	0.100
0.100	0.100	0.700	0.100
