>AGAATTCTAAAA	1-AGAATTCTAAAA	10.471709	-50.435914	0	T:15.0(5.60%),B:2.2(0.09%),P:1e-21	Tpos:121.7,Tstd:83.5,Bpos:107.6,Bstd:67.4,StrandBias:0.6,Multiplicity:1.00
0.901	0.001	0.097	0.001
0.053	0.098	0.796	0.053
0.898	0.049	0.001	0.052
0.853	0.049	0.001	0.097
0.049	0.001	0.146	0.804
0.049	0.001	0.049	0.901
0.004	0.846	0.101	0.049
0.098	0.147	0.049	0.706
0.950	0.001	0.048	0.001
0.804	0.049	0.049	0.098
0.706	0.098	0.049	0.147
0.852	0.001	0.146	0.001
>CTTATACTTGTG	2-CTTATACTTGTG	9.952245	-50.435914	0	T:15.0(5.60%),B:2.3(0.10%),P:1e-21	Tpos:146.0,Tstd:64.2,Bpos:149.2,Bstd:83.5,StrandBias:0.7,Multiplicity:1.07
0.061	0.756	0.122	0.061
0.001	0.060	0.060	0.879
0.070	0.061	0.061	0.808
0.990	0.001	0.008	0.001
0.181	0.001	0.001	0.817
0.818	0.001	0.121	0.060
0.121	0.818	0.001	0.060
0.060	0.001	0.182	0.757
0.061	0.061	0.061	0.817
0.060	0.001	0.818	0.121
0.001	0.121	0.001	0.877
0.001	0.060	0.879	0.060
>GTCCTGTAAGTA	3-GTCCTGTAAGTA	10.274069	-36.928860	0	T:10.0(3.73%),B:1.9(0.08%),P:1e-16	Tpos:134.0,Tstd:59.8,Bpos:78.5,Bstd:57.0,StrandBias:2.0,Multiplicity:1.00
0.001	0.001	0.908	0.090
0.001	0.090	0.001	0.908
0.001	0.997	0.001	0.001
0.091	0.727	0.091	0.091
0.090	0.001	0.001	0.908
0.001	0.001	0.817	0.181
0.001	0.001	0.001	0.997
0.908	0.001	0.001	0.090
0.817	0.001	0.091	0.091
0.091	0.091	0.727	0.091
0.091	0.182	0.091	0.636
0.817	0.001	0.091	0.091
>GTTTTATGTGGT	4-GTTTTATGTGGT	8.955534	-35.420681	0	T:34.0(12.69%),B:51.1(2.21%),P:1e-15	Tpos:142.2,Tstd:61.1,Bpos:144.3,Bstd:82.2,StrandBias:0.4,Multiplicity:1.06
0.003	0.107	0.819	0.071
0.110	0.036	0.061	0.793
0.106	0.001	0.106	0.787
0.035	0.035	0.001	0.929
0.001	0.001	0.035	0.963
0.545	0.142	0.107	0.206
0.035	0.001	0.035	0.929
0.107	0.071	0.819	0.003
0.035	0.071	0.001	0.893
0.001	0.035	0.787	0.177
0.035	0.001	0.929	0.035
0.107	0.036	0.036	0.821
>HAAGAGAATCCA	5-HAAGAGAATCCA	12.169478	-32.436168	0	T:9.0(3.36%),B:1.8(0.08%),P:1e-14	Tpos:155.0,Tstd:51.4,Bpos:193.0,Bstd:0.0,StrandBias:0.3,Multiplicity:1.00
0.367	0.379	0.001	0.253
0.997	0.001	0.001	0.001
0.997	0.001	0.001	0.001
0.001	0.001	0.575	0.423
0.997	0.001	0.001	0.001
0.366	0.001	0.632	0.001
0.997	0.001	0.001	0.001
0.815	0.183	0.001	0.001
0.183	0.183	0.001	0.633
0.001	0.997	0.001	0.001
0.001	0.997	0.001	0.001
0.997	0.001	0.001	0.001
>GGTTTAATGGTT	6-GGTTTAATGGTT	9.817518	-29.797771	0	T:16.0(5.97%),B:10.1(0.43%),P:1e-12	Tpos:149.4,Tstd:44.8,Bpos:121.9,Bstd:58.0,StrandBias:-1.1,Multiplicity:1.00
0.001	0.001	0.997	0.001
0.118	0.001	0.763	0.118
0.237	0.118	0.013	0.632
0.118	0.001	0.118	0.763
0.118	0.013	0.001	0.868
0.881	0.117	0.001	0.001
0.762	0.001	0.236	0.001
0.118	0.001	0.236	0.645
0.001	0.001	0.997	0.001
0.118	0.001	0.763	0.118
0.001	0.001	0.001	0.997
0.001	0.001	0.012	0.986
>GTTTAWATAMCG	7-GTTTAWATAMCG	10.757555	-28.052453	0	T:8.0(2.99%),B:1.9(0.08%),P:1e-12	Tpos:133.9,Tstd:70.9,Bpos:177.5,Bstd:20.3,StrandBias:1.0,Multiplicity:1.88
0.118	0.001	0.763	0.118
0.001	0.118	0.118	0.763
0.001	0.001	0.001	0.997
0.001	0.001	0.001	0.997
0.838	0.001	0.160	0.001
0.484	0.118	0.001	0.397
0.957	0.041	0.001	0.001
0.289	0.236	0.001	0.474
0.881	0.001	0.117	0.001
0.488	0.510	0.001	0.001
0.001	0.633	0.001	0.365
0.001	0.009	0.598	0.392
>GAGTTCTATATG	8-GAGTTCTATATG	10.764571	-28.052453	0	T:8.0(2.99%),B:1.7(0.07%),P:1e-12	Tpos:132.2,Tstd:80.1,Bpos:100.0,Bstd:0.0,StrandBias:0.0,Multiplicity:1.50
0.118	0.118	0.763	0.001
0.527	0.118	0.118	0.237
0.117	0.001	0.881	0.001
0.118	0.001	0.118	0.763
0.001	0.128	0.001	0.870
0.118	0.645	0.001	0.236
0.001	0.117	0.001	0.881
0.870	0.001	0.128	0.001
0.001	0.001	0.117	0.881
0.988	0.001	0.010	0.001
0.001	0.001	0.001	0.997
0.001	0.010	0.988	0.001
>TCTACTGTGGCG	9-TCTACTGTGGCG	10.264889	-27.298135	0	T:12.0(4.48%),B:5.3(0.23%),P:1e-11	Tpos:123.8,Tstd:49.6,Bpos:171.7,Bstd:28.4,StrandBias:-0.5,Multiplicity:1.00
0.001	0.105	0.001	0.893
0.105	0.893	0.001	0.001
0.105	0.001	0.001	0.893
0.787	0.106	0.001	0.106
0.106	0.772	0.001	0.121
0.001	0.001	0.001	0.997
0.016	0.106	0.666	0.212
0.105	0.001	0.001	0.893
0.001	0.001	0.997	0.001
0.106	0.001	0.787	0.106
0.106	0.682	0.106	0.106
0.001	0.106	0.787	0.106
>AAACCGCAATAC	10-AAACCGCAATAC	10.071417	-26.519332	0	T:18.0(6.72%),B:17.5(0.76%),P:1e-11	Tpos:137.0,Tstd:67.2,Bpos:120.6,Bstd:53.3,StrandBias:0.6,Multiplicity:1.39
0.845	0.001	0.001	0.153
0.794	0.051	0.001	0.154
0.845	0.051	0.103	0.001
0.001	0.944	0.004	0.051
0.102	0.896	0.001	0.001
0.051	0.056	0.842	0.051
0.001	0.997	0.001	0.001
0.845	0.001	0.153	0.001
0.789	0.001	0.103	0.107
0.261	0.103	0.001	0.635
0.896	0.102	0.001	0.001
0.103	0.692	0.051	0.154
>GATGTNTATTTT	11-GATGTNTATTTT	11.497777	-23.369770	0	T:10.0(3.73%),B:4.9(0.21%),P:1e-10	Tpos:140.7,Tstd:61.4,Bpos:145.0,Bstd:51.5,StrandBias:-0.6,Multiplicity:1.00
0.001	0.001	0.997	0.001
0.489	0.285	0.224	0.001
0.265	0.285	0.001	0.449
0.001	0.001	0.997	0.001
0.001	0.001	0.325	0.673
0.245	0.245	0.265	0.245
0.001	0.001	0.001	0.997
0.997	0.001	0.001	0.001
0.001	0.001	0.001	0.997
0.001	0.001	0.001	0.997
0.001	0.001	0.001	0.997
0.001	0.001	0.001	0.997
>CCAGCAAAGCTA	12-CCAGCAAAGCTA	8.763256	-22.607063	0	T:8.0(2.99%),B:2.5(0.11%),P:1e-9	Tpos:118.5,Tstd:60.1,Bpos:134.1,Bstd:11.6,StrandBias:-0.9,Multiplicity:2.12
0.001	0.997	0.001	0.001
0.318	0.680	0.001	0.001
0.668	0.322	0.001	0.009
0.029	0.001	0.969	0.001
0.029	0.941	0.001	0.029
0.997	0.001	0.001	0.001
0.709	0.001	0.289	0.001
0.969	0.001	0.001	0.029
0.001	0.001	0.898	0.100
0.001	0.637	0.072	0.290
0.001	0.001	0.289	0.709
0.997	0.001	0.001	0.001
>TTTGTACAAAGG	13-TTTGTACAAAGG	10.683536	-20.261363	0	T:9.0(3.36%),B:4.6(0.20%),P:1e-8	Tpos:157.1,Tstd:81.0,Bpos:139.0,Bstd:120.6,StrandBias:0.5,Multiplicity:1.11
0.001	0.001	0.001	0.997
0.001	0.001	0.419	0.579
0.001	0.289	0.001	0.709
0.052	0.001	0.895	0.052
0.001	0.001	0.001	0.997
0.709	0.001	0.001	0.289
0.001	0.997	0.001	0.001
0.997	0.001	0.001	0.001
0.997	0.001	0.001	0.001
0.997	0.001	0.001	0.001
0.289	0.001	0.709	0.001
0.341	0.001	0.657	0.001
>HTATTGAATAAH	14-HTATTGAATAAH	9.540636	-17.238299	0	T:28.0(10.45%),B:72.2(3.12%),P:1e-7	Tpos:114.7,Tstd:88.0,Bpos:127.7,Bstd:88.3,StrandBias:0.5,Multiplicity:1.19
0.354	0.232	0.120	0.294
0.001	0.001	0.001	0.997
0.703	0.001	0.057	0.239
0.001	0.001	0.295	0.703
0.060	0.172	0.292	0.475
0.057	0.057	0.885	0.001
0.942	0.001	0.001	0.056
0.997	0.001	0.001	0.001
0.406	0.001	0.001	0.592
0.709	0.116	0.001	0.174
0.997	0.001	0.001	0.001
0.295	0.354	0.003	0.348
>CGGATAACTTTT	15-CGGATAACTTTT	10.227664	-17.107014	0	T:11.0(4.10%),B:10.0(0.43%),P:1e-7	Tpos:115.7,Tstd:74.8,Bpos:120.8,Bstd:80.7,StrandBias:0.5,Multiplicity:1.09
0.001	0.753	0.236	0.010
0.117	0.001	0.881	0.001
0.001	0.001	0.762	0.236
0.881	0.001	0.001	0.117
0.354	0.001	0.001	0.644
0.997	0.001	0.001	0.001
0.881	0.001	0.117	0.001
0.118	0.742	0.011	0.129
0.001	0.117	0.001	0.881
0.001	0.001	0.117	0.881
0.001	0.001	0.117	0.881
0.128	0.001	0.001	0.870
>GCGATATCTACT	16-GCGATATCTACT	10.549941	-15.696227	0	T:5.0(1.87%),B:1.6(0.07%),P:1e-6	Tpos:128.4,Tstd:55.6,Bpos:83.7,Bstd:23.7,StrandBias:2.0,Multiplicity:2.00
0.001	0.001	0.844	0.154
0.001	0.669	0.175	0.155
0.006	0.155	0.623	0.216
0.978	0.001	0.001	0.020
0.001	0.001	0.001	0.997
0.824	0.001	0.155	0.020
0.001	0.001	0.001	0.997
0.155	0.515	0.020	0.310
0.001	0.155	0.157	0.687
0.824	0.001	0.155	0.020
0.020	0.817	0.001	0.162
0.155	0.155	0.001	0.689
>CTATTTATGAAG	17-CTATTTATGAAG	9.308949	-15.696227	0	T:5.0(1.87%),B:0.0(0.00%),P:1e-6	Tpos:135.4,Tstd:72.1,Bpos:0.0,Bstd:0.0,StrandBias:3.2,Multiplicity:2.00
0.001	0.997	0.001	0.001
0.001	0.285	0.001	0.713
0.997	0.001	0.001	0.001
0.001	0.001	0.001	0.997
0.126	0.001	0.001	0.872
0.001	0.001	0.001	0.997
0.979	0.001	0.010	0.010
0.126	0.001	0.001	0.872
0.310	0.001	0.688	0.001
0.997	0.001	0.001	0.001
0.997	0.001	0.001	0.001
0.001	0.001	0.997	0.001
>GTAACTCGAACS	18-GTAACTCGAACS	10.702713	-15.696227	0	T:5.0(1.87%),B:0.0(0.00%),P:1e-6	Tpos:91.6,Tstd:46.4,Bpos:0.0,Bstd:0.0,StrandBias:10.0,Multiplicity:1.80
0.224	0.001	0.756	0.019
0.001	0.001	0.001	0.997
0.730	0.001	0.001	0.268
0.774	0.001	0.224	0.001
0.001	0.774	0.224	0.001
0.001	0.224	0.001	0.774
0.001	0.997	0.001	0.001
0.001	0.001	0.997	0.001
0.774	0.224	0.001	0.001
0.997	0.001	0.001	0.001
0.001	0.980	0.001	0.018
0.001	0.550	0.448	0.001
>AAACTACTAAAT	19-AAACTACTAAAT	10.409522	-15.602465	0	T:6.0(2.24%),B:2.7(0.12%),P:1e-6	Tpos:136.7,Tstd:47.3,Bpos:60.0,Bstd:29.6,StrandBias:1.0,Multiplicity:1.00
0.700	0.100	0.100	0.100
0.700	0.100	0.100	0.100
0.700	0.100	0.100	0.100
0.100	0.700	0.100	0.100
0.100	0.100	0.100	0.700
0.700	0.100	0.100	0.100
0.100	0.700	0.100	0.100
0.100	0.100	0.100	0.700
0.700	0.100	0.100	0.100
0.700	0.100	0.100	0.100
0.700	0.100	0.100	0.100
0.100	0.100	0.100	0.700
>CATTTCAYATCA	20-CATTTCAYATCA	10.692841	-13.464635	0	T:9.0(3.36%),B:9.3(0.40%),P:1e-5	Tpos:128.7,Tstd:68.5,Bpos:75.1,Bstd:88.4,StrandBias:0.6,Multiplicity:1.11
0.016	0.982	0.001	0.001
0.632	0.001	0.001	0.366
0.001	0.001	0.001	0.997
0.001	0.001	0.001	0.997
0.001	0.001	0.001	0.997
0.001	0.997	0.001	0.001
0.997	0.001	0.001	0.001
0.184	0.433	0.016	0.367
0.982	0.001	0.001	0.016
0.001	0.001	0.001	0.997
0.184	0.433	0.200	0.184
0.633	0.183	0.001	0.183
>AGGCTCATWATC	21-AGGCTCATWATC	9.519524	-11.912946	0	T:4.0(1.49%),B:0.9(0.04%),P:1e-5	Tpos:100.7,Tstd:62.8,Bpos:89.0,Bstd:0.0,StrandBias:1.8,Multiplicity:2.25
0.997	0.001	0.001	0.001
0.001	0.028	0.970	0.001
0.001	0.001	0.970	0.028
0.183	0.815	0.001	0.001
0.001	0.066	0.001	0.932
0.001	0.997	0.001	0.001
0.997	0.001	0.001	0.001
0.001	0.001	0.001	0.997
0.408	0.184	0.001	0.408
0.970	0.001	0.001	0.028
0.001	0.001	0.001	0.997
0.001	0.997	0.001	0.001
>TTTCTTGTGGCC	22-TTTCTTGTGGCC	11.547162	-11.636768	0	T:6.0(2.24%),B:4.8(0.21%),P:1e-5	Tpos:133.3,Tstd:37.4,Bpos:181.9,Bstd:52.5,StrandBias:1.0,Multiplicity:1.00
0.001	0.001	0.001	0.997
0.183	0.001	0.001	0.815
0.001	0.001	0.001	0.997
0.183	0.815	0.001	0.001
0.001	0.001	0.001	0.997
0.001	0.001	0.183	0.815
0.001	0.001	0.815	0.183
0.001	0.057	0.001	0.941
0.001	0.001	0.815	0.183
0.001	0.001	0.997	0.001
0.183	0.633	0.001	0.183
0.184	0.449	0.184	0.184
>TTGTTGGTACAT	23-TTGTTGGTACAT	7.547066	-10.758100	0	T:7.0(2.61%),B:7.9(0.34%),P:1e-4	Tpos:159.9,Tstd:74.1,Bpos:119.8,Bstd:69.3,StrandBias:0.7,Multiplicity:2.29
0.001	0.001	0.001	0.997
0.001	0.001	0.101	0.897
0.204	0.001	0.794	0.001
0.001	0.001	0.001	0.997
0.001	0.001	0.001	0.997
0.001	0.001	0.997	0.001
0.001	0.001	0.794	0.204
0.001	0.001	0.001	0.997
0.794	0.001	0.204	0.001
0.001	0.997	0.001	0.001
0.997	0.001	0.001	0.001
0.204	0.001	0.001	0.794
>TGATGGATCCGA	24-TGATGGATCCGA	9.541311	-9.231187	0	T:4.0(1.49%),B:2.3(0.10%),P:1e-4	Tpos:115.0,Tstd:68.8,Bpos:118.0,Bstd:0.0,StrandBias:10.0,Multiplicity:2.75
0.001	0.001	0.001	0.997
0.001	0.001	0.997	0.001
0.997	0.001	0.001	0.001
0.001	0.001	0.001	0.997
0.154	0.001	0.844	0.001
0.001	0.001	0.997	0.001
0.997	0.001	0.001	0.001
0.001	0.001	0.001	0.997
0.001	0.921	0.001	0.077
0.001	0.689	0.001	0.309
0.001	0.001	0.997	0.001
0.766	0.232	0.001	0.001
>TSTATATATATA	25-TSTATATATATA	11.560609	-5.954854	0	T:5.0(1.87%),B:8.9(0.39%),P:1e-2	Tpos:102.0,Tstd:74.8,Bpos:124.3,Bstd:74.3,StrandBias:0.7,Multiplicity:1.20
0.001	0.001	0.154	0.844
0.019	0.465	0.465	0.051
0.001	0.001	0.001	0.997
0.844	0.001	0.001	0.154
0.001	0.001	0.001	0.997
0.997	0.001	0.001	0.001
0.001	0.001	0.154	0.844
0.689	0.155	0.001	0.155
0.154	0.001	0.001	0.844
0.951	0.001	0.047	0.001
0.001	0.001	0.001	0.997
0.997	0.001	0.001	0.001
