>ATCCACCTGC	1-ATCCACCTGC	7.941801	-30.480079	0	T:34.0(24.29%),B:129.9(5.32%),P:1e-13	Tpos:118.3,Tstd:56.7,Bpos:120.0,Bstd:62.9,StrandBias:0.2,Multiplicity:1.06
0.776	0.134	0.089	0.001
0.190	0.135	0.142	0.533
0.134	0.722	0.001	0.143
0.138	0.640	0.148	0.074
0.925	0.073	0.001	0.001
0.036	0.962	0.001	0.001
0.170	0.828	0.001	0.001
0.139	0.001	0.001	0.859
0.001	0.001	0.819	0.179
0.001	0.932	0.001	0.066
>GAAGCGCGCC	2-GAAGCGCGCC	11.276337	-28.734848	0	T:7.0(5.00%),B:1.2(0.05%),P:1e-12	Tpos:89.8,Tstd:58.6,Bpos:53.0,Bstd:0.0,StrandBias:-0.7,Multiplicity:1.14
0.166	0.001	0.667	0.166
0.997	0.001	0.001	0.001
0.997	0.001	0.001	0.001
0.001	0.001	0.997	0.001
0.166	0.832	0.001	0.001
0.001	0.001	0.997	0.001
0.001	0.997	0.001	0.001
0.001	0.001	0.997	0.001
0.166	0.832	0.001	0.001
0.001	0.832	0.001	0.166
>GTCATTTTTG	3-GTCATTTTTG	9.525448	-25.860046	0	T:16.0(11.43%),B:27.9(1.14%),P:1e-11	Tpos:147.6,Tstd:73.3,Bpos:131.5,Bstd:67.3,StrandBias:0.0,Multiplicity:1.00
0.038	0.010	0.951	0.001
0.001	0.169	0.001	0.829
0.001	0.997	0.001	0.001
0.829	0.001	0.001	0.169
0.001	0.001	0.001	0.997
0.001	0.001	0.001	0.997
0.001	0.169	0.001	0.829
0.001	0.001	0.169	0.829
0.001	0.131	0.131	0.737
0.001	0.001	0.997	0.001
>AGGTACCTGC	4-AGGTACCTGC	10.399395	-25.536615	0	T:12.0(8.57%),B:12.9(0.53%),P:1e-11	Tpos:147.8,Tstd:58.4,Bpos:106.7,Bstd:69.6,StrandBias:0.4,Multiplicity:1.00
0.796	0.081	0.001	0.122
0.052	0.001	0.866	0.081
0.080	0.001	0.918	0.001
0.001	0.080	0.001	0.918
0.937	0.061	0.001	0.001
0.001	0.997	0.001	0.001
0.001	0.918	0.080	0.001
0.080	0.001	0.001	0.918
0.001	0.001	0.918	0.080
0.081	0.856	0.001	0.062
>TCCTGAGCGG	5-TCCTGAGCGG	8.637046	-22.778262	0	T:8.0(5.71%),B:4.9(0.20%),P:1e-9	Tpos:141.8,Tstd:43.8,Bpos:102.9,Bstd:53.0,StrandBias:1.6,Multiplicity:1.00
0.001	0.001	0.069	0.929
0.070	0.721	0.139	0.070
0.069	0.929	0.001	0.001
0.074	0.001	0.069	0.856
0.001	0.001	0.855	0.143
0.790	0.001	0.001	0.208
0.001	0.138	0.860	0.001
0.139	0.583	0.139	0.139
0.074	0.001	0.786	0.139
0.144	0.070	0.716	0.070
>TTAAGTTTAG	6-TTAAGTTTAG	10.667670	-21.764532	0	T:11.0(7.86%),B:13.6(0.56%),P:1e-9	Tpos:149.9,Tstd:82.9,Bpos:147.3,Bstd:84.6,StrandBias:-0.8,Multiplicity:1.00
0.001	0.001	0.001	0.997
0.001	0.001	0.001	0.997
0.897	0.001	0.101	0.001
0.897	0.001	0.001	0.101
0.001	0.101	0.897	0.001
0.101	0.001	0.001	0.897
0.001	0.001	0.101	0.897
0.102	0.102	0.001	0.795
0.795	0.001	0.102	0.102
0.001	0.001	0.997	0.001
>TTTTCGATTG	7-TTTTCGATTG	10.295852	-20.287337	0	T:11.0(7.86%),B:15.3(0.63%),P:1e-8	Tpos:87.1,Tstd:50.7,Bpos:106.1,Bstd:59.1,StrandBias:0.0,Multiplicity:1.09
0.001	0.001	0.001	0.997
0.101	0.001	0.101	0.797
0.001	0.001	0.001	0.997
0.101	0.101	0.001	0.797
0.001	0.834	0.101	0.064
0.001	0.101	0.850	0.048
0.997	0.001	0.001	0.001
0.077	0.001	0.001	0.921
0.001	0.001	0.001	0.997
0.001	0.100	0.898	0.001
>TCCATTAATA	8-TCCATTAATA	7.315426	-20.186552	0	T:37.0(26.43%),B:220.7(9.04%),P:1e-8	Tpos:118.9,Tstd:71.6,Bpos:132.7,Bstd:73.4,StrandBias:-0.3,Multiplicity:1.22
0.033	0.082	0.088	0.797
0.074	0.754	0.097	0.075
0.113	0.726	0.024	0.137
0.813	0.061	0.001	0.125
0.045	0.001	0.001	0.953
0.144	0.056	0.091	0.709
0.826	0.087	0.023	0.064
0.832	0.023	0.001	0.144
0.056	0.046	0.046	0.852
0.746	0.069	0.088	0.097
>TTCCTGTATT	9-TTCCTGTATT	9.742629	-20.133897	0	T:13.0(9.29%),B:24.5(1.00%),P:1e-8	Tpos:104.7,Tstd:61.3,Bpos:111.2,Bstd:78.6,StrandBias:0.2,Multiplicity:1.15
0.001	0.120	0.001	0.878
0.120	0.001	0.001	0.878
0.001	0.878	0.001	0.120
0.121	0.837	0.001	0.041
0.001	0.001	0.001	0.997
0.001	0.001	0.878	0.120
0.001	0.001	0.001	0.997
0.766	0.001	0.232	0.001
0.001	0.001	0.120	0.878
0.001	0.001	0.001	0.997
>GTCGTTCTGA	10-GTCGTTCTGA	11.136186	-19.774113	0	T:6.0(4.29%),B:2.1(0.09%),P:1e-8	Tpos:180.1,Tstd:41.1,Bpos:166.4,Bstd:25.8,StrandBias:1.3,Multiplicity:1.17
0.001	0.001	0.851	0.147
0.001	0.001	0.001	0.997
0.001	0.851	0.001	0.147
0.001	0.001	0.997	0.001
0.147	0.147	0.001	0.705
0.001	0.001	0.001	0.997
0.001	0.997	0.001	0.001
0.001	0.001	0.001	0.997
0.001	0.147	0.851	0.001
0.885	0.001	0.001	0.113
>AGGTAGCGCT	11-AGGTAGCGCT	11.121572	-19.173669	0	T:7.0(5.00%),B:4.1(0.17%),P:1e-8	Tpos:103.4,Tstd:54.8,Bpos:130.7,Bstd:75.5,StrandBias:1.3,Multiplicity:1.00
0.856	0.001	0.142	0.001
0.001	0.001	0.997	0.001
0.001	0.001	0.856	0.142
0.142	0.001	0.001	0.856
0.856	0.001	0.142	0.001
0.001	0.001	0.997	0.001
0.001	0.997	0.001	0.001
0.142	0.001	0.856	0.001
0.001	0.997	0.001	0.001
0.001	0.001	0.142	0.856
>GTATACGAGC	12-GTATACGAGC	10.036296	-17.659251	0	T:7.0(5.00%),B:5.4(0.22%),P:1e-7	Tpos:91.4,Tstd:62.0,Bpos:100.9,Bstd:65.0,StrandBias:-2.0,Multiplicity:1.43
0.270	0.001	0.728	0.001
0.001	0.001	0.001	0.997
0.757	0.121	0.121	0.001
0.001	0.001	0.120	0.878
0.878	0.001	0.001	0.120
0.001	0.878	0.001	0.120
0.001	0.001	0.997	0.001
0.997	0.001	0.001	0.001
0.001	0.001	0.997	0.001
0.001	0.997	0.001	0.001
>CTAGCGCTTG	13-CTAGCGCTTG	11.276337	-17.659251	0	T:7.0(5.00%),B:5.0(0.21%),P:1e-7	Tpos:158.8,Tstd:64.1,Bpos:160.8,Bstd:19.5,StrandBias:0.7,Multiplicity:1.14
0.001	0.997	0.001	0.001
0.001	0.001	0.001	0.997
0.667	0.166	0.166	0.001
0.001	0.001	0.997	0.001
0.001	0.832	0.001	0.166
0.001	0.166	0.832	0.001
0.001	0.997	0.001	0.001
0.166	0.001	0.001	0.832
0.001	0.001	0.001	0.997
0.001	0.001	0.997	0.001
>YAACAGGTGG	14-YAACAGGTGG	9.046011	-17.314231	0	T:19.0(13.57%),B:71.3(2.92%),P:1e-7	Tpos:127.0,Tstd:50.0,Bpos:134.2,Bstd:51.6,StrandBias:0.3,Multiplicity:1.16
0.001	0.492	0.001	0.506
0.521	0.001	0.127	0.351
0.739	0.259	0.001	0.001
0.001	0.997	0.001	0.001
0.538	0.001	0.104	0.357
0.001	0.001	0.997	0.001
0.001	0.001	0.997	0.001
0.001	0.001	0.126	0.872
0.001	0.001	0.865	0.133
0.001	0.001	0.997	0.001
>CTATATTATC	15-CTATATTATC	10.456049	-17.067047	0	T:10.0(7.14%),B:16.7(0.68%),P:1e-7	Tpos:108.7,Tstd:93.0,Bpos:140.8,Bstd:66.4,StrandBias:2.0,Multiplicity:1.00
0.105	0.893	0.001	0.001
0.001	0.105	0.001	0.893
0.997	0.001	0.001	0.001
0.105	0.001	0.001	0.893
0.787	0.106	0.001	0.106
0.001	0.001	0.001	0.997
0.081	0.001	0.001	0.917
0.997	0.001	0.001	0.001
0.105	0.001	0.001	0.893
0.068	0.825	0.106	0.001
>TATAGCGACG	16-TATAGCGACG	11.490573	-15.778651	0	T:5.0(3.57%),B:2.5(0.10%),P:1e-6	Tpos:131.5,Tstd:69.5,Bpos:53.1,Bstd:12.4,StrandBias:1.6,Multiplicity:1.60
0.001	0.001	0.001	0.997
0.997	0.001	0.001	0.001
0.001	0.001	0.001	0.997
0.799	0.001	0.199	0.001
0.001	0.001	0.997	0.001
0.001	0.799	0.199	0.001
0.001	0.001	0.997	0.001
0.997	0.001	0.001	0.001
0.200	0.599	0.200	0.001
0.001	0.001	0.997	0.001
>CGATGAGGTG	17-CGATGAGGTG	11.040100	-15.709157	0	T:6.0(4.29%),B:4.5(0.18%),P:1e-6	Tpos:145.5,Tstd:73.2,Bpos:199.8,Bstd:17.2,StrandBias:0.0,Multiplicity:1.67
0.001	0.997	0.001	0.001
0.001	0.001	0.997	0.001
0.690	0.001	0.308	0.001
0.001	0.001	0.137	0.861
0.137	0.001	0.861	0.001
0.997	0.001	0.001	0.001
0.137	0.001	0.861	0.001
0.001	0.001	0.997	0.001
0.001	0.001	0.001	0.997
0.137	0.001	0.861	0.001
>TTCAAGCTTG	18-TTCAAGCTTG	7.615241	-14.998948	0	T:21.0(15.00%),B:100.9(4.13%),P:1e-6	Tpos:98.6,Tstd:60.0,Bpos:132.9,Bstd:76.6,StrandBias:0.0,Multiplicity:1.11
0.069	0.081	0.001	0.849
0.001	0.069	0.209	0.721
0.138	0.860	0.001	0.001
0.929	0.069	0.001	0.001
0.791	0.139	0.069	0.001
0.210	0.139	0.650	0.001
0.001	0.779	0.081	0.139
0.219	0.070	0.150	0.561
0.069	0.001	0.001	0.929
0.001	0.001	0.929	0.069
>GTTGCACCGG	19-GTTGCACCGG	9.353264	-11.971774	0	T:4.0(2.86%),B:2.5(0.10%),P:1e-5	Tpos:95.4,Tstd:62.3,Bpos:74.8,Bstd:35.7,StrandBias:-0.7,Multiplicity:2.00
0.001	0.001	0.997	0.001
0.001	0.001	0.001	0.997
0.001	0.001	0.001	0.997
0.001	0.001	0.997	0.001
0.001	0.798	0.001	0.200
0.997	0.001	0.001	0.001
0.001	0.742	0.256	0.001
0.001	0.943	0.001	0.055
0.001	0.001	0.997	0.001
0.001	0.001	0.997	0.001
