>TGATAAGA	1-TGATAAGA	7.499095	-35.346139	0	T:90.0(28.75%),B:284.7(11.79%),P:1e-15	Tpos:131.6,Tstd:65.6,Bpos:120.9,Bstd:87.8,StrandBias:-0.0,Multiplicity:1.15
0.090	0.110	0.062	0.738
0.091	0.107	0.801	0.001
0.997	0.001	0.001	0.001
0.001	0.001	0.001	0.997
0.981	0.001	0.001	0.017
0.800	0.001	0.029	0.170
0.163	0.110	0.726	0.001
0.980	0.001	0.001	0.018
>CCCCAAGG	2-CCCCAAGG	7.309550	-35.299277	0	T:42.0(13.42%),B:71.2(2.95%),P:1e-15	Tpos:136.8,Tstd:56.1,Bpos:142.4,Bstd:59.5,StrandBias:-0.3,Multiplicity:1.05
0.010	0.981	0.008	0.001
0.001	0.995	0.003	0.001
0.039	0.937	0.005	0.019
0.001	0.661	0.169	0.169
0.713	0.091	0.190	0.006
0.792	0.004	0.203	0.001
0.067	0.013	0.919	0.001
0.001	0.001	0.997	0.001
>TCAYTTCC	3-TCAYTTCC	6.419624	-30.339650	0	T:85.0(27.16%),B:282.4(11.69%),P:1e-13	Tpos:133.7,Tstd:72.5,Bpos:119.0,Bstd:77.8,StrandBias:0.3,Multiplicity:1.20
0.256	0.001	0.116	0.627
0.001	0.615	0.350	0.034
0.670	0.302	0.001	0.027
0.078	0.471	0.022	0.430
0.077	0.032	0.001	0.890
0.108	0.001	0.184	0.707
0.044	0.878	0.077	0.001
0.033	0.753	0.213	0.001
>RAGATVAG	4-RAGATVAG	6.530102	-24.588311	0	T:69.0(22.04%),B:227.3(9.41%),P:1e-10	Tpos:124.5,Tstd:73.5,Bpos:120.6,Bstd:83.0,StrandBias:0.5,Multiplicity:1.20
0.420	0.106	0.307	0.168
0.849	0.077	0.001	0.073
0.001	0.067	0.931	0.001
0.890	0.068	0.001	0.041
0.001	0.001	0.001	0.997
0.390	0.295	0.241	0.073
0.843	0.079	0.001	0.077
0.097	0.108	0.716	0.079
>GGCGAKMA	5-GGCGAKMA	6.016261	-21.352431	0	T:107.0(34.19%),B:468.0(19.38%),P:1e-9	Tpos:125.6,Tstd:68.0,Bpos:117.9,Bstd:80.0,StrandBias:0.2,Multiplicity:1.25
0.315	0.126	0.558	0.001
0.001	0.395	0.603	0.001
0.001	0.997	0.001	0.001
0.001	0.139	0.630	0.230
0.826	0.137	0.036	0.001
0.113	0.001	0.399	0.487
0.399	0.462	0.001	0.137
0.836	0.131	0.032	0.001
>GMTTAAGT	6-GMTTAAGT	8.300527	-19.688591	0	T:34.0(10.86%),B:81.5(3.38%),P:1e-8	Tpos:105.2,Tstd:60.2,Bpos:121.7,Bstd:80.4,StrandBias:0.0,Multiplicity:1.00
0.001	0.001	0.997	0.001
0.507	0.491	0.001	0.001
0.001	0.001	0.001	0.997
0.001	0.057	0.001	0.941
0.782	0.001	0.216	0.001
0.997	0.001	0.001	0.001
0.001	0.001	0.997	0.001
0.375	0.001	0.001	0.623
>AGACGCAG	7-AGACGCAG	6.753237	-18.620582	0	T:18.0(5.75%),B:25.7(1.06%),P:1e-8	Tpos:125.0,Tstd:65.2,Bpos:118.1,Bstd:84.3,StrandBias:-0.2,Multiplicity:1.00
0.997	0.001	0.001	0.001
0.001	0.001	0.870	0.128
0.894	0.104	0.001	0.001
0.001	0.997	0.001	0.001
0.001	0.001	0.997	0.001
0.001	0.997	0.001	0.001
0.997	0.001	0.001	0.001
0.001	0.001	0.997	0.001
>TTTTCCGG	8-TTTTCCGG	7.988634	-18.260493	0	T:27.0(8.63%),B:57.7(2.39%),P:1e-7	Tpos:111.6,Tstd:75.0,Bpos:118.5,Bstd:90.5,StrandBias:0.6,Multiplicity:1.07
0.001	0.038	0.001	0.960
0.001	0.278	0.001	0.720
0.001	0.001	0.001	0.997
0.075	0.001	0.001	0.923
0.001	0.997	0.001	0.001
0.001	0.997	0.001	0.001
0.001	0.001	0.878	0.120
0.001	0.001	0.997	0.001
>WGAGATTW	9-WGAGATTW	5.243466	-18.054574	0	T:32.0(10.22%),B:78.4(3.25%),P:1e-7	Tpos:113.5,Tstd:70.4,Bpos:125.0,Bstd:81.5,StrandBias:0.3,Multiplicity:1.12
0.366	0.096	0.160	0.378
0.061	0.083	0.825	0.031
0.381	0.217	0.207	0.195
0.058	0.029	0.763	0.150
0.477	0.271	0.126	0.126
0.269	0.043	0.175	0.513
0.202	0.149	0.212	0.437
0.298	0.037	0.224	0.441
>TGCTCACG	10-TGCTCACG	7.002823	-16.562098	0	T:25.0(7.99%),B:54.3(2.25%),P:1e-7	Tpos:134.3,Tstd:56.6,Bpos:124.4,Bstd:78.6,StrandBias:-0.5,Multiplicity:1.08
0.001	0.001	0.001	0.997
0.001	0.001	0.997	0.001
0.001	0.997	0.001	0.001
0.001	0.075	0.001	0.923
0.349	0.638	0.008	0.005
0.997	0.001	0.001	0.001
0.001	0.997	0.001	0.001
0.001	0.006	0.637	0.356
>GGATCGTA	11-GGATCGTA	9.642206	-15.966907	0	T:11.0(3.51%),B:10.5(0.43%),P:1e-6	Tpos:135.1,Tstd:66.5,Bpos:95.8,Bstd:99.3,StrandBias:0.7,Multiplicity:1.18
0.001	0.001	0.997	0.001
0.001	0.001	0.997	0.001
0.997	0.001	0.001	0.001
0.001	0.001	0.001	0.997
0.001	0.997	0.001	0.001
0.001	0.001	0.758	0.240
0.001	0.001	0.001	0.997
0.997	0.001	0.001	0.001
>AAAGCCCA	12-AAAGCCCA	7.692371	-15.213317	0	T:31.0(9.90%),B:84.9(3.52%),P:1e-6	Tpos:130.3,Tstd:67.7,Bpos:123.9,Bstd:65.3,StrandBias:-1.2,Multiplicity:1.03
0.639	0.206	0.006	0.149
0.651	0.073	0.001	0.275
0.775	0.017	0.001	0.207
0.015	0.001	0.983	0.001
0.001	0.997	0.001	0.001
0.034	0.964	0.001	0.001
0.001	0.976	0.022	0.001
0.997	0.001	0.001	0.001
>TTGTGCGT	13-TTGTGCGT	8.236954	-13.789658	0	T:10.0(3.19%),B:11.0(0.46%),P:1e-5	Tpos:161.3,Tstd:57.0,Bpos:150.4,Bstd:58.1,StrandBias:-0.6,Multiplicity:1.00
0.100	0.100	0.100	0.700
0.100	0.100	0.100	0.700
0.100	0.100	0.700	0.100
0.100	0.100	0.100	0.700
0.100	0.100	0.700	0.100
0.100	0.700	0.100	0.100
0.100	0.100	0.700	0.100
0.100	0.100	0.100	0.700
>AWAGCGAT	14-AWAGCGAT	8.076448	-13.318022	0	T:31.0(9.90%),B:92.6(3.84%),P:1e-5	Tpos:135.1,Tstd:68.8,Bpos:125.1,Bstd:80.8,StrandBias:0.5,Multiplicity:1.11
0.997	0.001	0.001	0.001
0.483	0.001	0.001	0.515
0.997	0.001	0.001	0.001
0.001	0.001	0.997	0.001
0.001	0.997	0.001	0.001
0.001	0.001	0.997	0.001
0.702	0.001	0.296	0.001
0.147	0.001	0.039	0.813
>CAAAAAGG	15-CAAAAAGG	8.535412	-13.017625	0	T:34.0(10.86%),B:108.3(4.49%),P:1e-5	Tpos:123.5,Tstd:84.5,Bpos:128.3,Bstd:80.7,StrandBias:-0.2,Multiplicity:1.09
0.001	0.997	0.001	0.001
0.651	0.347	0.001	0.001
0.857	0.001	0.058	0.084
0.576	0.001	0.039	0.384
0.953	0.001	0.001	0.045
0.997	0.001	0.001	0.001
0.001	0.001	0.997	0.001
0.256	0.001	0.742	0.001
>TCACGGTG	16-TCACGGTG	6.799302	-12.902084	0	T:19.0(6.07%),B:41.9(1.73%),P:1e-5	Tpos:123.8,Tstd:56.5,Bpos:106.4,Bstd:78.8,StrandBias:-0.5,Multiplicity:1.16
0.001	0.001	0.001	0.997
0.001	0.805	0.193	0.001
0.917	0.001	0.081	0.001
0.001	0.997	0.001	0.001
0.001	0.001	0.997	0.001
0.001	0.001	0.997	0.001
0.001	0.109	0.001	0.889
0.001	0.001	0.997	0.001
>ATGCAGTA	17-ATGCAGTA	8.895493	-12.718840	0	T:13.0(4.15%),B:21.0(0.87%),P:1e-5	Tpos:133.5,Tstd:59.0,Bpos:123.8,Bstd:51.7,StrandBias:0.2,Multiplicity:1.00
0.863	0.001	0.135	0.001
0.001	0.001	0.001	0.997
0.001	0.001	0.997	0.001
0.001	0.997	0.001	0.001
0.997	0.001	0.001	0.001
0.001	0.001	0.997	0.001
0.001	0.001	0.001	0.997
0.840	0.158	0.001	0.001
>ACTCAGGT	18-ACTCAGGT	8.236954	-11.780113	0	T:5.0(1.60%),B:2.9(0.12%),P:1e-5	Tpos:99.8,Tstd:67.4,Bpos:201.3,Bstd:35.3,StrandBias:-0.6,Multiplicity:1.00
0.700	0.100	0.100	0.100
0.100	0.700	0.100	0.100
0.100	0.100	0.100	0.700
0.100	0.700	0.100	0.100
0.700	0.100	0.100	0.100
0.100	0.100	0.700	0.100
0.100	0.100	0.700	0.100
0.100	0.100	0.100	0.700
>CTGCKAGA	19-CTGCKAGA	9.130544	-10.573131	0	T:16.0(5.11%),B:36.8(1.53%),P:1e-4	Tpos:128.2,Tstd:67.2,Bpos:106.1,Bstd:85.2,StrandBias:0.7,Multiplicity:1.12
0.001	0.997	0.001	0.001
0.001	0.001	0.001	0.997
0.001	0.001	0.997	0.001
0.001	0.997	0.001	0.001
0.001	0.001	0.516	0.482
0.720	0.278	0.001	0.001
0.001	0.001	0.997	0.001
0.997	0.001	0.001	0.001
>GATCGGAA	20-GATCGGAA	8.236954	-10.043596	0	T:7.0(2.24%),B:7.5(0.31%),P:1e-4	Tpos:164.0,Tstd:72.0,Bpos:123.7,Bstd:92.9,StrandBias:2.3,Multiplicity:1.00
0.100	0.100	0.700	0.100
0.700	0.100	0.100	0.100
0.100	0.100	0.100	0.700
0.100	0.700	0.100	0.100
0.100	0.100	0.700	0.100
0.100	0.100	0.700	0.100
0.700	0.100	0.100	0.100
0.700	0.100	0.100	0.100
>ACCTCTCT	21-ACCTCTCT	8.236954	-9.683988	0	T:9.0(2.88%),B:13.7(0.57%),P:1e-4	Tpos:132.9,Tstd:62.6,Bpos:105.1,Bstd:92.2,StrandBias:-2.0,Multiplicity:1.11
0.700	0.100	0.100	0.100
0.100	0.700	0.100	0.100
0.100	0.700	0.100	0.100
0.100	0.100	0.100	0.700
0.100	0.700	0.100	0.100
0.100	0.100	0.100	0.700
0.100	0.700	0.100	0.100
0.100	0.100	0.100	0.700
>ACGACACT	22-ACGACACT	6.973408	-8.918578	0	T:13.0(4.15%),B:29.1(1.21%),P:1e-3	Tpos:113.3,Tstd:60.4,Bpos:106.1,Bstd:64.0,StrandBias:1.5,Multiplicity:1.77
0.959	0.039	0.001	0.001
0.001	0.997	0.001	0.001
0.001	0.001	0.997	0.001
0.949	0.001	0.049	0.001
0.001	0.997	0.001	0.001
0.997	0.001	0.001	0.001
0.001	0.997	0.001	0.001
0.001	0.001	0.352	0.646
>GTTGTTCG	23-GTTGTTCG	8.236954	-8.525243	0	T:5.0(1.60%),B:4.9(0.20%),P:1e-3	Tpos:135.8,Tstd:69.2,Bpos:28.1,Bstd:13.3,StrandBias:-0.6,Multiplicity:1.00
0.100	0.100	0.700	0.100
0.100	0.100	0.100	0.700
0.100	0.100	0.100	0.700
0.100	0.100	0.700	0.100
0.100	0.100	0.100	0.700
0.100	0.100	0.100	0.700
0.100	0.700	0.100	0.100
0.100	0.100	0.700	0.100
>ACAGTGCG	24-ACAGTGCG	8.428251	-7.611388	0	T:10.0(3.19%),B:21.4(0.89%),P:1e-3	Tpos:119.5,Tstd:76.4,Bpos:133.0,Bstd:85.6,StrandBias:1.8,Multiplicity:1.80
0.997	0.001	0.001	0.001
0.001	0.997	0.001	0.001
0.997	0.001	0.001	0.001
0.001	0.217	0.781	0.001
0.001	0.001	0.001	0.997
0.001	0.091	0.907	0.001
0.001	0.997	0.001	0.001
0.001	0.001	0.997	0.001
>ACCGGGAT	25-ACCGGGAT	8.236954	-3.575504	0	T:3.0(0.96%),B:5.6(0.23%),P:1e-1	Tpos:120.9,Tstd:83.0,Bpos:146.8,Bstd:33.3,StrandBias:-1.3,Multiplicity:2.33
0.700	0.100	0.100	0.100
0.100	0.700	0.100	0.100
0.100	0.700	0.100	0.100
0.100	0.100	0.700	0.100
0.100	0.100	0.700	0.100
0.100	0.100	0.700	0.100
0.700	0.100	0.100	0.100
0.100	0.100	0.100	0.700
