>GCGATAAGAC	1-GCGATAAGAC	8.582508	-49.477020	0	T:13.0(4.15%),B:1.7(0.07%),P:1e-21	Tpos:109.0,Tstd:70.8,Bpos:133.9,Bstd:58.1,StrandBias:-0.2,Multiplicity:1.00
0.032	0.016	0.648	0.304
0.284	0.560	0.079	0.077
0.016	0.002	0.688	0.294
0.795	0.079	0.047	0.079
0.244	0.016	0.176	0.564
0.665	0.079	0.240	0.016
0.889	0.047	0.032	0.032
0.001	0.364	0.577	0.058
0.570	0.100	0.016	0.314
0.032	0.648	0.016	0.304
>GCACTCCKTA	2-GCACTCCKTA	9.098091	-40.265888	0	T:11.0(3.51%),B:2.0(0.08%),P:1e-17	Tpos:128.5,Tstd:49.1,Bpos:116.8,Bstd:11.5,StrandBias:1.4,Multiplicity:1.00
0.001	0.057	0.885	0.057
0.056	0.942	0.001	0.001
0.690	0.057	0.001	0.252
0.114	0.588	0.183	0.115
0.057	0.001	0.172	0.770
0.001	0.942	0.001	0.056
0.056	0.942	0.001	0.001
0.172	0.057	0.405	0.366
0.114	0.001	0.001	0.884
0.770	0.001	0.114	0.115
>CGGGGCTTTT	3-CGGGGCTTTT	10.271024	-35.773706	0	T:16.0(5.11%),B:6.4(0.26%),P:1e-15	Tpos:117.6,Tstd:52.6,Bpos:100.7,Bstd:34.2,StrandBias:0.0,Multiplicity:1.00
0.070	0.928	0.001	0.001
0.001	0.071	0.857	0.071
0.071	0.071	0.787	0.071
0.070	0.001	0.928	0.001
0.001	0.071	0.857	0.071
0.070	0.928	0.001	0.001
0.001	0.001	0.001	0.997
0.001	0.001	0.001	0.997
0.070	0.001	0.001	0.928
0.001	0.071	0.071	0.857
>CTCATTTCCT	4-CTCATTTCCT	6.702831	-34.207336	0	T:92.0(29.39%),B:300.4(12.44%),P:1e-14	Tpos:134.6,Tstd:76.7,Bpos:117.5,Bstd:86.1,StrandBias:0.4,Multiplicity:1.19
0.065	0.735	0.077	0.123
0.096	0.028	0.030	0.846
0.084	0.687	0.108	0.121
0.849	0.044	0.044	0.063
0.068	0.087	0.030	0.815
0.084	0.095	0.021	0.800
0.055	0.051	0.051	0.843
0.051	0.855	0.054	0.040
0.106	0.747	0.051	0.096
0.082	0.065	0.028	0.825
>TGCCTCGGGG	5-TGCCTCGGGG	5.681908	-31.368376	0	T:65.0(20.77%),B:177.2(7.34%),P:1e-13	Tpos:129.5,Tstd:61.0,Bpos:132.4,Bstd:68.0,StrandBias:-0.5,Multiplicity:1.18
0.136	0.056	0.200	0.608
0.180	0.152	0.499	0.169
0.030	0.676	0.144	0.150
0.057	0.711	0.161	0.071
0.051	0.219	0.124	0.606
0.081	0.598	0.129	0.192
0.252	0.047	0.630	0.071
0.272	0.116	0.521	0.091
0.095	0.142	0.736	0.027
0.068	0.207	0.678	0.047
>MAGAGATTTC	6-MAGAGATTTC	7.729245	-30.769417	0	T:25.0(7.99%),B:27.3(1.13%),P:1e-13	Tpos:107.5,Tstd:73.6,Bpos:122.0,Bstd:73.1,StrandBias:0.0,Multiplicity:1.04
0.434	0.371	0.009	0.186
0.557	0.062	0.177	0.204
0.026	0.001	0.938	0.035
0.734	0.001	0.115	0.150
0.353	0.001	0.645	0.001
0.769	0.229	0.001	0.001
0.212	0.001	0.238	0.549
0.035	0.177	0.212	0.576
0.133	0.044	0.238	0.585
0.142	0.539	0.071	0.248
>GATATGATAT	7-GATATGATAT	9.787521	-30.689874	0	T:17.0(5.43%),B:10.5(0.43%),P:1e-13	Tpos:99.2,Tstd:58.2,Bpos:152.6,Bstd:88.6,StrandBias:-0.2,Multiplicity:1.06
0.001	0.001	0.949	0.049
0.997	0.001	0.001	0.001
0.105	0.001	0.001	0.893
0.997	0.001	0.001	0.001
0.105	0.001	0.001	0.893
0.105	0.001	0.789	0.105
0.997	0.001	0.001	0.001
0.001	0.001	0.105	0.893
0.789	0.105	0.001	0.105
0.001	0.105	0.105	0.789
>CTBAGTGATC	8-CTBAGTGATC	6.645202	-30.563239	0	T:73.0(23.32%),B:219.5(9.09%),P:1e-13	Tpos:114.4,Tstd:64.8,Bpos:116.9,Bstd:78.0,StrandBias:-0.3,Multiplicity:1.17
0.128	0.680	0.001	0.191
0.171	0.128	0.106	0.595
0.065	0.322	0.364	0.249
0.606	0.064	0.130	0.200
0.206	0.170	0.623	0.001
0.078	0.001	0.001	0.920
0.256	0.001	0.558	0.185
0.997	0.001	0.001	0.001
0.001	0.001	0.001	0.997
0.001	0.805	0.193	0.001
>CTTAGATCGC	9-CTTAGATCGC	10.274488	-28.974641	0	T:10.0(3.19%),B:2.9(0.12%),P:1e-12	Tpos:139.3,Tstd:77.1,Bpos:82.8,Bstd:39.2,StrandBias:0.0,Multiplicity:1.00
0.001	0.997	0.001	0.001
0.001	0.001	0.001	0.997
0.001	0.154	0.001	0.844
0.844	0.001	0.001	0.154
0.154	0.001	0.844	0.001
0.997	0.001	0.001	0.001
0.001	0.001	0.308	0.690
0.001	0.796	0.179	0.024
0.001	0.001	0.997	0.001
0.154	0.844	0.001	0.001
>CGAAATGGTA	10-CGAAATGGTA	10.316509	-28.410311	0	T:11.0(3.51%),B:3.3(0.14%),P:1e-12	Tpos:135.9,Tstd:82.6,Bpos:171.9,Bstd:53.0,StrandBias:-0.3,Multiplicity:1.00
0.001	0.893	0.001	0.105
0.001	0.105	0.893	0.001
0.893	0.001	0.001	0.105
0.997	0.001	0.001	0.001
0.997	0.001	0.001	0.001
0.001	0.001	0.001	0.997
0.001	0.105	0.893	0.001
0.211	0.001	0.577	0.211
0.001	0.122	0.122	0.755
0.893	0.105	0.001	0.001
>CGATAAAABC	11-CGATAAAABC	7.866466	-28.178114	0	T:44.0(14.06%),B:96.2(3.98%),P:1e-12	Tpos:135.3,Tstd:64.2,Bpos:132.5,Bstd:83.3,StrandBias:-0.3,Multiplicity:1.12
0.171	0.783	0.001	0.045
0.084	0.042	0.851	0.023
0.880	0.077	0.042	0.001
0.041	0.001	0.001	0.957
0.957	0.001	0.041	0.001
0.997	0.001	0.001	0.001
0.742	0.130	0.042	0.086
0.483	0.086	0.256	0.174
0.001	0.242	0.377	0.379
0.001	0.872	0.126	0.001
>AGTCTACGCA	12-AGTCTACGCA	10.840957	-25.291610	0	T:9.0(2.88%),B:2.6(0.11%),P:1e-10	Tpos:164.2,Tstd:70.9,Bpos:114.9,Bstd:46.0,StrandBias:1.0,Multiplicity:1.00
0.918	0.080	0.001	0.001
0.001	0.001	0.884	0.114
0.001	0.001	0.114	0.884
0.001	0.884	0.114	0.001
0.115	0.115	0.001	0.769
0.997	0.001	0.001	0.001
0.001	0.884	0.001	0.114
0.001	0.001	0.997	0.001
0.001	0.997	0.001	0.001
0.884	0.001	0.001	0.114
>GGATTAGCTT	13-GGATTAGCTT	7.956263	-24.394991	0	T:40.0(12.78%),B:91.1(3.77%),P:1e-10	Tpos:112.7,Tstd:67.0,Bpos:131.2,Bstd:79.7,StrandBias:-0.3,Multiplicity:1.03
0.132	0.001	0.682	0.185
0.093	0.028	0.823	0.056
0.809	0.029	0.001	0.161
0.028	0.029	0.057	0.886
0.001	0.001	0.001	0.997
0.657	0.028	0.080	0.235
0.056	0.001	0.753	0.190
0.136	0.690	0.076	0.098
0.085	0.001	0.028	0.886
0.001	0.140	0.043	0.816
>AAGATAACGT	14-AAGATAACGT	10.131375	-23.297023	0	T:19.0(6.07%),B:21.9(0.91%),P:1e-10	Tpos:126.1,Tstd:68.2,Bpos:154.3,Bstd:77.1,StrandBias:-0.3,Multiplicity:1.11
0.936	0.062	0.001	0.001
0.936	0.001	0.001	0.062
0.001	0.062	0.936	0.001
0.936	0.001	0.062	0.001
0.001	0.001	0.001	0.997
0.929	0.001	0.069	0.001
0.875	0.062	0.001	0.062
0.033	0.904	0.001	0.062
0.062	0.144	0.793	0.001
0.063	0.063	0.063	0.811
>ACCGTTAGAC	15-ACCGTTAGAC	10.802400	-23.003421	0	T:7.0(2.24%),B:1.2(0.05%),P:1e-9	Tpos:108.4,Tstd:62.2,Bpos:76.6,Bstd:30.8,StrandBias:2.0,Multiplicity:1.43
0.879	0.001	0.001	0.119
0.120	0.759	0.001	0.120
0.001	0.997	0.001	0.001
0.001	0.001	0.997	0.001
0.001	0.119	0.001	0.879
0.001	0.120	0.278	0.601
0.997	0.001	0.001	0.001
0.001	0.001	0.997	0.001
0.997	0.001	0.001	0.001
0.001	0.997	0.001	0.001
>GTCCTTTTTT	16-GTCCTTTTTT	10.011389	-22.328637	0	T:20.0(6.39%),B:25.6(1.06%),P:1e-9	Tpos:133.1,Tstd:83.9,Bpos:108.4,Bstd:70.9,StrandBias:0.3,Multiplicity:1.05
0.001	0.060	0.938	0.001
0.001	0.061	0.033	0.905
0.001	0.877	0.061	0.061
0.061	0.705	0.001	0.233
0.001	0.001	0.001	0.997
0.001	0.061	0.061	0.877
0.061	0.061	0.001	0.877
0.001	0.060	0.001	0.938
0.001	0.060	0.001	0.938
0.060	0.001	0.001	0.938
>GATGGGCTTA	17-GATGGGCTTA	9.624555	-22.168597	0	T:12.0(3.83%),B:7.8(0.32%),P:1e-9	Tpos:128.3,Tstd:67.1,Bpos:147.8,Bstd:68.2,StrandBias:0.7,Multiplicity:1.08
0.001	0.108	0.890	0.001
0.997	0.001	0.001	0.001
0.001	0.001	0.001	0.997
0.001	0.108	0.890	0.001
0.218	0.076	0.705	0.001
0.001	0.134	0.864	0.001
0.001	0.890	0.108	0.001
0.108	0.001	0.001	0.890
0.108	0.001	0.001	0.890
0.890	0.001	0.108	0.001
>TCTTCCGGCG	18-TCTTCCGGCG	7.984111	-21.129027	0	T:11.0(3.51%),B:6.6(0.27%),P:1e-9	Tpos:92.1,Tstd:60.5,Bpos:103.3,Bstd:53.6,StrandBias:-0.8,Multiplicity:1.00
0.089	0.137	0.134	0.640
0.001	0.951	0.001	0.047
0.044	0.001	0.044	0.911
0.089	0.045	0.045	0.821
0.003	0.907	0.001	0.089
0.004	0.862	0.089	0.045
0.089	0.178	0.688	0.045
0.134	0.089	0.688	0.089
0.045	0.687	0.134	0.134
0.001	0.089	0.862	0.048
>TTATCGCAAA	19-TTATCGCAAA	9.959302	-19.997778	0	T:22.0(7.03%),B:35.8(1.48%),P:1e-8	Tpos:109.4,Tstd:72.3,Bpos:119.6,Bstd:75.6,StrandBias:0.5,Multiplicity:1.05
0.001	0.054	0.001	0.944
0.054	0.054	0.001	0.891
0.944	0.054	0.001	0.001
0.054	0.001	0.001	0.944
0.001	0.944	0.054	0.001
0.001	0.001	0.997	0.001
0.055	0.764	0.055	0.126
0.764	0.055	0.055	0.126
0.961	0.001	0.001	0.037
0.891	0.001	0.054	0.054
>TGGGTATTTT	20-TGGGTATTTT	10.265798	-19.889796	0	T:18.0(5.75%),B:23.1(0.95%),P:1e-8	Tpos:160.9,Tstd:65.1,Bpos:120.0,Bstd:88.0,StrandBias:0.2,Multiplicity:1.06
0.001	0.001	0.001	0.997
0.001	0.001	0.920	0.078
0.111	0.001	0.887	0.001
0.262	0.001	0.659	0.078
0.001	0.001	0.001	0.997
0.887	0.001	0.001	0.111
0.129	0.001	0.001	0.869
0.001	0.001	0.001	0.997
0.111	0.001	0.001	0.887
0.001	0.001	0.111	0.887
>GGCATCCCCA	21-GGCATCCCCA	10.913064	-19.279417	0	T:9.0(2.88%),B:4.7(0.19%),P:1e-8	Tpos:143.0,Tstd:41.4,Bpos:160.7,Bstd:36.1,StrandBias:-0.7,Multiplicity:1.00
0.001	0.001	0.997	0.001
0.125	0.001	0.749	0.125
0.125	0.749	0.001	0.125
0.997	0.001	0.001	0.001
0.001	0.001	0.001	0.997
0.001	0.874	0.001	0.124
0.001	0.997	0.001	0.001
0.001	0.874	0.124	0.001
0.001	0.997	0.001	0.001
0.874	0.001	0.124	0.001
>CCCTCTAGGG	22-CCCTCTAGGG	11.091263	-18.993383	0	T:6.0(1.92%),B:1.8(0.07%),P:1e-8	Tpos:134.8,Tstd:53.4,Bpos:133.6,Bstd:10.2,StrandBias:0.3,Multiplicity:1.33
0.001	0.713	0.143	0.143
0.001	0.997	0.001	0.001
0.001	0.997	0.001	0.001
0.001	0.001	0.001	0.997
0.142	0.856	0.001	0.001
0.142	0.001	0.001	0.856
0.856	0.001	0.142	0.001
0.001	0.001	0.997	0.001
0.001	0.142	0.856	0.001
0.001	0.001	0.997	0.001
>GGGGCTCAGG	23-GGGGCTCAGG	10.745798	-15.855975	0	T:9.0(2.88%),B:6.4(0.27%),P:1e-6	Tpos:152.8,Tstd:65.2,Bpos:144.9,Bstd:28.9,StrandBias:-1.2,Multiplicity:1.11
0.001	0.001	0.997	0.001
0.001	0.001	0.888	0.110
0.001	0.001	0.997	0.001
0.001	0.001	0.888	0.110
0.001	0.777	0.111	0.111
0.001	0.001	0.001	0.997
0.001	0.997	0.001	0.001
0.667	0.111	0.111	0.111
0.001	0.001	0.888	0.110
0.001	0.001	0.997	0.001
>CGACACGATC	24-CGACACGATC	8.453782	-11.780113	0	T:5.0(1.60%),B:2.7(0.11%),P:1e-5	Tpos:120.7,Tstd:63.2,Bpos:144.0,Bstd:35.4,StrandBias:2.0,Multiplicity:3.00
0.139	0.658	0.064	0.139
0.157	0.110	0.649	0.084
0.725	0.077	0.080	0.118
0.105	0.712	0.066	0.117
0.778	0.049	0.108	0.065
0.145	0.676	0.071	0.108
0.153	0.091	0.651	0.105
0.744	0.094	0.084	0.078
0.117	0.080	0.092	0.711
0.123	0.695	0.084	0.098
>ACAGTGCGCA	25-ACAGTGCGCA	7.906809	-11.001019	0	T:6.0(1.92%),B:4.5(0.18%),P:1e-4	Tpos:108.9,Tstd:61.9,Bpos:98.9,Bstd:23.1,StrandBias:0.0,Multiplicity:1.83
0.560	0.059	0.145	0.236
0.153	0.546	0.137	0.164
0.528	0.131	0.079	0.262
0.039	0.223	0.666	0.072
0.105	0.225	0.033	0.637
0.232	0.066	0.689	0.013
0.118	0.633	0.059	0.190
0.219	0.013	0.663	0.105
0.158	0.617	0.013	0.212
0.633	0.046	0.203	0.118
