>ACAGAAATCTCT	1-ACAGAAATCTCT	11.218138	-49.477020	0	T:13.0(4.15%),B:2.0(0.08%),P:1e-21	Tpos:118.9,Tstd:74.3,Bpos:192.3,Bstd:26.5,StrandBias:-0.2,Multiplicity:1.00
0.595	0.118	0.286	0.001
0.001	0.500	0.213	0.286
0.903	0.001	0.095	0.001
0.286	0.001	0.522	0.191
0.997	0.001	0.001	0.001
0.997	0.001	0.001	0.001
0.903	0.095	0.001	0.001
0.001	0.001	0.001	0.997
0.001	0.808	0.001	0.190
0.001	0.095	0.001	0.903
0.001	0.997	0.001	0.001
0.190	0.001	0.001	0.808
>GCGATAAGACTA	2-GCGATAAGACTA	10.488948	-40.581468	0	T:13.0(4.15%),B:2.7(0.11%),P:1e-17	Tpos:137.3,Tstd:60.8,Bpos:126.3,Bstd:23.2,StrandBias:-1.2,Multiplicity:1.00
0.001	0.001	0.925	0.073
0.148	0.777	0.001	0.074
0.001	0.073	0.925	0.001
0.925	0.001	0.073	0.001
0.001	0.073	0.001	0.925
0.777	0.001	0.148	0.074
0.833	0.001	0.001	0.165
0.148	0.297	0.554	0.001
0.925	0.001	0.001	0.073
0.073	0.925	0.001	0.001
0.074	0.074	0.223	0.629
0.925	0.001	0.001	0.073
>TTGATTTTATCA	3-TTGATTTTATCA	10.523962	-38.551039	0	T:15.0(4.79%),B:4.7(0.19%),P:1e-16	Tpos:114.3,Tstd:77.2,Bpos:115.3,Bstd:63.8,StrandBias:1.5,Multiplicity:1.00
0.100	0.174	0.001	0.725
0.001	0.379	0.001	0.619
0.091	0.001	0.721	0.187
0.904	0.087	0.001	0.008
0.001	0.001	0.001	0.997
0.087	0.091	0.092	0.730
0.008	0.001	0.001	0.990
0.093	0.179	0.174	0.554
0.907	0.001	0.001	0.091
0.001	0.174	0.174	0.651
0.001	0.995	0.003	0.001
0.997	0.001	0.001	0.001
>GCCTSGGGKMGA	4-GCCTSGGGKMGA	10.432511	-36.627113	0	T:12.0(3.83%),B:2.7(0.11%),P:1e-15	Tpos:127.5,Tstd:55.1,Bpos:93.2,Bstd:62.8,StrandBias:2.3,Multiplicity:1.00
0.001	0.289	0.486	0.223
0.001	0.997	0.001	0.001
0.001	0.997	0.001	0.001
0.001	0.001	0.001	0.997
0.001	0.512	0.486	0.001
0.001	0.001	0.986	0.012
0.001	0.223	0.775	0.001
0.001	0.001	0.997	0.001
0.001	0.001	0.552	0.446
0.499	0.499	0.001	0.001
0.250	0.001	0.486	0.263
0.736	0.001	0.013	0.250
>GATCGTATCGCG	5-GATCGTATCGCG	10.042785	-36.627113	0	T:12.0(3.83%),B:2.5(0.10%),P:1e-15	Tpos:137.0,Tstd:61.0,Bpos:65.4,Bstd:72.7,StrandBias:0.4,Multiplicity:1.17
0.001	0.001	0.844	0.154
0.997	0.001	0.001	0.001
0.001	0.001	0.001	0.997
0.154	0.691	0.001	0.154
0.001	0.001	0.828	0.170
0.001	0.001	0.001	0.997
0.536	0.154	0.001	0.309
0.154	0.017	0.001	0.828
0.001	0.691	0.154	0.154
0.001	0.154	0.844	0.001
0.154	0.844	0.001	0.001
0.001	0.001	0.997	0.001
>AAGCACACGCTC	6-AAGCACACGCTC	10.063895	-31.801200	0	T:13.0(4.15%),B:4.6(0.19%),P:1e-13	Tpos:99.3,Tstd:64.9,Bpos:157.9,Bstd:60.0,StrandBias:-0.2,Multiplicity:1.00
0.997	0.001	0.001	0.001
0.844	0.154	0.001	0.001
0.154	0.154	0.691	0.001
0.001	0.690	0.001	0.308
0.984	0.001	0.001	0.014
0.154	0.844	0.001	0.001
0.676	0.001	0.014	0.309
0.001	0.984	0.001	0.014
0.001	0.001	0.997	0.001
0.001	0.844	0.154	0.001
0.014	0.001	0.001	0.984
0.001	0.536	0.309	0.154
>ATAWYCTSTAYA	7-ATAWYCTSTAYA	9.509393	-28.410311	0	T:11.0(3.51%),B:3.4(0.14%),P:1e-12	Tpos:129.4,Tstd:57.5,Bpos:166.5,Bstd:68.1,StrandBias:0.0,Multiplicity:1.27
0.997	0.001	0.001	0.001
0.071	0.075	0.069	0.785
0.930	0.001	0.068	0.001
0.434	0.001	0.069	0.497
0.072	0.420	0.002	0.506
0.148	0.564	0.217	0.071
0.002	0.356	0.001	0.641
0.073	0.358	0.360	0.209
0.001	0.422	0.001	0.576
0.857	0.069	0.001	0.073
0.001	0.431	0.146	0.422
0.710	0.001	0.287	0.002
>CAGCAGTGGGCA	8-CAGCAGTGGGCA	9.811778	-27.149730	0	T:8.0(2.56%),B:1.7(0.07%),P:1e-11	Tpos:141.8,Tstd:62.9,Bpos:105.3,Bstd:23.9,StrandBias:0.3,Multiplicity:1.12
0.001	0.997	0.001	0.001
0.874	0.001	0.124	0.001
0.125	0.125	0.625	0.125
0.001	0.997	0.001	0.001
0.749	0.125	0.001	0.125
0.001	0.001	0.997	0.001
0.001	0.001	0.001	0.997
0.001	0.001	0.749	0.249
0.124	0.001	0.874	0.001
0.125	0.250	0.500	0.125
0.001	0.997	0.001	0.001
0.874	0.001	0.124	0.001
>CCCTATAGGGTG	9-CCCTATAGGGTG	10.813682	-27.149730	0	T:8.0(2.56%),B:1.2(0.05%),P:1e-11	Tpos:150.2,Tstd:33.4,Bpos:207.0,Bstd:0.0,StrandBias:1.8,Multiplicity:1.12
0.001	0.997	0.001	0.001
0.001	0.997	0.001	0.001
0.118	0.763	0.001	0.118
0.001	0.001	0.001	0.997
0.853	0.145	0.001	0.001
0.353	0.001	0.001	0.645
0.997	0.001	0.001	0.001
0.236	0.001	0.645	0.118
0.117	0.001	0.881	0.001
0.001	0.001	0.763	0.235
0.118	0.001	0.118	0.763
0.118	0.001	0.763	0.118
>TTATCGTAAAAG	10-TTATCGTAAAAG	9.998296	-26.654338	0	T:16.0(5.11%),B:11.6(0.48%),P:1e-11	Tpos:99.3,Tstd:67.9,Bpos:125.4,Bstd:46.8,StrandBias:1.1,Multiplicity:1.14
0.191	0.095	0.001	0.713
0.001	0.001	0.095	0.903
0.997	0.001	0.001	0.001
0.001	0.001	0.095	0.903
0.001	0.997	0.001	0.001
0.190	0.001	0.808	0.001
0.009	0.105	0.191	0.695
0.617	0.191	0.001	0.191
0.903	0.001	0.001	0.095
0.997	0.001	0.001	0.001
0.809	0.001	0.095	0.095
0.105	0.105	0.694	0.096
>AGGCTTTTACCG	11-AGGCTTTTACCG	6.917949	-26.194105	0	T:69.0(22.04%),B:219.6(9.10%),P:1e-11	Tpos:108.6,Tstd:66.7,Bpos:116.9,Bstd:76.7,StrandBias:-0.3,Multiplicity:1.10
0.668	0.037	0.165	0.130
0.129	0.055	0.779	0.037
0.038	0.074	0.647	0.241
0.111	0.703	0.131	0.055
0.075	0.073	0.018	0.834
0.110	0.055	0.018	0.817
0.001	0.036	0.001	0.962
0.037	0.018	0.074	0.871
0.742	0.129	0.037	0.092
0.092	0.481	0.258	0.168
0.111	0.722	0.092	0.075
0.166	0.019	0.723	0.092
>WAGATTCATAWG	12-WAGATTCATAWG	7.600203	-25.291610	0	T:9.0(2.88%),B:2.5(0.10%),P:1e-10	Tpos:81.0,Tstd:81.7,Bpos:147.1,Bstd:55.9,StrandBias:0.3,Multiplicity:1.00
0.552	0.001	0.001	0.446
0.997	0.001	0.001	0.001
0.001	0.001	0.997	0.001
0.997	0.001	0.001	0.001
0.001	0.001	0.223	0.775
0.223	0.223	0.001	0.553
0.001	0.997	0.001	0.001
0.997	0.001	0.001	0.001
0.001	0.001	0.001	0.997
0.722	0.001	0.001	0.276
0.552	0.001	0.001	0.446
0.001	0.001	0.997	0.001
>TCTTCTTAGCGA	13-TCTTCTTAGCGA	9.157858	-23.003421	0	T:7.0(2.24%),B:1.6(0.06%),P:1e-9	Tpos:102.1,Tstd:55.7,Bpos:111.7,Bstd:61.5,StrandBias:0.0,Multiplicity:1.14
0.074	0.101	0.124	0.701
0.116	0.584	0.114	0.186
0.126	0.064	0.092	0.718
0.094	0.106	0.087	0.713
0.149	0.554	0.106	0.191
0.109	0.079	0.069	0.743
0.094	0.069	0.089	0.748
0.656	0.099	0.126	0.119
0.119	0.091	0.634	0.156
0.131	0.624	0.094	0.151
0.114	0.119	0.626	0.141
0.700	0.124	0.084	0.092
>GCTCCAATCACH	14-GCTCCAATCACH	11.429243	-23.003421	0	T:7.0(2.24%),B:1.7(0.07%),P:1e-9	Tpos:121.2,Tstd:51.4,Bpos:93.4,Bstd:39.4,StrandBias:1.6,Multiplicity:1.14
0.001	0.423	0.575	0.001
0.001	0.997	0.001	0.001
0.067	0.001	0.001	0.931
0.001	0.997	0.001	0.001
0.001	0.997	0.001	0.001
0.711	0.287	0.001	0.001
0.997	0.001	0.001	0.001
0.001	0.001	0.001	0.997
0.033	0.965	0.001	0.001
0.997	0.001	0.001	0.001
0.001	0.677	0.321	0.001
0.288	0.424	0.001	0.288
>TYTTTGATCGTA	15-TYTTTGATCGTA	8.991632	-23.003421	0	T:7.0(2.24%),B:1.1(0.05%),P:1e-9	Tpos:182.3,Tstd:37.1,Bpos:122.8,Bstd:70.8,StrandBias:2.6,Multiplicity:1.00
0.001	0.001	0.001	0.997
0.001	0.531	0.001	0.467
0.001	0.001	0.001	0.997
0.001	0.001	0.001	0.997
0.063	0.001	0.001	0.935
0.001	0.190	0.808	0.001
0.808	0.001	0.001	0.190
0.001	0.001	0.001	0.997
0.001	0.935	0.001	0.063
0.001	0.001	0.997	0.001
0.403	0.001	0.001	0.595
0.997	0.001	0.001	0.001
>TATAATAGCATG	16-TATAATAGCATG	9.362584	-22.529005	0	T:19.0(6.07%),B:22.5(0.93%),P:1e-9	Tpos:122.1,Tstd:64.7,Bpos:147.4,Bstd:61.7,StrandBias:0.4,Multiplicity:1.11
0.097	0.001	0.049	0.853
0.804	0.049	0.001	0.146
0.049	0.146	0.001	0.804
0.853	0.001	0.049	0.097
0.901	0.001	0.001	0.097
0.001	0.049	0.049	0.901
0.804	0.001	0.146	0.049
0.098	0.098	0.706	0.098
0.049	0.853	0.049	0.049
0.894	0.049	0.008	0.049
0.146	0.001	0.001	0.852
0.049	0.049	0.797	0.105
>CAATACTATTRT	17-CAATACTATTRT	10.536420	-22.168597	0	T:12.0(3.83%),B:7.6(0.32%),P:1e-9	Tpos:122.2,Tstd:71.4,Bpos:166.9,Bstd:47.7,StrandBias:0.0,Multiplicity:1.00
0.001	0.934	0.064	0.001
0.997	0.001	0.001	0.001
0.869	0.129	0.001	0.001
0.131	0.067	0.066	0.736
0.545	0.001	0.195	0.259
0.064	0.803	0.132	0.001
0.194	0.001	0.001	0.804
0.871	0.064	0.064	0.001
0.259	0.001	0.001	0.739
0.001	0.214	0.001	0.784
0.324	0.001	0.461	0.214
0.196	0.001	0.131	0.672
>ATCGTAACTGAA	18-ATCGTAACTGAA	9.786405	-21.129027	0	T:11.0(3.51%),B:6.0(0.25%),P:1e-9	Tpos:172.1,Tstd:61.0,Bpos:108.5,Bstd:47.2,StrandBias:-1.2,Multiplicity:1.00
0.997	0.001	0.001	0.001
0.001	0.223	0.021	0.755
0.001	0.997	0.001	0.001
0.001	0.001	0.997	0.001
0.001	0.021	0.021	0.957
0.775	0.001	0.001	0.223
0.775	0.223	0.001	0.001
0.001	0.553	0.223	0.223
0.001	0.223	0.021	0.755
0.001	0.001	0.997	0.001
0.775	0.223	0.001	0.001
0.775	0.001	0.001	0.223
>TAAATHSTRTTT	19-TAAATHSTRTTT	12.043727	-18.993383	0	T:6.0(1.92%),B:0.8(0.03%),P:1e-8	Tpos:86.0,Tstd:81.0,Bpos:154.8,Bstd:42.9,StrandBias:2.3,Multiplicity:1.00
0.139	0.070	0.001	0.790
0.792	0.069	0.001	0.138
0.814	0.069	0.024	0.093
0.837	0.047	0.070	0.046
0.094	0.047	0.069	0.790
0.425	0.276	0.023	0.276
0.115	0.299	0.425	0.161
0.069	0.047	0.047	0.837
0.345	0.046	0.445	0.163
0.046	0.024	0.024	0.906
0.025	0.046	0.046	0.883
0.092	0.001	0.046	0.861
>GATCAGAAGATA	20-GATCAGAAGATA	11.640719	-18.584971	0	T:8.0(2.56%),B:3.3(0.14%),P:1e-8	Tpos:137.1,Tstd:49.9,Bpos:140.1,Bstd:35.3,StrandBias:0.0,Multiplicity:1.00
0.323	0.001	0.675	0.001
0.997	0.001	0.001	0.001
0.154	0.154	0.001	0.691
0.014	0.984	0.001	0.001
0.997	0.001	0.001	0.001
0.309	0.169	0.521	0.001
0.984	0.014	0.001	0.001
0.997	0.001	0.001	0.001
0.001	0.001	0.997	0.001
0.691	0.154	0.001	0.154
0.154	0.154	0.001	0.691
0.844	0.001	0.154	0.001
>TTGAAAGCCATA	21-TTGAAAGCCATA	10.414540	-16.274178	0	T:12.0(3.83%),B:12.2(0.51%),P:1e-7	Tpos:139.9,Tstd:65.1,Bpos:150.7,Bstd:55.1,StrandBias:1.6,Multiplicity:1.00
0.125	0.001	0.001	0.873
0.001	0.001	0.001	0.997
0.211	0.106	0.577	0.106
0.893	0.001	0.105	0.001
0.997	0.001	0.001	0.001
0.893	0.105	0.001	0.001
0.001	0.105	0.789	0.105
0.210	0.788	0.001	0.001
0.001	0.789	0.105	0.105
0.873	0.001	0.001	0.125
0.105	0.001	0.001	0.893
0.683	0.001	0.211	0.105
>CAGAAATTACCC	22-CAGAAATTACCC	12.537178	-15.139961	0	T:5.0(1.60%),B:0.5(0.02%),P:1e-6	Tpos:150.8,Tstd:85.2,Bpos:108.0,Bstd:0.0,StrandBias:-1.0,Multiplicity:1.20
0.001	0.997	0.001	0.001
0.452	0.183	0.183	0.183
0.001	0.017	0.800	0.182
0.982	0.001	0.016	0.001
0.548	0.001	0.182	0.269
0.997	0.001	0.001	0.001
0.016	0.001	0.001	0.982
0.016	0.001	0.001	0.982
0.997	0.001	0.001	0.001
0.001	0.997	0.001	0.001
0.001	0.816	0.001	0.182
0.001	0.816	0.001	0.182
>CACGACACAATC	23-CACGACACAATC	10.619855	-14.943188	0	T:6.0(1.92%),B:2.3(0.09%),P:1e-6	Tpos:106.7,Tstd:62.9,Bpos:67.2,Bstd:3.5,StrandBias:4.2,Multiplicity:3.33
0.117	0.881	0.001	0.001
0.881	0.001	0.117	0.001
0.001	0.997	0.001	0.001
0.001	0.001	0.997	0.001
0.645	0.118	0.236	0.001
0.122	0.876	0.001	0.001
0.881	0.117	0.001	0.001
0.117	0.881	0.001	0.001
0.605	0.001	0.248	0.146
0.997	0.001	0.001	0.001
0.241	0.001	0.118	0.640
0.118	0.763	0.118	0.001
>AATAAACSAATA	24-AATAAACSAATA	11.617906	-14.943188	0	T:6.0(1.92%),B:2.7(0.11%),P:1e-6	Tpos:123.5,Tstd:59.9,Bpos:190.0,Bstd:18.2,StrandBias:10.0,Multiplicity:1.33
0.844	0.001	0.154	0.001
0.649	0.001	0.349	0.001
0.001	0.154	0.001	0.844
0.844	0.001	0.154	0.001
0.784	0.029	0.186	0.001
0.691	0.154	0.001	0.154
0.001	0.997	0.001	0.001
0.154	0.379	0.465	0.001
0.658	0.001	0.001	0.340
0.969	0.001	0.001	0.029
0.154	0.001	0.001	0.844
0.688	0.001	0.310	0.001
>ACAGTGCGCACT	25-ACAGTGCGCACT	6.475967	-9.528239	0	T:47.0(15.02%),B:203.0(8.41%),P:1e-4	Tpos:123.0,Tstd:65.9,Bpos:118.2,Bstd:66.5,StrandBias:-0.6,Multiplicity:1.23
0.603	0.059	0.161	0.177
0.249	0.589	0.103	0.059
0.795	0.073	0.029	0.103
0.147	0.146	0.590	0.117
0.176	0.074	0.029	0.721
0.044	0.073	0.766	0.117
0.175	0.649	0.044	0.132
0.088	0.030	0.750	0.132
0.030	0.911	0.015	0.044
0.794	0.015	0.161	0.030
0.191	0.573	0.030	0.206
0.118	0.059	0.162	0.661
