>GCGAAAATCT	1-GCGAAAATCT	10.405381	-34.366902	0	T:15.0(5.60%),B:6.8(0.29%),P:1e-14	Tpos:158.2,Tstd:73.6,Bpos:131.8,Bstd:72.1,StrandBias:1.0,Multiplicity:1.00
0.056	0.078	0.865	0.001
0.001	0.920	0.078	0.001
0.078	0.001	0.843	0.078
0.843	0.078	0.001	0.078
0.920	0.078	0.001	0.001
0.920	0.001	0.078	0.001
0.920	0.078	0.001	0.001
0.078	0.001	0.001	0.920
0.078	0.920	0.001	0.001
0.001	0.001	0.001	0.997
>ACTGTGGTTT	2-ACTGTGGTTT	10.379366	-34.366902	0	T:15.0(5.60%),B:6.9(0.30%),P:1e-14	Tpos:122.1,Tstd:47.3,Bpos:114.8,Bstd:56.7,StrandBias:-1.1,Multiplicity:1.07
0.715	0.001	0.086	0.198
0.001	0.913	0.085	0.001
0.001	0.085	0.001	0.913
0.001	0.001	0.997	0.001
0.001	0.197	0.001	0.801
0.001	0.001	0.997	0.001
0.001	0.085	0.913	0.001
0.001	0.001	0.085	0.913
0.085	0.001	0.001	0.913
0.001	0.001	0.085	0.913
>CTCGCCACAA	3-CTCGCCACAA	11.243779	-33.997735	0	T:11.0(4.10%),B:2.8(0.12%),P:1e-14	Tpos:125.6,Tstd:41.3,Bpos:137.9,Bstd:47.5,StrandBias:1.4,Multiplicity:1.00
0.001	0.892	0.001	0.106
0.001	0.001	0.001	0.997
0.001	0.997	0.001	0.001
0.106	0.001	0.787	0.106
0.001	0.997	0.001	0.001
0.001	0.997	0.001	0.001
0.997	0.001	0.001	0.001
0.001	0.997	0.001	0.001
0.892	0.106	0.001	0.001
0.997	0.001	0.001	0.001
>CTTAATTCCG	4-CTTAATTCCG	10.673199	-28.052453	0	T:8.0(2.99%),B:1.3(0.06%),P:1e-12	Tpos:98.0,Tstd:60.2,Bpos:178.7,Bstd:40.8,StrandBias:-0.7,Multiplicity:1.00
0.001	0.815	0.001	0.183
0.001	0.001	0.001	0.997
0.001	0.001	0.183	0.815
0.997	0.001	0.001	0.001
0.997	0.001	0.001	0.001
0.366	0.001	0.001	0.632
0.001	0.001	0.001	0.997
0.001	0.815	0.001	0.183
0.001	0.761	0.027	0.211
0.001	0.001	0.997	0.001
>CTGCTGTGAG	5-CTGCTGTGAG	6.759998	-27.602065	0	T:53.0(19.78%),B:154.2(6.67%),P:1e-11	Tpos:135.3,Tstd:64.5,Bpos:130.0,Bstd:76.9,StrandBias:-0.5,Multiplicity:1.10
0.140	0.744	0.084	0.032
0.112	0.112	0.001	0.775
0.041	0.056	0.815	0.088
0.112	0.803	0.001	0.084
0.112	0.028	0.056	0.804
0.028	0.056	0.888	0.028
0.060	0.056	0.056	0.828
0.056	0.056	0.784	0.104
0.743	0.056	0.084	0.117
0.084	0.056	0.832	0.028
>CCTCAAAATA	6-CCTCAAAATA	10.054282	-26.519332	0	T:18.0(6.72%),B:17.6(0.76%),P:1e-11	Tpos:117.1,Tstd:69.9,Bpos:100.3,Bstd:70.9,StrandBias:0.3,Multiplicity:1.00
0.033	0.923	0.043	0.001
0.061	0.708	0.001	0.230
0.084	0.061	0.061	0.794
0.001	0.997	0.001	0.001
0.817	0.061	0.061	0.061
0.938	0.060	0.001	0.001
0.997	0.001	0.001	0.001
0.997	0.001	0.001	0.001
0.060	0.001	0.001	0.938
0.938	0.001	0.060	0.001
>TTGCGGAAAC	7-TTGCGGAAAC	10.921921	-26.298526	0	T:9.0(3.36%),B:2.4(0.10%),P:1e-11	Tpos:106.7,Tstd:88.3,Bpos:206.1,Bstd:30.9,StrandBias:1.2,Multiplicity:1.00
0.001	0.001	0.001	0.997
0.001	0.001	0.001	0.997
0.001	0.001	0.997	0.001
0.001	0.997	0.001	0.001
0.137	0.137	0.725	0.001
0.137	0.315	0.547	0.001
0.997	0.001	0.001	0.001
0.997	0.001	0.001	0.001
0.997	0.001	0.001	0.001
0.001	0.862	0.001	0.136
>GACAATTCTG	8-GACAATTCTG	9.481908	-26.286342	0	T:13.0(4.85%),B:7.8(0.34%),P:1e-11	Tpos:125.4,Tstd:72.1,Bpos:120.8,Bstd:72.5,StrandBias:1.2,Multiplicity:1.00
0.001	0.118	0.763	0.118
0.997	0.001	0.001	0.001
0.117	0.881	0.001	0.001
0.997	0.001	0.001	0.001
0.881	0.117	0.001	0.001
0.001	0.001	0.117	0.881
0.001	0.001	0.001	0.997
0.001	0.962	0.001	0.036
0.001	0.117	0.001	0.881
0.118	0.001	0.763	0.118
>ATTCCATACC	9-ATTCCATACC	10.550102	-25.212311	0	T:12.0(4.48%),B:6.3(0.27%),P:1e-10	Tpos:165.1,Tstd:68.1,Bpos:154.6,Bstd:44.1,StrandBias:0.0,Multiplicity:1.00
0.908	0.001	0.001	0.090
0.001	0.001	0.001	0.997
0.001	0.091	0.091	0.817
0.001	0.997	0.001	0.001
0.001	0.908	0.090	0.001
0.817	0.091	0.091	0.001
0.001	0.090	0.001	0.908
0.908	0.001	0.001	0.090
0.091	0.817	0.001	0.091
0.001	0.997	0.001	0.001
>CCGCAATACC	10-CCGCAATACC	7.517231	-21.868880	0	T:27.0(10.07%),B:55.0(2.38%),P:1e-9	Tpos:103.0,Tstd:56.9,Bpos:110.2,Bstd:56.1,StrandBias:0.5,Multiplicity:1.19
0.086	0.657	0.200	0.057
0.086	0.828	0.057	0.029
0.114	0.103	0.726	0.057
0.001	0.914	0.028	0.057
0.942	0.028	0.029	0.001
0.771	0.001	0.114	0.114
0.090	0.086	0.029	0.795
0.799	0.086	0.086	0.029
0.057	0.796	0.030	0.117
0.102	0.783	0.029	0.086
>TAAGRTTTTA	11-TAAGRTTTTA	9.873488	-19.790479	0	T:13.0(4.85%),B:12.2(0.53%),P:1e-8	Tpos:107.4,Tstd:67.8,Bpos:125.5,Bstd:97.8,StrandBias:0.2,Multiplicity:1.08
0.001	0.001	0.001	0.997
0.997	0.001	0.001	0.001
0.997	0.001	0.001	0.001
0.065	0.001	0.933	0.001
0.426	0.001	0.399	0.174
0.001	0.001	0.001	0.997
0.001	0.001	0.001	0.997
0.001	0.001	0.173	0.825
0.001	0.001	0.173	0.825
0.997	0.001	0.001	0.001
>CCACATCGGC	12-CCACATCGGC	11.276337	-19.664501	0	T:6.0(2.24%),B:1.0(0.04%),P:1e-8	Tpos:157.5,Tstd:55.4,Bpos:136.5,Bstd:46.2,StrandBias:1.0,Multiplicity:1.00
0.001	0.832	0.166	0.001
0.001	0.997	0.001	0.001
0.997	0.001	0.001	0.001
0.001	0.997	0.001	0.001
0.832	0.166	0.001	0.001
0.166	0.001	0.166	0.667
0.001	0.997	0.001	0.001
0.001	0.001	0.832	0.166
0.001	0.001	0.997	0.001
0.001	0.997	0.001	0.001
>ACTTATCCGG	13-ACTTATCCGG	7.153005	-19.388092	0	T:28.0(10.45%),B:65.2(2.82%),P:1e-8	Tpos:113.2,Tstd:70.7,Bpos:118.4,Bstd:73.0,StrandBias:-0.3,Multiplicity:1.18
0.847	0.025	0.052	0.076
0.152	0.669	0.103	0.076
0.076	0.001	0.128	0.795
0.076	0.051	0.025	0.848
0.873	0.050	0.001	0.076
0.050	0.001	0.050	0.899
0.051	0.873	0.025	0.051
0.103	0.796	0.076	0.025
0.103	0.179	0.667	0.051
0.103	0.051	0.745	0.101
>TANCTTTGCG	14-TANCTTTGCG	10.939386	-19.036560	0	T:7.0(2.61%),B:2.8(0.12%),P:1e-8	Tpos:126.8,Tstd:59.9,Bpos:121.9,Bstd:63.2,StrandBias:0.8,Multiplicity:2.00
0.001	0.001	0.001	0.997
0.970	0.001	0.028	0.001
0.225	0.326	0.225	0.225
0.296	0.702	0.001	0.001
0.001	0.001	0.001	0.997
0.001	0.001	0.001	0.997
0.001	0.001	0.224	0.774
0.028	0.001	0.970	0.001
0.001	0.997	0.001	0.001
0.224	0.001	0.774	0.001
>AACAAGATGA	15-AACAAGATGA	8.291083	-18.500222	0	T:21.0(7.84%),B:40.0(1.73%),P:1e-8	Tpos:109.8,Tstd:70.3,Bpos:118.9,Bstd:67.3,StrandBias:-0.2,Multiplicity:1.24
0.836	0.122	0.021	0.021
0.853	0.042	0.062	0.043
0.001	0.505	0.269	0.225
0.690	0.186	0.062	0.062
0.559	0.021	0.378	0.042
0.022	0.245	0.685	0.048
0.570	0.021	0.021	0.388
0.035	0.062	0.229	0.674
0.062	0.021	0.577	0.340
0.844	0.036	0.057	0.063
>TGTGGACGGG	16-TGTGGACGGG	10.666616	-17.261185	0	T:8.0(2.99%),B:4.8(0.21%),P:1e-7	Tpos:133.5,Tstd:84.9,Bpos:118.9,Bstd:52.2,StrandBias:0.8,Multiplicity:1.38
0.001	0.001	0.099	0.899
0.001	0.099	0.899	0.001
0.001	0.001	0.001	0.997
0.099	0.001	0.899	0.001
0.001	0.001	0.997	0.001
0.997	0.001	0.001	0.001
0.099	0.899	0.001	0.001
0.099	0.001	0.899	0.001
0.001	0.100	0.799	0.100
0.001	0.100	0.799	0.100
>CGCCAGCCAG	17-CGCCAGCCAG	10.675573	-16.296738	0	T:7.0(2.61%),B:3.7(0.16%),P:1e-7	Tpos:152.8,Tstd:48.5,Bpos:116.5,Bstd:22.2,StrandBias:0.5,Multiplicity:1.14
0.410	0.588	0.001	0.001
0.001	0.012	0.975	0.012
0.001	0.997	0.001	0.001
0.001	0.997	0.001	0.001
0.815	0.001	0.001	0.183
0.001	0.001	0.632	0.366
0.001	0.997	0.001	0.001
0.366	0.632	0.001	0.001
0.997	0.001	0.001	0.001
0.001	0.001	0.997	0.001
>RTCGTGTWYA	18-RTCGTGTWYA	7.684176	-13.082489	0	T:8.0(2.99%),B:7.4(0.32%),P:1e-5	Tpos:124.2,Tstd:72.2,Bpos:128.6,Bstd:59.4,StrandBias:1.8,Multiplicity:2.25
0.520	0.080	0.399	0.001
0.001	0.053	0.053	0.893
0.094	0.506	0.147	0.253
0.267	0.146	0.520	0.067
0.120	0.093	0.226	0.561
0.001	0.093	0.800	0.106
0.067	0.120	0.106	0.707
0.440	0.053	0.093	0.413
0.001	0.492	0.026	0.481
0.494	0.120	0.293	0.093
>TGATGGACCT	19-TGATGGACCT	8.723803	-12.324907	0	T:5.0(1.87%),B:2.8(0.12%),P:1e-5	Tpos:135.1,Tstd:71.7,Bpos:158.8,Bstd:15.9,StrandBias:3.5,Multiplicity:2.40
0.222	0.001	0.001	0.776
0.001	0.001	0.997	0.001
0.997	0.001	0.001	0.001
0.001	0.001	0.001	0.997
0.001	0.001	0.997	0.001
0.001	0.001	0.997	0.001
0.997	0.001	0.001	0.001
0.001	0.688	0.001	0.310
0.001	0.997	0.001	0.001
0.001	0.087	0.001	0.911
>GTGAGTTCTG	20-GTGAGTTCTG	10.702521	-10.391765	0	T:5.0(1.87%),B:3.7(0.16%),P:1e-4	Tpos:95.6,Tstd:69.0,Bpos:106.0,Bstd:60.1,StrandBias:1.0,Multiplicity:2.40
0.093	0.001	0.905	0.001
0.001	0.001	0.001	0.997
0.001	0.001	0.997	0.001
0.905	0.093	0.001	0.001
0.001	0.001	0.905	0.093
0.093	0.001	0.001	0.905
0.001	0.093	0.001	0.905
0.001	0.997	0.001	0.001
0.001	0.001	0.001	0.997
0.217	0.094	0.688	0.001
>ATTTRTAAAG	21-ATTTRTAAAG	8.890105	-6.767244	0	T:13.0(4.85%),B:41.7(1.80%),P:1e-2	Tpos:105.8,Tstd:70.5,Bpos:130.6,Bstd:77.8,StrandBias:0.7,Multiplicity:1.38
0.725	0.001	0.273	0.001
0.001	0.139	0.139	0.721
0.001	0.280	0.020	0.699
0.001	0.001	0.001	0.997
0.526	0.020	0.440	0.014
0.001	0.238	0.001	0.760
0.859	0.001	0.139	0.001
0.721	0.139	0.001	0.139
0.997	0.001	0.001	0.001
0.001	0.001	0.997	0.001
>GGCGATATCG	22-GGCGATATCG	10.562484	-6.360404	0	T:3.0(1.12%),B:2.0(0.09%),P:1e-2	Tpos:115.4,Tstd:55.1,Bpos:109.4,Bstd:35.1,StrandBias:0.4,Multiplicity:3.00
0.072	0.001	0.926	0.001
0.001	0.001	0.608	0.390
0.001	0.926	0.001	0.072
0.001	0.001	0.997	0.001
0.926	0.001	0.072	0.001
0.001	0.001	0.001	0.997
0.997	0.001	0.001	0.001
0.001	0.001	0.001	0.997
0.001	0.997	0.001	0.001
0.001	0.001	0.997	0.001
>CTCGWTCCCT	23-CTCGWTCCCT	10.066186	-6.360404	0	T:3.0(1.12%),B:2.2(0.10%),P:1e-2	Tpos:112.4,Tstd:52.8,Bpos:178.4,Bstd:42.2,StrandBias:10.0,Multiplicity:3.33
0.001	0.997	0.001	0.001
0.001	0.001	0.001	0.997
0.001	0.997	0.001	0.001
0.001	0.001	0.997	0.001
0.343	0.091	0.132	0.434
0.342	0.001	0.001	0.656
0.001	0.997	0.001	0.001
0.001	0.997	0.001	0.001
0.181	0.727	0.001	0.091
0.020	0.001	0.363	0.616
>ATACATATAT	24-ATACATATAT	9.474986	-5.240660	0	T:11.0(4.10%),B:38.6(1.67%),P:1e-2	Tpos:189.1,Tstd:44.9,Bpos:97.5,Bstd:62.5,StrandBias:0.0,Multiplicity:1.00
0.840	0.007	0.001	0.152
0.108	0.110	0.167	0.615
0.981	0.007	0.001	0.011
0.007	0.779	0.001	0.213
0.672	0.152	0.023	0.153
0.001	0.001	0.006	0.992
0.817	0.181	0.001	0.001
0.001	0.001	0.001	0.997
0.733	0.001	0.259	0.007
0.005	0.005	0.007	0.983
>ATTTCACATG	25-ATTTCACATG	11.795730	-3.773119	0	T:2.0(0.75%),B:2.9(0.12%),P:1e-1	Tpos:131.4,Tstd:59.1,Bpos:152.6,Bstd:74.5,StrandBias:-1.6,Multiplicity:4.00
0.841	0.079	0.001	0.079
0.001	0.001	0.001	0.997
0.001	0.001	0.001	0.997
0.001	0.001	0.001	0.997
0.001	0.920	0.001	0.078
0.997	0.001	0.001	0.001
0.001	0.920	0.001	0.078
0.997	0.001	0.001	0.001
0.001	0.001	0.001	0.997
0.001	0.181	0.739	0.079
