>GATGCGGT	1-GATGCGGT	7.238063	-21.693799	0	T:18.0(6.72%),B:23.9(1.03%),P:1e-9	Tpos:127.1,Tstd:53.6,Bpos:137.1,Bstd:61.5,StrandBias:-0.2,Multiplicity:1.13
0.001	0.164	0.834	0.001
0.997	0.001	0.001	0.001
0.001	0.001	0.143	0.855
0.001	0.001	0.997	0.001
0.001	0.919	0.079	0.001
0.001	0.001	0.997	0.001
0.001	0.001	0.997	0.001
0.001	0.001	0.001	0.997
>TAAGCCGC	2-TAAGCCGC	7.055815	-21.580195	0	T:42.0(15.67%),B:123.5(5.34%),P:1e-9	Tpos:111.0,Tstd:59.7,Bpos:135.1,Bstd:68.5,StrandBias:1.1,Multiplicity:1.08
0.001	0.001	0.001	0.997
0.997	0.001	0.001	0.001
0.845	0.001	0.044	0.110
0.091	0.001	0.784	0.124
0.001	0.997	0.001	0.001
0.001	0.933	0.001	0.065
0.072	0.068	0.762	0.098
0.212	0.728	0.001	0.059
>TTTTGCGG	3-TTTTGCGG	4.649704	-18.958687	0	T:126.0(47.01%),B:699.7(30.25%),P:1e-8	Tpos:131.8,Tstd:63.7,Bpos:123.4,Bstd:76.9,StrandBias:0.1,Multiplicity:1.39
0.275	0.034	0.059	0.632
0.187	0.001	0.001	0.811
0.001	0.001	0.001	0.997
0.047	0.001	0.001	0.951
0.001	0.001	0.997	0.001
0.056	0.687	0.027	0.230
0.001	0.001	0.997	0.001
0.001	0.033	0.965	0.001
>CCAAATCT	4-CCAAATCT	6.761124	-18.735296	0	T:30.0(11.19%),B:76.7(3.32%),P:1e-8	Tpos:119.8,Tstd:66.4,Bpos:124.9,Bstd:81.2,StrandBias:0.0,Multiplicity:1.00
0.001	0.997	0.001	0.001
0.001	0.839	0.001	0.159
0.897	0.001	0.001	0.101
0.997	0.001	0.001	0.001
0.833	0.088	0.001	0.078
0.001	0.001	0.001	0.997
0.001	0.997	0.001	0.001
0.001	0.001	0.001	0.997
>AAACCAGG	5-AAACCAGG	5.555425	-18.146296	0	T:94.0(35.07%),B:469.7(20.31%),P:1e-7	Tpos:122.4,Tstd:67.3,Bpos:121.7,Bstd:79.8,StrandBias:0.0,Multiplicity:1.22
0.743	0.121	0.078	0.058
0.792	0.061	0.087	0.060
0.764	0.105	0.044	0.087
0.110	0.661	0.080	0.149
0.073	0.884	0.001	0.042
0.613	0.154	0.111	0.122
0.075	0.066	0.827	0.032
0.147	0.081	0.726	0.046
>TACGCTAT	6-TACGCTAT	7.227307	-17.801333	0	T:31.0(11.57%),B:84.8(3.67%),P:1e-7	Tpos:106.2,Tstd:69.3,Bpos:122.1,Bstd:77.5,StrandBias:0.3,Multiplicity:1.20
0.057	0.018	0.001	0.924
0.980	0.009	0.010	0.001
0.222	0.607	0.021	0.150
0.001	0.012	0.918	0.069
0.012	0.954	0.001	0.033
0.001	0.047	0.018	0.934
0.892	0.001	0.001	0.106
0.001	0.031	0.119	0.849
>GCAGCATG	7-GCAGCATG	7.042628	-17.560298	0	T:41.0(15.30%),B:136.8(5.92%),P:1e-7	Tpos:120.3,Tstd:63.2,Bpos:124.8,Bstd:70.2,StrandBias:0.3,Multiplicity:1.10
0.131	0.137	0.721	0.011
0.111	0.786	0.001	0.102
0.997	0.001	0.001	0.001
0.001	0.104	0.894	0.001
0.050	0.897	0.029	0.024
0.868	0.043	0.029	0.060
0.001	0.028	0.001	0.970
0.001	0.001	0.924	0.074
>CTACTAGG	8-CTACTAGG	7.332768	-16.672137	0	T:24.0(8.96%),B:56.7(2.45%),P:1e-7	Tpos:131.5,Tstd:69.6,Bpos:121.4,Bstd:63.2,StrandBias:0.5,Multiplicity:1.13
0.001	0.805	0.193	0.001
0.001	0.168	0.001	0.830
0.997	0.001	0.001	0.001
0.001	0.645	0.169	0.185
0.001	0.001	0.001	0.997
0.739	0.001	0.001	0.259
0.001	0.001	0.997	0.001
0.001	0.211	0.787	0.001
>CCSTGMGT	9-CCSTGMGT	5.251625	-16.521342	0	T:91.0(33.96%),B:463.5(20.04%),P:1e-7	Tpos:109.6,Tstd:67.0,Bpos:122.8,Bstd:63.8,StrandBias:0.5,Multiplicity:1.25
0.001	0.690	0.160	0.149
0.001	0.997	0.001	0.001
0.103	0.406	0.430	0.061
0.060	0.001	0.060	0.879
0.001	0.001	0.997	0.001
0.451	0.309	0.239	0.001
0.001	0.198	0.800	0.001
0.001	0.001	0.196	0.802
>GGGGACGT	10-GGGGACGT	8.236954	-15.602465	0	T:6.0(2.24%),B:2.9(0.12%),P:1e-6	Tpos:86.4,Tstd:84.8,Bpos:167.4,Bstd:36.9,StrandBias:2.0,Multiplicity:1.00
0.100	0.100	0.700	0.100
0.100	0.100	0.700	0.100
0.100	0.100	0.700	0.100
0.100	0.100	0.700	0.100
0.700	0.100	0.100	0.100
0.100	0.700	0.100	0.100
0.100	0.100	0.700	0.100
0.100	0.100	0.100	0.700
>ATACCGTT	11-ATACCGTT	9.875300	-13.960891	0	T:10.0(3.73%),B:11.5(0.50%),P:1e-6	Tpos:112.6,Tstd:87.7,Bpos:111.9,Bstd:79.9,StrandBias:0.6,Multiplicity:1.00
0.997	0.001	0.001	0.001
0.001	0.001	0.001	0.997
0.695	0.001	0.001	0.303
0.001	0.997	0.001	0.001
0.001	0.997	0.001	0.001
0.001	0.001	0.997	0.001
0.001	0.001	0.001	0.997
0.001	0.001	0.001	0.997
>GAATCCGG	12-GAATCCGG	3.257369	-13.617023	0	T:31.0(11.57%),B:102.7(4.44%),P:1e-5	Tpos:117.6,Tstd:65.3,Bpos:131.8,Bstd:75.5,StrandBias:0.6,Multiplicity:1.29
0.001	0.001	0.997	0.001
0.850	0.001	0.148	0.001
0.997	0.001	0.001	0.001
0.001	0.001	0.001	0.997
0.001	0.997	0.001	0.001
0.001	0.997	0.001	0.001
0.335	0.001	0.663	0.001
0.310	0.001	0.607	0.082
>CGTTCSAT	13-CGTTCSAT	7.380925	-13.555404	0	T:19.0(7.09%),B:45.0(1.95%),P:1e-5	Tpos:138.4,Tstd:63.6,Bpos:124.0,Bstd:65.2,StrandBias:-1.5,Multiplicity:1.16
0.001	0.997	0.001	0.001
0.001	0.131	0.867	0.001
0.001	0.001	0.001	0.997
0.082	0.001	0.001	0.916
0.001	0.997	0.001	0.001
0.001	0.530	0.468	0.001
0.745	0.001	0.253	0.001
0.001	0.001	0.001	0.997
>TSCCGBSG	14-TSCCGBSG	5.986208	-12.916125	0	T:19.0(7.09%),B:46.4(2.01%),P:1e-5	Tpos:101.9,Tstd:58.3,Bpos:129.4,Bstd:61.3,StrandBias:0.1,Multiplicity:1.17
0.135	0.155	0.122	0.588
0.001	0.418	0.399	0.182
0.095	0.654	0.021	0.230
0.237	0.451	0.246	0.066
0.001	0.001	0.997	0.001
0.015	0.332	0.307	0.345
0.089	0.478	0.421	0.012
0.001	0.087	0.601	0.311
>GACCCGTC	15-GACCCGTC	8.476901	-12.616488	0	T:9.0(3.36%),B:10.7(0.46%),P:1e-5	Tpos:123.4,Tstd:68.1,Bpos:134.3,Bstd:34.0,StrandBias:0.3,Multiplicity:1.22
0.001	0.001	0.997	0.001
0.854	0.144	0.001	0.001
0.001	0.997	0.001	0.001
0.001	0.997	0.001	0.001
0.001	0.997	0.001	0.001
0.001	0.001	0.997	0.001
0.001	0.144	0.001	0.854
0.001	0.896	0.102	0.001
>GATCCCAG	16-GATCCCAG	9.326038	-12.491852	0	T:10.0(3.73%),B:13.7(0.59%),P:1e-5	Tpos:148.1,Tstd:58.5,Bpos:105.3,Bstd:58.0,StrandBias:-0.2,Multiplicity:1.30
0.001	0.001	0.997	0.001
0.997	0.001	0.001	0.001
0.001	0.001	0.001	0.997
0.001	0.765	0.233	0.001
0.001	0.997	0.001	0.001
0.001	0.997	0.001	0.001
0.770	0.228	0.001	0.001
0.001	0.001	0.997	0.001
>GTTTCTGA	17-GTTTCTGA	9.666899	-10.555001	0	T:9.0(3.36%),B:13.2(0.57%),P:1e-4	Tpos:129.1,Tstd:75.6,Bpos:116.3,Bstd:72.3,StrandBias:0.6,Multiplicity:1.11
0.001	0.001	0.997	0.001
0.001	0.001	0.001	0.997
0.001	0.001	0.001	0.997
0.001	0.001	0.001	0.997
0.001	0.997	0.001	0.001
0.001	0.001	0.001	0.997
0.001	0.001	0.997	0.001
0.752	0.246	0.001	0.001
>GTTAACAT	18-GTTAACAT	9.040212	-9.390707	0	T:15.0(5.60%),B:40.6(1.76%),P:1e-4	Tpos:67.2,Tstd:55.4,Bpos:108.5,Bstd:69.7,StrandBias:-0.2,Multiplicity:1.07
0.001	0.001	0.997	0.001
0.001	0.001	0.001	0.997
0.001	0.001	0.001	0.997
0.997	0.001	0.001	0.001
0.997	0.001	0.001	0.001
0.001	0.836	0.162	0.001
0.809	0.001	0.001	0.189
0.001	0.001	0.001	0.997
>GGTATCGA	19-GGTATCGA	10.863827	-8.025285	0	T:5.0(1.87%),B:5.6(0.24%),P:1e-3	Tpos:100.8,Tstd:76.6,Bpos:104.7,Bstd:56.6,StrandBias:0.6,Multiplicity:1.00
0.001	0.001	0.997	0.001
0.097	0.001	0.901	0.001
0.001	0.001	0.001	0.997
0.997	0.001	0.001	0.001
0.001	0.001	0.001	0.997
0.001	0.997	0.001	0.001
0.001	0.001	0.997	0.001
0.901	0.097	0.001	0.001
>TTGTGTAC	20-TTGTGTAC	6.755609	-8.016955	0	T:20.0(7.46%),B:72.0(3.11%),P:1e-3	Tpos:137.0,Tstd:61.9,Bpos:127.1,Bstd:92.6,StrandBias:1.2,Multiplicity:1.29
0.001	0.001	0.001	0.997
0.001	0.001	0.244	0.754
0.001	0.401	0.597	0.001
0.001	0.001	0.001	0.997
0.001	0.001	0.997	0.001
0.001	0.044	0.001	0.954
0.997	0.001	0.001	0.001
0.001	0.997	0.001	0.001
>GTCGTGTT	21-GTCGTGTT	8.531024	-7.685369	0	T:15.0(5.60%),B:47.5(2.05%),P:1e-3	Tpos:105.3,Tstd:68.2,Bpos:134.2,Bstd:70.2,StrandBias:0.9,Multiplicity:1.53
0.246	0.001	0.752	0.001
0.001	0.001	0.001	0.997
0.001	0.997	0.001	0.001
0.001	0.001	0.997	0.001
0.001	0.286	0.001	0.712
0.001	0.001	0.997	0.001
0.001	0.251	0.045	0.703
0.046	0.096	0.208	0.650
>GYTCGAGT	22-GYTCGAGT	8.871097	-6.714513	0	T:9.0(3.36%),B:22.3(0.96%),P:1e-2	Tpos:97.9,Tstd:63.4,Bpos:136.4,Bstd:83.4,StrandBias:-3.6,Multiplicity:1.44
0.001	0.001	0.997	0.001
0.001	0.451	0.111	0.436
0.001	0.001	0.001	0.997
0.001	0.997	0.001	0.001
0.001	0.001	0.997	0.001
0.997	0.001	0.001	0.001
0.001	0.001	0.997	0.001
0.001	0.001	0.001	0.997
>TGGTTTAC	23-TGGTTTAC	8.236954	-6.201133	0	T:7.0(2.61%),B:15.8(0.68%),P:1e-2	Tpos:122.1,Tstd:68.2,Bpos:111.9,Bstd:44.0,StrandBias:-1.6,Multiplicity:1.33
0.100	0.100	0.100	0.700
0.100	0.100	0.700	0.100
0.100	0.100	0.700	0.100
0.100	0.100	0.100	0.700
0.100	0.100	0.100	0.700
0.100	0.100	0.100	0.700
0.700	0.100	0.100	0.100
0.100	0.700	0.100	0.100
>TTTGGATA	24-TTTGGATA	9.568739	-5.609093	0	T:17.0(6.34%),B:70.2(3.04%),P:1e-2	Tpos:116.7,Tstd:60.9,Bpos:142.4,Bstd:95.5,StrandBias:1.4,Multiplicity:1.38
0.001	0.001	0.001	0.997
0.001	0.001	0.001	0.997
0.001	0.001	0.001	0.997
0.001	0.001	0.997	0.001
0.001	0.001	0.997	0.001
0.775	0.001	0.001	0.223
0.001	0.001	0.001	0.997
0.997	0.001	0.001	0.001
>CGATATCG	25-CGATATCG	6.291044	-2.831851	0	T:20.0(7.46%),B:118.1(5.11%),P:1e-1	Tpos:113.8,Tstd:56.2,Bpos:121.7,Bstd:70.0,StrandBias:0.0,Multiplicity:1.31
0.100	0.700	0.100	0.100
0.100	0.100	0.700	0.100
0.700	0.100	0.100	0.100
0.100	0.100	0.100	0.700
0.700	0.100	0.100	0.100
0.100	0.100	0.100	0.700
0.100	0.700	0.100	0.100
0.100	0.100	0.700	0.100
