>RCYACCWGYW	1-RCYACCWGYW	6.257126	-233.069114	0	T:513.0(42.93%),B:233.7(16.61%),P:1e-101	Tpos:128.0,Tstd:52.1,Bpos:129.7,Bstd:74.4,StrandBias:0.0,Multiplicity:1.35
0.286	0.097	0.419	0.198
0.166	0.406	0.238	0.189
0.188	0.425	0.014	0.374
0.984	0.005	0.003	0.008
0.001	0.950	0.047	0.002
0.161	0.771	0.011	0.057
0.353	0.144	0.001	0.502
0.030	0.104	0.861	0.005
0.058	0.480	0.022	0.441
0.339	0.104	0.188	0.368
>GACATACCTG	2-GACATACCTG	8.264476	-129.999844	0	T:58.0(4.85%),B:4.0(0.28%),P:1e-56	Tpos:122.7,Tstd:72.4,Bpos:116.3,Bstd:27.6,StrandBias:0.2,Multiplicity:1.00
0.168	0.002	0.683	0.147
0.586	0.370	0.001	0.043
0.043	0.809	0.073	0.075
0.888	0.001	0.001	0.110
0.154	0.036	0.001	0.809
0.861	0.001	0.137	0.001
0.001	0.780	0.036	0.183
0.125	0.760	0.036	0.079
0.072	0.001	0.038	0.889
0.001	0.035	0.963	0.001
>GCGGHTTACA	3-GCGGHTTACA	8.945325	-95.408990	0	T:34.0(2.85%),B:1.3(0.09%),P:1e-41	Tpos:136.9,Tstd:65.1,Bpos:49.0,Bstd:44.1,StrandBias:-0.5,Multiplicity:1.00
0.155	0.001	0.689	0.155
0.009	0.989	0.001	0.001
0.001	0.001	0.926	0.072
0.155	0.082	0.762	0.001
0.367	0.328	0.083	0.222
0.001	0.001	0.082	0.916
0.001	0.082	0.010	0.907
0.997	0.001	0.001	0.001
0.083	0.685	0.010	0.222
0.997	0.001	0.001	0.001
>CAAACTGTGT	4-CAAACTGTGT	9.135698	-80.725923	0	T:30.0(2.51%),B:1.9(0.14%),P:1e-35	Tpos:121.4,Tstd:76.4,Bpos:92.5,Bstd:56.6,StrandBias:-0.7,Multiplicity:1.20
0.173	0.709	0.061	0.057
0.843	0.128	0.014	0.015
0.835	0.040	0.043	0.082
0.740	0.130	0.111	0.019
0.117	0.782	0.014	0.087
0.047	0.106	0.029	0.818
0.014	0.101	0.781	0.104
0.001	0.125	0.085	0.789
0.072	0.076	0.722	0.130
0.085	0.085	0.030	0.800
>CCAAATATTT	5-CCAAATATTT	9.201638	-70.425598	0	T:38.0(3.18%),B:3.8(0.27%),P:1e-30	Tpos:112.5,Tstd:73.6,Bpos:93.3,Bstd:80.1,StrandBias:-0.4,Multiplicity:1.03
0.001	0.934	0.031	0.034
0.001	0.941	0.001	0.057
0.734	0.068	0.008	0.190
0.977	0.001	0.001	0.021
0.625	0.001	0.373	0.001
0.002	0.001	0.001	0.996
0.919	0.003	0.003	0.075
0.068	0.003	0.068	0.861
0.001	0.001	0.005	0.993
0.003	0.070	0.003	0.924
>TTACTATTAT	6-TTACTATTAT	11.056684	-70.063270	0	T:27.0(2.26%),B:1.5(0.11%),P:1e-30	Tpos:146.1,Tstd:86.8,Bpos:120.1,Bstd:46.9,StrandBias:-0.1,Multiplicity:1.07
0.001	0.001	0.001	0.997
0.001	0.001	0.001	0.997
0.997	0.001	0.001	0.001
0.063	0.652	0.001	0.284
0.124	0.001	0.001	0.874
0.734	0.001	0.001	0.264
0.409	0.001	0.001	0.589
0.001	0.001	0.001	0.997
0.997	0.001	0.001	0.001
0.001	0.001	0.001	0.997
>TTTATATTTT	7-TTTATATTTT	11.372056	-62.308295	0	T:35.0(2.93%),B:3.3(0.24%),P:1e-27	Tpos:146.2,Tstd:76.8,Bpos:120.9,Bstd:89.1,StrandBias:0.4,Multiplicity:1.00
0.001	0.001	0.001	0.997
0.001	0.001	0.001	0.997
0.001	0.001	0.001	0.997
0.997	0.001	0.001	0.001
0.225	0.001	0.001	0.773
0.997	0.001	0.001	0.001
0.230	0.171	0.001	0.598
0.001	0.001	0.358	0.640
0.001	0.001	0.001	0.997
0.001	0.001	0.001	0.997
>ACATTTTCGG	8-ACATTTTCGG	7.509943	-60.732584	0	T:30.0(2.51%),B:2.2(0.16%),P:1e-26	Tpos:127.9,Tstd:75.7,Bpos:194.0,Bstd:10.1,StrandBias:0.2,Multiplicity:1.30
0.548	0.221	0.040	0.191
0.282	0.459	0.238	0.021
0.552	0.184	0.229	0.035
0.264	0.033	0.189	0.514
0.023	0.244	0.028	0.705
0.033	0.040	0.032	0.895
0.038	0.035	0.293	0.634
0.211	0.486	0.047	0.256
0.190	0.222	0.553	0.035
0.036	0.077	0.831	0.056
>GAGAAACATA	9-GAGAAACATA	8.778343	-60.295264	0	T:38.0(3.18%),B:4.3(0.31%),P:1e-26	Tpos:126.6,Tstd:81.5,Bpos:129.1,Bstd:63.4,StrandBias:-0.5,Multiplicity:1.03
0.264	0.001	0.721	0.014
0.702	0.162	0.012	0.124
0.012	0.275	0.575	0.138
0.814	0.012	0.162	0.012
0.810	0.001	0.188	0.001
0.827	0.001	0.012	0.160
0.212	0.491	0.047	0.251
0.776	0.012	0.001	0.211
0.001	0.001	0.063	0.935
0.620	0.160	0.001	0.219
>TAGAACCGGT	10-TAGAACCGGT	8.536293	-60.295264	0	T:38.0(3.18%),B:4.6(0.33%),P:1e-26	Tpos:129.7,Tstd:74.7,Bpos:151.2,Bstd:13.1,StrandBias:0.5,Multiplicity:1.13
0.163	0.044	0.125	0.668
0.958	0.040	0.001	0.001
0.251	0.001	0.705	0.043
0.958	0.040	0.001	0.001
0.877	0.001	0.121	0.001
0.162	0.836	0.001	0.001
0.154	0.633	0.041	0.172
0.165	0.043	0.791	0.001
0.001	0.003	0.953	0.043
0.001	0.200	0.272	0.527
>GTCCCGCTGA	11-GTCCCGCTGA	6.364334	-56.373922	0	T:23.0(1.92%),B:1.4(0.10%),P:1e-24	Tpos:132.9,Tstd:73.8,Bpos:58.5,Bstd:45.6,StrandBias:0.4,Multiplicity:1.00
0.210	0.179	0.422	0.189
0.143	0.058	0.126	0.673
0.102	0.571	0.161	0.166
0.190	0.530	0.132	0.148
0.166	0.594	0.087	0.153
0.268	0.092	0.518	0.122
0.059	0.501	0.322	0.118
0.113	0.187	0.136	0.564
0.140	0.106	0.652	0.102
0.518	0.135	0.212	0.135
>CACACACGAG	12-CACACACGAG	8.536645	-54.974340	0	T:28.0(2.34%),B:2.8(0.20%),P:1e-23	Tpos:125.1,Tstd:59.8,Bpos:178.6,Bstd:44.1,StrandBias:-0.5,Multiplicity:1.04
0.205	0.717	0.039	0.039
0.921	0.001	0.039	0.039
0.001	0.960	0.001	0.038
0.960	0.001	0.038	0.001
0.038	0.960	0.001	0.001
0.921	0.039	0.001	0.039
0.039	0.921	0.001	0.039
0.039	0.039	0.921	0.001
0.794	0.001	0.001	0.204
0.038	0.001	0.960	0.001
>CACCGTCCCA	13-CACCGTCCCA	8.598587	-54.974340	0	T:28.0(2.34%),B:2.8(0.20%),P:1e-23	Tpos:131.3,Tstd:71.5,Bpos:106.9,Bstd:25.8,StrandBias:0.5,Multiplicity:1.00
0.126	0.867	0.001	0.006
0.904	0.006	0.042	0.048
0.090	0.867	0.001	0.042
0.004	0.953	0.001	0.042
0.126	0.086	0.740	0.048
0.042	0.048	0.090	0.820
0.006	0.699	0.294	0.001
0.084	0.832	0.042	0.042
0.251	0.747	0.001	0.001
0.694	0.294	0.006	0.006
>CAAAGCCCGC	14-CAAAGCCCGC	9.570247	-52.148326	0	T:27.0(2.26%),B:2.1(0.15%),P:1e-22	Tpos:111.8,Tstd:72.9,Bpos:72.8,Bstd:32.7,StrandBias:0.2,Multiplicity:1.04
0.192	0.739	0.068	0.001
0.997	0.001	0.001	0.001
0.997	0.001	0.001	0.001
0.886	0.001	0.001	0.112
0.001	0.001	0.930	0.068
0.137	0.794	0.001	0.068
0.102	0.875	0.012	0.011
0.001	0.602	0.011	0.386
0.001	0.001	0.930	0.068
0.068	0.794	0.001	0.137
>CTGGTCGAGT	15-CTGGTCGAGT	7.504086	-50.394903	0	T:37.0(3.10%),B:5.3(0.38%),P:1e-21	Tpos:138.9,Tstd:71.9,Bpos:146.9,Bstd:33.3,StrandBias:-0.1,Multiplicity:1.00
0.057	0.813	0.031	0.099
0.142	0.028	0.071	0.759
0.071	0.043	0.798	0.088
0.057	0.043	0.855	0.045
0.057	0.028	0.059	0.856
0.071	0.839	0.017	0.073
0.043	0.111	0.775	0.071
0.730	0.085	0.114	0.071
0.099	0.028	0.802	0.071
0.099	0.057	0.045	0.799
>TACCAGTGGG	16-TACCAGTGGG	7.782062	-49.369519	0	T:30.0(2.51%),B:3.9(0.28%),P:1e-21	Tpos:155.6,Tstd:58.9,Bpos:108.5,Bstd:35.6,StrandBias:-0.1,Multiplicity:1.00
0.092	0.001	0.054	0.853
0.862	0.026	0.036	0.076
0.093	0.825	0.081	0.001
0.074	0.852	0.073	0.001
0.768	0.054	0.090	0.088
0.108	0.074	0.677	0.141
0.109	0.006	0.073	0.812
0.090	0.074	0.794	0.042
0.073	0.091	0.811	0.025
0.142	0.072	0.711	0.075
>CTGCTCAGGG	17-CTGCTCAGGG	7.453597	-46.032573	0	T:35.0(2.93%),B:6.0(0.42%),P:1e-19	Tpos:130.5,Tstd:56.9,Bpos:110.8,Bstd:47.6,StrandBias:-0.5,Multiplicity:1.00
0.065	0.779	0.065	0.091
0.093	0.052	0.026	0.829
0.091	0.015	0.776	0.118
0.065	0.779	0.065	0.091
0.054	0.054	0.091	0.801
0.089	0.729	0.091	0.091
0.816	0.013	0.104	0.067
0.054	0.013	0.879	0.054
0.102	0.045	0.786	0.067
0.026	0.052	0.857	0.065
>ATGACCCGTC	18-ATGACCCGTC	7.507047	-43.380172	0	T:19.0(1.59%),B:1.9(0.13%),P:1e-18	Tpos:126.7,Tstd:62.0,Bpos:89.2,Bstd:36.0,StrandBias:-1.2,Multiplicity:1.28
0.882	0.045	0.028	0.045
0.051	0.018	0.089	0.842
0.046	0.073	0.765	0.116
0.818	0.027	0.064	0.091
0.074	0.799	0.073	0.054
0.045	0.802	0.073	0.080
0.107	0.765	0.054	0.074
0.074	0.073	0.791	0.062
0.054	0.074	0.054	0.818
0.109	0.735	0.074	0.082
>TACGCAGCAT	19-TACGCAGCAT	9.988827	-40.255630	0	T:18.0(1.51%),B:0.8(0.06%),P:1e-17	Tpos:118.4,Tstd:59.1,Bpos:173.0,Bstd:0.0,StrandBias:0.7,Multiplicity:1.00
0.306	0.058	0.001	0.635
0.940	0.001	0.001	0.058
0.001	0.940	0.001	0.058
0.058	0.001	0.776	0.165
0.058	0.940	0.001	0.001
0.997	0.001	0.001	0.001
0.058	0.058	0.883	0.001
0.001	0.997	0.001	0.001
0.997	0.001	0.001	0.001
0.001	0.001	0.058	0.940
>GTTGGGAACT	20-GTTGGGAACT	9.095633	-38.602770	0	T:22.0(1.84%),B:2.1(0.15%),P:1e-16	Tpos:116.1,Tstd:67.7,Bpos:127.8,Bstd:88.3,StrandBias:0.1,Multiplicity:1.00
0.001	0.071	0.927	0.001
0.071	0.001	0.001	0.927
0.072	0.001	0.072	0.855
0.072	0.001	0.855	0.072
0.071	0.001	0.927	0.001
0.071	0.001	0.927	0.001
0.997	0.001	0.001	0.001
0.997	0.001	0.001	0.001
0.001	0.927	0.001	0.071
0.203	0.072	0.001	0.724
>TGCTGAGACG	21-TGCTGAGACG	7.037058	-38.602770	0	T:22.0(1.84%),B:2.9(0.21%),P:1e-16	Tpos:128.6,Tstd:74.4,Bpos:80.2,Bstd:40.7,StrandBias:-0.3,Multiplicity:1.05
0.100	0.087	0.119	0.694
0.128	0.126	0.641	0.105
0.081	0.690	0.114	0.115
0.133	0.043	0.051	0.773
0.115	0.113	0.712	0.060
0.713	0.059	0.091	0.137
0.108	0.089	0.713	0.090
0.708	0.064	0.140	0.088
0.102	0.658	0.127	0.113
0.138	0.078	0.696	0.088
>AACTTAAAAT	22-AACTTAAAAT	10.574175	-36.021658	0	T:21.0(1.76%),B:2.6(0.19%),P:1e-15	Tpos:156.8,Tstd:75.3,Bpos:115.6,Bstd:78.1,StrandBias:1.6,Multiplicity:1.33
0.997	0.001	0.001	0.001
0.918	0.001	0.080	0.001
0.141	0.857	0.001	0.001
0.001	0.001	0.001	0.997
0.001	0.001	0.001	0.997
0.918	0.080	0.001	0.001
0.918	0.080	0.001	0.001
0.693	0.001	0.226	0.080
0.773	0.001	0.225	0.001
0.001	0.001	0.080	0.918
>GTACCCGGGG	23-GTACCCGGGG	8.245032	-34.173550	0	T:16.0(1.34%),B:1.6(0.11%),P:1e-14	Tpos:111.9,Tstd:46.5,Bpos:118.4,Bstd:50.1,StrandBias:-0.4,Multiplicity:1.00
0.103	0.094	0.686	0.117
0.100	0.091	0.101	0.708
0.706	0.097	0.100	0.097
0.115	0.699	0.089	0.097
0.093	0.709	0.094	0.104
0.113	0.684	0.082	0.121
0.126	0.094	0.665	0.115
0.103	0.081	0.704	0.112
0.084	0.085	0.744	0.087
0.104	0.109	0.698	0.089
>CAAGCTGGTN	24-CAAGCTGGTN	7.720318	-30.286058	0	T:38.0(3.18%),B:10.7(0.76%),P:1e-13	Tpos:127.8,Tstd:75.8,Bpos:78.0,Bstd:17.4,StrandBias:-0.1,Multiplicity:1.05
0.268	0.506	0.073	0.153
0.894	0.020	0.055	0.031
0.787	0.016	0.016	0.181
0.229	0.187	0.533	0.051
0.132	0.730	0.032	0.106
0.211	0.079	0.077	0.633
0.012	0.087	0.692	0.209
0.041	0.212	0.529	0.218
0.103	0.077	0.071	0.749
0.260	0.174	0.296	0.270
>TGGCCCTGGC	25-TGGCCCTGGC	7.440118	-28.665301	0	T:35.0(2.93%),B:9.6(0.68%),P:1e-12	Tpos:120.2,Tstd:58.6,Bpos:124.1,Bstd:44.8,StrandBias:0.4,Multiplicity:1.11
0.076	0.049	0.016	0.859
0.063	0.113	0.761	0.063
0.108	0.063	0.780	0.049
0.016	0.810	0.111	0.063
0.079	0.837	0.021	0.063
0.076	0.765	0.034	0.125
0.110	0.016	0.032	0.842
0.110	0.018	0.761	0.111
0.049	0.079	0.759	0.113
0.047	0.856	0.063	0.034
>CAGGTACCTGYT	1-CAGGTACCTGYT	9.378454	-196.419208	0	T:59.0(4.94%),B:1.9(0.13%),P:1e-85	Tpos:130.8,Tstd:43.3,Bpos:165.0,Bstd:33.1,StrandBias:-0.2,Multiplicity:1.05
0.167	0.670	0.001	0.162
0.521	0.065	0.135	0.279
0.260	0.001	0.707	0.032
0.001	0.001	0.934	0.064
0.001	0.001	0.001	0.997
0.997	0.001	0.001	0.001
0.001	0.997	0.001	0.001
0.001	0.997	0.001	0.001
0.097	0.001	0.001	0.901
0.001	0.001	0.997	0.001
0.065	0.414	0.065	0.456
0.122	0.167	0.130	0.581
>TACTGGTGGCCG	2-TACTGGTGGCCG	8.108554	-150.048324	0	T:70.0(5.86%),B:4.6(0.33%),P:1e-65	Tpos:122.7,Tstd:42.1,Bpos:124.7,Bstd:62.3,StrandBias:-0.4,Multiplicity:1.04
0.145	0.059	0.067	0.729
0.680	0.054	0.152	0.114
0.099	0.768	0.066	0.067
0.192	0.040	0.087	0.681
0.040	0.034	0.799	0.127
0.020	0.033	0.907	0.040
0.073	0.040	0.026	0.861
0.067	0.053	0.846	0.034
0.093	0.047	0.807	0.053
0.066	0.740	0.073	0.121
0.180	0.602	0.125	0.093
0.191	0.106	0.590	0.113
>AACTCTACAGGT	3-AACTCTACAGGT	9.254457	-102.932994	0	T:36.0(3.01%),B:1.6(0.11%),P:1e-44	Tpos:135.0,Tstd:61.0,Bpos:82.5,Bstd:23.2,StrandBias:-0.4,Multiplicity:1.06
0.842	0.094	0.032	0.032
0.873	0.063	0.032	0.032
0.126	0.694	0.074	0.106
0.094	0.063	0.094	0.749
0.032	0.893	0.032	0.043
0.137	0.094	0.063	0.706
0.936	0.001	0.001	0.062
0.126	0.810	0.001	0.063
0.936	0.001	0.001	0.062
0.189	0.032	0.747	0.032
0.001	0.031	0.967	0.001
0.001	0.063	0.031	0.905
>TAAATTATTAAT	4-TAAATTATTAAT	8.990256	-87.798120	0	T:201.0(16.82%),B:85.3(6.06%),P:1e-38	Tpos:127.2,Tstd:56.5,Bpos:114.4,Bstd:70.0,StrandBias:0.0,Multiplicity:1.06
0.001	0.015	0.008	0.976
0.510	0.144	0.152	0.194
0.883	0.069	0.001	0.047
0.842	0.047	0.008	0.103
0.119	0.001	0.015	0.865
0.334	0.016	0.038	0.612
0.824	0.001	0.001	0.174
0.082	0.008	0.001	0.909
0.080	0.024	0.031	0.865
0.568	0.114	0.121	0.197
0.975	0.008	0.001	0.016
0.085	0.112	0.024	0.779
>AGCAGGTGGCRT	5-AGCAGGTGGCRT	10.690359	-84.481430	0	T:43.0(3.60%),B:3.2(0.23%),P:1e-36	Tpos:141.9,Tstd:46.5,Bpos:143.0,Bstd:48.9,StrandBias:0.4,Multiplicity:1.03
0.892	0.001	0.001	0.106
0.213	0.053	0.733	0.001
0.001	0.997	0.001	0.001
0.778	0.001	0.001	0.220
0.001	0.001	0.997	0.001
0.001	0.001	0.997	0.001
0.001	0.001	0.001	0.997
0.052	0.001	0.946	0.001
0.060	0.001	0.938	0.001
0.106	0.631	0.001	0.262
0.381	0.001	0.454	0.164
0.122	0.221	0.053	0.604
>TAGAATTTGCGG	6-TAGAATTTGCGG	8.526769	-78.781275	0	T:36.0(3.01%),B:2.1(0.15%),P:1e-34	Tpos:121.1,Tstd:67.3,Bpos:174.4,Bstd:46.6,StrandBias:-0.9,Multiplicity:1.00
0.075	0.075	0.121	0.729
0.878	0.001	0.074	0.047
0.037	0.001	0.888	0.074
0.840	0.001	0.112	0.047
0.916	0.037	0.037	0.010
0.037	0.037	0.037	0.889
0.074	0.001	0.037	0.888
0.037	0.037	0.112	0.814
0.112	0.121	0.580	0.187
0.037	0.925	0.001	0.037
0.074	0.001	0.878	0.047
0.074	0.001	0.851	0.074
>GGCCACATGCGA	7-GGCCACATGCGA	9.166513	-70.063270	0	T:27.0(2.26%),B:1.9(0.14%),P:1e-30	Tpos:137.4,Tstd:53.0,Bpos:179.5,Bstd:42.5,StrandBias:-0.5,Multiplicity:1.04
0.001	0.074	0.813	0.112
0.059	0.001	0.903	0.037
0.075	0.851	0.037	0.037
0.037	0.851	0.075	0.037
0.850	0.001	0.037	0.112
0.036	0.962	0.001	0.001
0.850	0.112	0.037	0.001
0.134	0.075	0.112	0.679
0.037	0.001	0.925	0.037
0.037	0.814	0.037	0.112
0.075	0.075	0.738	0.112
0.851	0.075	0.037	0.037
>CCAAAAGCTCCG	8-CCAAAAGCTCCG	9.125929	-63.138589	0	T:25.0(2.09%),B:1.3(0.09%),P:1e-27	Tpos:132.0,Tstd:67.1,Bpos:136.3,Bstd:53.9,StrandBias:0.3,Multiplicity:1.00
0.042	0.873	0.084	0.001
0.042	0.790	0.084	0.084
0.932	0.042	0.001	0.025
0.957	0.041	0.001	0.001
0.957	0.001	0.041	0.001
0.957	0.001	0.041	0.001
0.084	0.042	0.748	0.126
0.126	0.748	0.084	0.042
0.084	0.084	0.001	0.831
0.084	0.765	0.067	0.084
0.001	0.915	0.001	0.083
0.168	0.210	0.621	0.001
>ACCTGCATGTTT	9-ACCTGCATGTTT	8.577372	-60.386850	0	T:60.0(5.02%),B:12.6(0.89%),P:1e-26	Tpos:132.5,Tstd:65.2,Bpos:119.0,Bstd:72.2,StrandBias:-0.2,Multiplicity:1.04
0.914	0.001	0.021	0.064
0.064	0.779	0.086	0.071
0.021	0.829	0.064	0.086
0.064	0.049	0.006	0.881
0.021	0.107	0.851	0.021
0.086	0.892	0.001	0.021
0.763	0.043	0.001	0.193
0.071	0.043	0.086	0.800
0.001	0.064	0.828	0.107
0.043	0.064	0.001	0.892
0.043	0.125	0.021	0.811
0.103	0.049	0.043	0.805
>CCCGCAACCCGC	10-CCCGCAACCCGC	8.867796	-57.836151	0	T:29.0(2.43%),B:2.9(0.20%),P:1e-25	Tpos:112.6,Tstd:46.5,Bpos:187.2,Bstd:7.4,StrandBias:0.7,Multiplicity:1.10
0.063	0.811	0.063	0.063
0.093	0.814	0.092	0.001
0.001	0.986	0.012	0.001
0.268	0.126	0.605	0.001
0.063	0.858	0.001	0.078
0.935	0.063	0.001	0.001
0.935	0.063	0.001	0.001
0.253	0.588	0.127	0.032
0.063	0.806	0.063	0.068
0.029	0.829	0.001	0.141
0.001	0.001	0.858	0.140
0.015	0.859	0.063	0.063
>ACCCRCAAATGT	11-ACCCRCAAATGT	9.474442	-54.451459	0	T:32.0(2.68%),B:3.5(0.25%),P:1e-23	Tpos:133.7,Tstd:59.1,Bpos:210.4,Bstd:3.3,StrandBias:0.1,Multiplicity:1.56
0.582	0.001	0.165	0.252
0.211	0.659	0.001	0.129
0.031	0.937	0.001	0.031
0.095	0.673	0.001	0.231
0.512	0.007	0.480	0.001
0.140	0.828	0.001	0.031
0.937	0.031	0.001	0.031
0.967	0.031	0.001	0.001
0.604	0.063	0.035	0.298
0.001	0.062	0.001	0.936
0.063	0.063	0.842	0.032
0.063	0.207	0.001	0.729
>TACCTCACCGGG	12-TACCTCACCGGG	8.350899	-51.894272	0	T:31.0(2.59%),B:3.3(0.23%),P:1e-22	Tpos:122.8,Tstd:68.6,Bpos:117.9,Bstd:20.5,StrandBias:0.5,Multiplicity:1.00
0.252	0.031	0.001	0.716
0.795	0.102	0.102	0.001
0.048	0.950	0.001	0.001
0.001	0.794	0.001	0.204
0.102	0.215	0.001	0.682
0.101	0.897	0.001	0.001
0.918	0.048	0.001	0.033
0.001	0.988	0.010	0.001
0.204	0.794	0.001	0.001
0.102	0.001	0.693	0.204
0.042	0.001	0.909	0.048
0.001	0.001	0.897	0.101
>GGCGGCTAACCG	13-GGCGGCTAACCG	8.973780	-49.782541	0	T:21.0(1.76%),B:1.1(0.08%),P:1e-21	Tpos:121.1,Tstd:55.8,Bpos:57.0,Bstd:0.0,StrandBias:0.0,Multiplicity:1.00
0.059	0.001	0.762	0.178
0.059	0.001	0.939	0.001
0.119	0.761	0.060	0.060
0.059	0.059	0.881	0.001
0.059	0.001	0.881	0.059
0.060	0.794	0.060	0.086
0.119	0.001	0.059	0.821
0.914	0.059	0.026	0.001
0.939	0.001	0.059	0.001
0.086	0.735	0.178	0.001
0.119	0.761	0.060	0.060
0.001	0.001	0.939	0.059
>CCAGGTACCGTA	14-CCAGGTACCGTA	6.785989	-49.369519	0	T:30.0(2.51%),B:3.8(0.27%),P:1e-21	Tpos:103.9,Tstd:52.9,Bpos:33.7,Bstd:9.9,StrandBias:0.0,Multiplicity:1.04
0.198	0.508	0.153	0.141
0.161	0.635	0.089	0.115
0.760	0.040	0.045	0.155
0.191	0.089	0.555	0.165
0.158	0.123	0.545	0.174
0.150	0.102	0.100	0.648
0.600	0.112	0.144	0.144
0.171	0.522	0.122	0.185
0.167	0.539	0.110	0.184
0.198	0.148	0.478	0.175
0.165	0.151	0.094	0.590
0.598	0.110	0.134	0.158
>ATCATTGTGCAG	15-ATCATTGTGCAG	9.550006	-46.608816	0	T:25.0(2.09%),B:2.5(0.18%),P:1e-20	Tpos:119.6,Tstd:64.6,Bpos:58.6,Bstd:21.1,StrandBias:1.2,Multiplicity:1.12
0.798	0.134	0.001	0.067
0.067	0.034	0.067	0.832
0.067	0.832	0.001	0.100
0.865	0.034	0.034	0.067
0.001	0.067	0.033	0.899
0.134	0.082	0.034	0.750
0.100	0.001	0.851	0.048
0.033	0.100	0.001	0.866
0.034	0.101	0.798	0.067
0.100	0.817	0.001	0.082
0.965	0.001	0.033	0.001
0.067	0.001	0.798	0.134
>TTGTTGTACCGG	16-TTGTTGTACCGG	9.707498	-46.556633	0	T:20.0(1.67%),B:1.4(0.10%),P:1e-20	Tpos:91.8,Tstd:67.4,Bpos:126.5,Bstd:84.0,StrandBias:0.0,Multiplicity:1.20
0.077	0.077	0.001	0.845
0.001	0.001	0.001	0.997
0.078	0.023	0.860	0.039
0.077	0.001	0.039	0.883
0.039	0.077	0.001	0.883
0.078	0.039	0.728	0.155
0.116	0.116	0.001	0.767
0.921	0.001	0.001	0.077
0.039	0.767	0.078	0.116
0.039	0.844	0.001	0.116
0.077	0.001	0.767	0.155
0.001	0.100	0.822	0.077
>BNDATACCTGNT	17-BNDATACCTGNT	9.556943	-43.380172	0	T:19.0(1.59%),B:1.0(0.07%),P:1e-18	Tpos:123.0,Tstd:54.3,Bpos:36.0,Bstd:0.0,StrandBias:0.6,Multiplicity:1.11
0.167	0.321	0.242	0.270
0.271	0.269	0.191	0.270
0.246	0.118	0.361	0.275
0.984	0.014	0.001	0.001
0.001	0.001	0.014	0.984
0.984	0.014	0.001	0.001
0.001	0.997	0.001	0.001
0.001	0.997	0.001	0.001
0.001	0.001	0.001	0.997
0.209	0.179	0.523	0.089
0.239	0.305	0.178	0.278
0.269	0.180	0.105	0.446
>TGAACACAGGAA	18-TGAACACAGGAA	10.859289	-43.380172	0	T:19.0(1.59%),B:1.7(0.12%),P:1e-18	Tpos:122.5,Tstd:56.4,Bpos:65.9,Bstd:15.8,StrandBias:-0.8,Multiplicity:1.58
0.001	0.001	0.001	0.997
0.207	0.010	0.496	0.286
0.997	0.001	0.001	0.001
0.713	0.077	0.209	0.001
0.001	0.997	0.001	0.001
0.997	0.001	0.001	0.001
0.001	0.997	0.001	0.001
0.997	0.001	0.001	0.001
0.001	0.001	0.997	0.001
0.209	0.001	0.581	0.209
0.788	0.001	0.001	0.210
0.873	0.125	0.001	0.001
>TTTTGTCTTTTC	19-TTTTGTCTTTTC	11.173873	-40.255630	0	T:18.0(1.51%),B:1.2(0.09%),P:1e-17	Tpos:142.1,Tstd:80.0,Bpos:149.3,Bstd:65.2,StrandBias:0.0,Multiplicity:1.00
0.052	0.013	0.050	0.885
0.013	0.063	0.013	0.911
0.025	0.038	0.038	0.899
0.038	0.063	0.038	0.861
0.038	0.111	0.684	0.167
0.039	0.038	0.075	0.848
0.088	0.710	0.113	0.089
0.067	0.025	0.039	0.869
0.038	0.050	0.063	0.849
0.027	0.063	0.038	0.872
0.038	0.038	0.038	0.886
0.092	0.746	0.064	0.098
>CGGCAGTGGATC	20-CGGCAGTGGATC	9.395285	-38.602770	0	T:22.0(1.84%),B:2.4(0.17%),P:1e-16	Tpos:115.4,Tstd:52.5,Bpos:137.4,Bstd:19.8,StrandBias:-0.4,Multiplicity:1.05
0.001	0.939	0.059	0.001
0.252	0.013	0.516	0.219
0.001	0.001	0.997	0.001
0.191	0.807	0.001	0.001
0.688	0.001	0.001	0.310
0.001	0.001	0.880	0.118
0.001	0.001	0.118	0.880
0.001	0.001	0.701	0.297
0.001	0.001	0.997	0.001
0.761	0.237	0.001	0.001
0.178	0.001	0.072	0.749
0.073	0.529	0.060	0.338
>TGAATAACAAAA	21-TGAATAACAAAA	10.555012	-37.270576	0	T:25.0(2.09%),B:3.4(0.24%),P:1e-16	Tpos:144.3,Tstd:69.9,Bpos:104.0,Bstd:62.4,StrandBias:-0.2,Multiplicity:1.12
0.129	0.049	0.018	0.804
0.099	0.113	0.722	0.066
0.854	0.065	0.032	0.049
0.887	0.032	0.049	0.032
0.113	0.001	0.048	0.838
0.805	0.065	0.049	0.081
0.914	0.049	0.032	0.005
0.066	0.738	0.162	0.034
0.884	0.032	0.018	0.066
0.887	0.048	0.064	0.001
0.870	0.048	0.001	0.081
0.835	0.050	0.016	0.099
>ATTTTATTTGTA	22-ATTTTATTTGTA	11.773825	-32.699808	0	T:23.0(1.92%),B:3.3(0.23%),P:1e-14	Tpos:175.3,Tstd:50.5,Bpos:167.7,Bstd:42.7,StrandBias:0.9,Multiplicity:1.24
0.925	0.073	0.001	0.001
0.147	0.001	0.073	0.779
0.001	0.001	0.001	0.997
0.001	0.001	0.001	0.997
0.001	0.001	0.001	0.997
0.925	0.001	0.073	0.001
0.189	0.001	0.001	0.809
0.001	0.001	0.001	0.997
0.001	0.001	0.001	0.997
0.206	0.074	0.523	0.197
0.073	0.073	0.001	0.853
0.925	0.001	0.001	0.073
>AAAATATTCCAA	23-AAAATATTCCAA	10.409522	-26.190677	0	T:17.0(1.42%),B:2.6(0.18%),P:1e-11	Tpos:118.2,Tstd:67.5,Bpos:126.5,Bstd:79.0,StrandBias:1.7,Multiplicity:1.00
0.700	0.100	0.100	0.100
0.700	0.100	0.100	0.100
0.700	0.100	0.100	0.100
0.700	0.100	0.100	0.100
0.100	0.100	0.100	0.700
0.700	0.100	0.100	0.100
0.100	0.100	0.100	0.700
0.100	0.100	0.100	0.700
0.100	0.700	0.100	0.100
0.100	0.700	0.100	0.100
0.700	0.100	0.100	0.100
0.700	0.100	0.100	0.100
>TATTTATWTHTA	24-TATTTATWTHTA	12.378831	-24.297736	0	T:24.0(2.01%),B:5.5(0.39%),P:1e-10	Tpos:126.4,Tstd:74.0,Bpos:180.3,Bstd:54.1,StrandBias:0.9,Multiplicity:1.00
0.001	0.001	0.001	0.997
0.694	0.050	0.255	0.001
0.001	0.001	0.049	0.949
0.001	0.001	0.001	0.997
0.001	0.001	0.001	0.997
0.997	0.001	0.001	0.001
0.001	0.001	0.001	0.997
0.421	0.001	0.100	0.478
0.001	0.049	0.001	0.949
0.372	0.384	0.001	0.243
0.050	0.150	0.001	0.799
0.949	0.049	0.001	0.001
>ACTGGTGACAAA	25-ACTGGTGACAAA	10.409522	-19.412042	0	T:14.0(1.17%),B:2.2(0.16%),P:1e-8	Tpos:171.5,Tstd:64.2,Bpos:196.6,Bstd:29.8,StrandBias:0.5,Multiplicity:1.42
0.700	0.100	0.100	0.100
0.100	0.700	0.100	0.100
0.100	0.100	0.100	0.700
0.100	0.100	0.700	0.100
0.100	0.100	0.700	0.100
0.100	0.100	0.100	0.700
0.100	0.100	0.700	0.100
0.700	0.100	0.100	0.100
0.100	0.700	0.100	0.100
0.700	0.100	0.100	0.100
0.700	0.100	0.100	0.100
0.700	0.100	0.100	0.100
>TACCTG	1-TACCTG	7.081963	-101.469163	0	T:474.0(39.67%),B:305.2(21.69%),P:1e-44	Tpos:127.3,Tstd:52.3,Bpos:130.3,Bstd:74.0,StrandBias:0.0,Multiplicity:1.30
0.001	0.295	0.001	0.703
0.997	0.001	0.001	0.001
0.001	0.997	0.001	0.001
0.001	0.997	0.001	0.001
0.001	0.001	0.001	0.997
0.001	0.001	0.997	0.001
>GCCGGT	2-GCCGGT	6.828709	-72.921239	0	T:326.0(27.28%),B:199.6(14.18%),P:1e-31	Tpos:117.2,Tstd:63.8,Bpos:109.9,Bstd:75.9,StrandBias:-0.7,Multiplicity:1.04
0.001	0.001	0.997	0.001
0.001	0.997	0.001	0.001
0.229	0.769	0.001	0.001
0.001	0.001	0.997	0.001
0.001	0.001	0.997	0.001
0.001	0.001	0.001	0.997
>ACCAGT	3-ACCAGT	6.414046	-69.924959	0	T:411.0(34.39%),B:282.3(20.06%),P:1e-30	Tpos:125.0,Tstd:58.7,Bpos:127.4,Bstd:78.9,StrandBias:-0.1,Multiplicity:1.26
0.997	0.001	0.001	0.001
0.001	0.997	0.001	0.001
0.001	0.997	0.001	0.001
0.781	0.217	0.001	0.001
0.001	0.001	0.997	0.001
0.001	0.303	0.001	0.695
>CATGCT	4-CATGCT	6.243029	-55.082578	0	T:465.0(38.91%),B:359.0(25.50%),P:1e-23	Tpos:129.1,Tstd:63.6,Bpos:120.9,Bstd:72.9,StrandBias:-0.1,Multiplicity:1.33
0.001	0.997	0.001	0.001
0.739	0.259	0.001	0.001
0.001	0.001	0.001	0.997
0.001	0.001	0.997	0.001
0.001	0.997	0.001	0.001
0.172	0.001	0.001	0.826
>CAAGTT	5-CAAGTT	5.373743	-45.868818	0	T:677.0(56.65%),B:610.0(43.34%),P:1e-19	Tpos:127.5,Tstd:74.9,Bpos:122.7,Bstd:82.9,StrandBias:-0.1,Multiplicity:1.42
0.281	0.717	0.001	0.001
0.877	0.121	0.001	0.001
0.894	0.001	0.104	0.001
0.001	0.001	0.997	0.001
0.001	0.001	0.001	0.997
0.188	0.001	0.001	0.810
>ACCGCA	6-ACCGCA	5.966954	-42.644632	0	T:577.0(48.28%),B:502.3(35.69%),P:1e-18	Tpos:127.1,Tstd:58.5,Bpos:126.7,Bstd:76.0,StrandBias:0.2,Multiplicity:1.40
0.684	0.314	0.001	0.001
0.001	0.997	0.001	0.001
0.001	0.997	0.001	0.001
0.191	0.001	0.667	0.141
0.001	0.997	0.001	0.001
0.997	0.001	0.001	0.001
>TGGGAC	7-TGGGAC	6.710878	-31.587619	0	T:139.0(11.63%),B:82.7(5.87%),P:1e-13	Tpos:132.3,Tstd:60.5,Bpos:123.5,Bstd:69.8,StrandBias:-0.0,Multiplicity:1.07
0.001	0.183	0.001	0.815
0.001	0.249	0.749	0.001
0.001	0.001	0.997	0.001
0.001	0.001	0.997	0.001
0.997	0.001	0.001	0.001
0.001	0.997	0.001	0.001
>TAAACA	8-TAAACA	7.716825	-25.363702	0	T:376.0(31.46%),B:323.9(23.01%),P:1e-11	Tpos:124.2,Tstd:73.7,Bpos:121.6,Bstd:84.1,StrandBias:-0.3,Multiplicity:1.20
0.001	0.243	0.001	0.755
0.997	0.001	0.001	0.001
0.997	0.001	0.001	0.001
0.997	0.001	0.001	0.001
0.001	0.735	0.001	0.263
0.997	0.001	0.001	0.001
>TTTGGA	9-TTTGGA	6.006500	-24.887007	0	T:587.0(49.12%),B:557.4(39.61%),P:1e-10	Tpos:123.9,Tstd:72.8,Bpos:131.2,Bstd:81.4,StrandBias:0.1,Multiplicity:1.38
0.001	0.001	0.113	0.885
0.001	0.001	0.001	0.997
0.001	0.202	0.001	0.796
0.001	0.001	0.997	0.001
0.001	0.001	0.997	0.001
0.708	0.149	0.001	0.142
>CCACAA	10-CCACAA	6.177716	-22.294205	0	T:250.0(20.92%),B:200.2(14.22%),P:1e-9	Tpos:119.7,Tstd:58.7,Bpos:128.3,Bstd:75.0,StrandBias:-0.2,Multiplicity:1.09
0.100	0.700	0.100	0.100
0.100	0.700	0.100	0.100
0.700	0.100	0.100	0.100
0.100	0.700	0.100	0.100
0.700	0.100	0.100	0.100
0.700	0.100	0.100	0.100
>GAATYC	11-GAATYC	5.320025	-19.756888	0	T:339.0(28.37%),B:298.0(21.17%),P:1e-8	Tpos:127.6,Tstd:71.9,Bpos:118.2,Bstd:71.2,StrandBias:0.0,Multiplicity:1.20
0.001	0.001	0.723	0.275
0.560	0.201	0.238	0.001
0.798	0.001	0.200	0.001
0.001	0.201	0.001	0.797
0.001	0.511	0.001	0.487
0.001	0.997	0.001	0.001
>CAAACA	12-CAAACA	6.924416	-19.271646	0	T:433.0(36.23%),B:401.2(28.51%),P:1e-8	Tpos:124.6,Tstd:73.3,Bpos:117.5,Bstd:83.0,StrandBias:-0.1,Multiplicity:1.27
0.001	0.997	0.001	0.001
0.746	0.252	0.001	0.001
0.997	0.001	0.001	0.001
0.997	0.001	0.001	0.001
0.001	0.997	0.001	0.001
0.997	0.001	0.001	0.001
>TGGCAT	13-TGGCAT	8.052998	-13.282525	0	T:154.0(12.89%),B:124.7(8.86%),P:1e-5	Tpos:128.1,Tstd:72.2,Bpos:136.4,Bstd:72.8,StrandBias:0.2,Multiplicity:1.06
0.001	0.001	0.001	0.997
0.001	0.001	0.997	0.001
0.001	0.001	0.997	0.001
0.001	0.997	0.001	0.001
0.997	0.001	0.001	0.001
0.001	0.219	0.001	0.779
>TATTWA	14-TATTWA	7.519671	-11.536997	0	T:561.0(46.95%),B:575.0(40.85%),P:1e-5	Tpos:126.7,Tstd:71.7,Bpos:121.6,Bstd:80.1,StrandBias:0.2,Multiplicity:1.52
0.001	0.001	0.001	0.997
0.997	0.001	0.001	0.001
0.001	0.001	0.001	0.997
0.001	0.001	0.001	0.997
0.541	0.001	0.001	0.457
0.997	0.001	0.001	0.001
>GACGCC	15-GACGCC	6.177716	-5.241558	0	T:78.0(6.53%),B:68.6(4.88%),P:1e-2	Tpos:124.9,Tstd:60.8,Bpos:130.5,Bstd:66.7,StrandBias:0.2,Multiplicity:1.09
0.100	0.100	0.700	0.100
0.700	0.100	0.100	0.100
0.100	0.700	0.100	0.100
0.100	0.100	0.700	0.100
0.100	0.700	0.100	0.100
0.100	0.700	0.100	0.100
>WTRCAGGT	1-WTRCAGGT	5.867534	-188.357450	0	T:485.0(40.59%),B:239.6(17.03%),P:1e-81	Tpos:127.4,Tstd:55.8,Bpos:132.3,Bstd:78.4,StrandBias:-0.0,Multiplicity:1.33
0.333	0.143	0.167	0.357
0.277	0.120	0.105	0.499
0.409	0.040	0.467	0.085
0.021	0.937	0.001	0.041
0.561	0.007	0.113	0.319
0.111	0.029	0.767	0.093
0.001	0.033	0.897	0.069
0.085	0.088	0.021	0.806
>AGTACCTG	2-AGTACCTG	7.192116	-117.888537	0	T:123.0(10.29%),B:26.5(1.88%),P:1e-51	Tpos:141.4,Tstd:53.3,Bpos:110.1,Bstd:57.3,StrandBias:0.0,Multiplicity:1.15
0.809	0.001	0.189	0.001
0.001	0.083	0.894	0.022
0.001	0.001	0.016	0.982
0.913	0.001	0.020	0.066
0.001	0.949	0.001	0.049
0.020	0.864	0.001	0.115
0.140	0.066	0.004	0.790
0.028	0.016	0.935	0.021
>CTGGTGGC	3-CTGGTGGC	8.610136	-105.190185	0	T:93.0(7.78%),B:16.3(1.15%),P:1e-45	Tpos:118.0,Tstd:44.1,Bpos:122.3,Bstd:56.6,StrandBias:-0.2,Multiplicity:1.04
0.001	0.997	0.001	0.001
0.332	0.001	0.001	0.666
0.001	0.001	0.997	0.001
0.001	0.001	0.997	0.001
0.001	0.001	0.001	0.997
0.001	0.001	0.997	0.001
0.001	0.001	0.997	0.001
0.128	0.870	0.001	0.001
>AGAACTGG	4-AGAACTGG	9.126801	-48.348011	0	T:33.0(2.76%),B:5.0(0.36%),P:1e-20	Tpos:117.7,Tstd:65.6,Bpos:131.3,Bstd:56.0,StrandBias:0.0,Multiplicity:1.00
0.997	0.001	0.001	0.001
0.001	0.001	0.997	0.001
0.997	0.001	0.001	0.001
0.997	0.001	0.001	0.001
0.001	0.704	0.001	0.294
0.001	0.203	0.001	0.795
0.001	0.001	0.997	0.001
0.001	0.001	0.997	0.001
>ATTTGTGG	5-ATTTGTGG	7.574242	-44.095304	0	T:135.0(11.30%),B:67.6(4.81%),P:1e-19	Tpos:133.7,Tstd:62.4,Bpos:126.9,Bstd:82.0,StrandBias:0.0,Multiplicity:1.17
0.790	0.001	0.208	0.001
0.001	0.212	0.001	0.786
0.001	0.302	0.001	0.696
0.001	0.064	0.001	0.934
0.001	0.155	0.779	0.065
0.001	0.294	0.001	0.704
0.001	0.001	0.997	0.001
0.001	0.255	0.743	0.001
>TGCGGTTT	6-TGCGGTTT	8.186010	-42.876711	0	T:135.0(11.30%),B:68.8(4.89%),P:1e-18	Tpos:128.5,Tstd:57.1,Bpos:125.6,Bstd:68.8,StrandBias:-0.3,Multiplicity:1.11
0.001	0.001	0.001	0.997
0.001	0.001	0.997	0.001
0.087	0.764	0.001	0.148
0.001	0.001	0.997	0.001
0.001	0.001	0.997	0.001
0.042	0.001	0.001	0.956
0.001	0.001	0.105	0.893
0.275	0.001	0.001	0.723
>TAWTCCGM	7-TAWTCCGM	6.118435	-40.937569	0	T:67.0(5.61%),B:22.2(1.58%),P:1e-17	Tpos:120.9,Tstd:56.7,Bpos:112.9,Bstd:62.1,StrandBias:-0.8,Multiplicity:1.08
0.001	0.001	0.001	0.997
0.987	0.011	0.001	0.001
0.440	0.001	0.001	0.558
0.001	0.034	0.001	0.964
0.001	0.997	0.001	0.001
0.001	0.997	0.001	0.001
0.001	0.001	0.997	0.001
0.523	0.475	0.001	0.001
>TAACCGCC	8-TAACCGCC	6.367045	-38.602770	0	T:22.0(1.84%),B:2.8(0.20%),P:1e-16	Tpos:103.5,Tstd:66.9,Bpos:76.6,Bstd:16.3,StrandBias:0.0,Multiplicity:1.05
0.134	0.096	0.220	0.550
0.616	0.160	0.106	0.118
0.543	0.150	0.094	0.213
0.133	0.732	0.051	0.084
0.095	0.707	0.144	0.054
0.118	0.177	0.553	0.152
0.117	0.626	0.177	0.080
0.146	0.674	0.094	0.086
>KTCCCAAC	9-KTCCCAAC	7.700189	-38.549742	0	T:41.0(3.43%),B:9.6(0.68%),P:1e-16	Tpos:118.7,Tstd:65.6,Bpos:91.9,Bstd:61.7,StrandBias:0.7,Multiplicity:1.03
0.229	0.124	0.397	0.250
0.001	0.001	0.006	0.992
0.154	0.844	0.001	0.001
0.001	0.760	0.238	0.001
0.001	0.997	0.001	0.001
0.771	0.001	0.101	0.127
0.665	0.035	0.001	0.299
0.001	0.737	0.261	0.001
>CCTAAACA	10-CCTAAACA	9.158779	-37.166178	0	T:28.0(2.34%),B:4.9(0.34%),P:1e-16	Tpos:145.1,Tstd:75.9,Bpos:136.3,Bstd:55.9,StrandBias:1.1,Multiplicity:1.00
0.001	0.997	0.001	0.001
0.001	0.997	0.001	0.001
0.001	0.001	0.001	0.997
0.997	0.001	0.001	0.001
0.997	0.001	0.001	0.001
0.997	0.001	0.001	0.001
0.001	0.997	0.001	0.001
0.850	0.001	0.148	0.001
>CTCATACG	11-CTCATACG	7.799391	-34.673863	0	T:32.0(2.68%),B:6.6(0.47%),P:1e-15	Tpos:134.7,Tstd:63.5,Bpos:119.9,Bstd:44.9,StrandBias:-0.3,Multiplicity:1.06
0.001	0.997	0.001	0.001
0.001	0.001	0.001	0.997
0.001	0.933	0.065	0.001
0.997	0.001	0.001	0.001
0.179	0.237	0.001	0.583
0.997	0.001	0.001	0.001
0.001	0.997	0.001	0.001
0.001	0.001	0.997	0.001
>GCCACATG	12-GCCACATG	9.451540	-33.488205	0	T:38.0(3.18%),B:10.0(0.71%),P:1e-14	Tpos:113.4,Tstd:46.7,Bpos:133.4,Bstd:86.8,StrandBias:-0.6,Multiplicity:1.03
0.287	0.001	0.711	0.001
0.001	0.997	0.001	0.001
0.001	0.997	0.001	0.001
0.997	0.001	0.001	0.001
0.001	0.689	0.001	0.309
0.997	0.001	0.001	0.001
0.001	0.001	0.001	0.997
0.001	0.001	0.997	0.001
>AACGAGGC	13-AACGAGGC	9.445539	-32.284030	0	T:33.0(2.76%),B:7.2(0.51%),P:1e-14	Tpos:126.8,Tstd:58.8,Bpos:132.4,Bstd:89.7,StrandBias:0.0,Multiplicity:1.03
0.997	0.001	0.001	0.001
0.997	0.001	0.001	0.001
0.001	0.997	0.001	0.001
0.001	0.270	0.728	0.001
0.997	0.001	0.001	0.001
0.001	0.001	0.997	0.001
0.001	0.001	0.728	0.270
0.001	0.997	0.001	0.001
>CACTCCGC	14-CACTCCGC	6.898273	-28.784157	0	T:46.0(3.85%),B:15.9(1.13%),P:1e-12	Tpos:119.0,Tstd:74.4,Bpos:106.2,Bstd:77.6,StrandBias:0.2,Multiplicity:1.07
0.001	0.891	0.001	0.107
0.997	0.001	0.001	0.001
0.001	0.845	0.077	0.077
0.001	0.001	0.001	0.997
0.049	0.949	0.001	0.001
0.001	0.821	0.001	0.177
0.001	0.001	0.997	0.001
0.026	0.972	0.001	0.001
>TRGGTTTA	15-TRGGTTTA	10.310035	-27.113867	0	T:34.0(2.85%),B:9.7(0.69%),P:1e-11	Tpos:126.4,Tstd:67.6,Bpos:161.2,Bstd:52.7,StrandBias:0.3,Multiplicity:1.03
0.001	0.001	0.001	0.997
0.468	0.001	0.530	0.001
0.001	0.001	0.997	0.001
0.001	0.001	0.997	0.001
0.001	0.001	0.001	0.997
0.001	0.001	0.001	0.997
0.001	0.001	0.001	0.997
0.997	0.001	0.001	0.001
>CATTGCTG	16-CATTGCTG	8.683356	-26.171018	0	T:20.0(1.67%),B:3.9(0.28%),P:1e-11	Tpos:137.7,Tstd:63.8,Bpos:173.7,Bstd:67.4,StrandBias:0.8,Multiplicity:1.00
0.001	0.997	0.001	0.001
0.997	0.001	0.001	0.001
0.001	0.001	0.001	0.997
0.001	0.001	0.001	0.997
0.001	0.001	0.997	0.001
0.001	0.997	0.001	0.001
0.001	0.092	0.001	0.906
0.001	0.001	0.997	0.001
>ATTAWTAA	17-ATTAWTAA	7.747304	-25.742472	0	T:260.0(21.76%),B:204.0(14.49%),P:1e-11	Tpos:120.3,Tstd:71.3,Bpos:117.6,Bstd:72.1,StrandBias:-0.1,Multiplicity:1.18
0.997	0.001	0.001	0.001
0.261	0.001	0.001	0.737
0.001	0.001	0.001	0.997
0.869	0.001	0.001	0.129
0.547	0.001	0.001	0.451
0.086	0.001	0.001	0.912
0.799	0.001	0.199	0.001
0.678	0.036	0.001	0.285
>CAGAGCAG	18-CAGAGCAG	8.236954	-23.869194	0	T:16.0(1.34%),B:2.9(0.20%),P:1e-10	Tpos:149.2,Tstd:65.7,Bpos:77.7,Bstd:42.2,StrandBias:0.8,Multiplicity:1.00
0.100	0.700	0.100	0.100
0.700	0.100	0.100	0.100
0.100	0.100	0.700	0.100
0.700	0.100	0.100	0.100
0.100	0.100	0.700	0.100
0.100	0.700	0.100	0.100
0.700	0.100	0.100	0.100
0.100	0.100	0.700	0.100
>GCACATGC	19-GCACATGC	8.683356	-22.060167	0	T:18.0(1.51%),B:3.9(0.27%),P:1e-9	Tpos:132.1,Tstd:62.0,Bpos:187.4,Bstd:16.0,StrandBias:0.5,Multiplicity:1.06
0.001	0.001	0.997	0.001
0.001	0.997	0.001	0.001
0.997	0.001	0.001	0.001
0.001	0.997	0.001	0.001
0.997	0.001	0.001	0.001
0.001	0.001	0.001	0.997
0.001	0.092	0.906	0.001
0.001	0.997	0.001	0.001
>CACGTGAT	20-CACGTGAT	9.081548	-16.934659	0	T:58.0(4.85%),B:31.6(2.25%),P:1e-7	Tpos:138.1,Tstd:54.0,Bpos:111.7,Bstd:46.9,StrandBias:-0.4,Multiplicity:1.19
0.001	0.997	0.001	0.001
0.997	0.001	0.001	0.001
0.001	0.997	0.001	0.001
0.001	0.001	0.997	0.001
0.001	0.001	0.001	0.997
0.001	0.001	0.997	0.001
0.997	0.001	0.001	0.001
0.001	0.001	0.137	0.861
>ACTCTGTA	21-ACTCTGTA	9.163519	-15.961799	0	T:19.0(1.59%),B:5.5(0.39%),P:1e-6	Tpos:148.0,Tstd:62.9,Bpos:129.0,Bstd:44.1,StrandBias:0.0,Multiplicity:1.22
0.997	0.001	0.001	0.001
0.001	0.827	0.171	0.001
0.131	0.001	0.001	0.867
0.001	0.997	0.001	0.001
0.001	0.001	0.001	0.997
0.001	0.001	0.997	0.001
0.001	0.001	0.001	0.997
0.997	0.001	0.001	0.001
>TGCTTGCC	22-TGCTTGCC	8.236954	-14.512547	0	T:14.0(1.17%),B:3.4(0.24%),P:1e-6	Tpos:146.0,Tstd:65.3,Bpos:215.5,Bstd:22.7,StrandBias:0.2,Multiplicity:1.00
0.100	0.100	0.100	0.700
0.100	0.100	0.700	0.100
0.100	0.700	0.100	0.100
0.100	0.100	0.100	0.700
0.100	0.100	0.100	0.700
0.100	0.100	0.700	0.100
0.100	0.700	0.100	0.100
0.100	0.700	0.100	0.100
>TGTGTGGT	23-TGTGTGGT	8.236954	-12.861256	0	T:22.0(1.84%),B:8.7(0.62%),P:1e-5	Tpos:105.5,Tstd:49.8,Bpos:55.4,Bstd:23.4,StrandBias:0.0,Multiplicity:1.22
0.100	0.100	0.100	0.700
0.100	0.100	0.700	0.100
0.100	0.100	0.100	0.700
0.100	0.100	0.700	0.100
0.100	0.100	0.100	0.700
0.100	0.100	0.700	0.100
0.100	0.100	0.700	0.100
0.100	0.100	0.100	0.700
>GATATCGA	24-GATATCGA	10.673312	-12.785867	0	T:13.0(1.09%),B:3.2(0.22%),P:1e-5	Tpos:107.6,Tstd:65.9,Bpos:79.7,Bstd:26.8,StrandBias:1.0,Multiplicity:1.38
0.001	0.001	0.997	0.001
0.997	0.001	0.001	0.001
0.001	0.001	0.001	0.997
0.997	0.001	0.001	0.001
0.001	0.001	0.001	0.997
0.001	0.997	0.001	0.001
0.001	0.001	0.997	0.001
0.673	0.325	0.001	0.001
>TTCAACTC	25-TTCAACTC	8.236954	-9.814888	0	T:13.0(1.09%),B:4.9(0.35%),P:1e-4	Tpos:86.5,Tstd:64.9,Bpos:215.8,Bstd:21.5,StrandBias:0.8,Multiplicity:1.08
0.100	0.100	0.100	0.700
0.100	0.100	0.100	0.700
0.100	0.700	0.100	0.100
0.700	0.100	0.100	0.100
0.700	0.100	0.100	0.100
0.100	0.700	0.100	0.100
0.100	0.100	0.100	0.700
0.100	0.700	0.100	0.100
