>RAGMSGATTT	1-RAGMSGATTT	7.949621	-39.201318	0	T:31.0(13.96%),B:49.0(1.90%),P:1e-17	Tpos:143.1,Tstd:73.9,Bpos:144.7,Bstd:85.9,StrandBias:0.5,Multiplicity:1.10
0.384	0.066	0.320	0.230
0.856	0.033	0.094	0.017
0.068	0.237	0.646	0.049
0.362	0.243	0.209	0.187
0.029	0.445	0.493	0.033
0.211	0.049	0.683	0.057
0.857	0.071	0.050	0.022
0.033	0.066	0.033	0.868
0.082	0.017	0.049	0.852
0.379	0.033	0.049	0.539
>TCGCTGTGWG	2-TCGCTGTGWG	8.096837	-30.398008	0	T:16.0(7.21%),B:14.0(0.54%),P:1e-13	Tpos:147.8,Tstd:62.2,Bpos:117.5,Bstd:43.7,StrandBias:-0.9,Multiplicity:1.06
0.372	0.001	0.001	0.626
0.372	0.586	0.001	0.041
0.041	0.002	0.956	0.001
0.001	0.587	0.082	0.330
0.289	0.001	0.002	0.708
0.083	0.041	0.586	0.290
0.041	0.082	0.001	0.876
0.001	0.246	0.456	0.297
0.417	0.207	0.042	0.334
0.001	0.082	0.579	0.338
>ATTGGCTGKA	3-ATTGGCTGKA	8.099071	-28.665023	0	T:21.0(9.46%),B:30.8(1.20%),P:1e-12	Tpos:148.7,Tstd:56.9,Bpos:120.4,Bstd:60.7,StrandBias:-0.5,Multiplicity:1.05
0.711	0.184	0.052	0.053
0.071	0.001	0.027	0.901
0.306	0.028	0.054	0.612
0.100	0.106	0.742	0.052
0.052	0.134	0.762	0.052
0.078	0.587	0.052	0.283
0.071	0.131	0.178	0.620
0.052	0.238	0.658	0.052
0.026	0.026	0.411	0.537
0.851	0.078	0.026	0.045
>AACCGCAAGC	4-AACCGCAAGC	10.347704	-28.455896	0	T:14.0(6.31%),B:10.9(0.42%),P:1e-12	Tpos:96.2,Tstd:50.5,Bpos:172.6,Bstd:60.8,StrandBias:-1.3,Multiplicity:1.00
0.919	0.001	0.001	0.079
0.997	0.001	0.001	0.001
0.079	0.919	0.001	0.001
0.079	0.919	0.001	0.001
0.058	0.001	0.940	0.001
0.001	0.960	0.038	0.001
0.760	0.080	0.080	0.080
0.997	0.001	0.001	0.001
0.033	0.001	0.886	0.080
0.001	0.738	0.080	0.181
>TATTCCACGG	5-TATTCCACGG	10.652162	-26.890127	0	T:12.0(5.41%),B:7.4(0.29%),P:1e-11	Tpos:144.0,Tstd:63.6,Bpos:92.8,Bstd:66.3,StrandBias:0.3,Multiplicity:1.00
0.001	0.099	0.001	0.899
0.799	0.100	0.001	0.100
0.100	0.001	0.100	0.799
0.001	0.001	0.001	0.997
0.001	0.899	0.001	0.099
0.099	0.899	0.001	0.001
0.997	0.001	0.001	0.001
0.001	0.997	0.001	0.001
0.100	0.100	0.799	0.001
0.001	0.001	0.997	0.001
>GAGGGTTTCA	6-GAGGGTTTCA	10.616381	-26.890127	0	T:12.0(5.41%),B:7.4(0.29%),P:1e-11	Tpos:142.2,Tstd:63.6,Bpos:130.4,Bstd:73.9,StrandBias:0.0,Multiplicity:1.00
0.001	0.001	0.997	0.001
0.778	0.001	0.220	0.001
0.096	0.001	0.902	0.001
0.096	0.001	0.902	0.001
0.001	0.097	0.805	0.097
0.001	0.001	0.001	0.997
0.001	0.001	0.001	0.997
0.001	0.097	0.097	0.805
0.096	0.902	0.001	0.001
0.997	0.001	0.001	0.001
>CGCGGTCCGC	7-CGCGGTCCGC	7.559077	-25.318961	0	T:22.0(9.91%),B:40.3(1.56%),P:1e-10	Tpos:116.0,Tstd:66.8,Bpos:129.9,Bstd:75.9,StrandBias:0.4,Multiplicity:1.14
0.046	0.802	0.001	0.151
0.098	0.144	0.712	0.046
0.138	0.769	0.092	0.001
0.093	0.001	0.905	0.001
0.185	0.151	0.555	0.109
0.091	0.001	0.001	0.907
0.001	0.815	0.046	0.138
0.001	0.855	0.001	0.143
0.138	0.092	0.769	0.001
0.001	0.907	0.001	0.091
>TGAGGTGGAT	8-TGAGGTGGAT	9.542568	-25.008729	0	T:14.0(6.31%),B:13.2(0.51%),P:1e-10	Tpos:150.0,Tstd:83.8,Bpos:136.3,Bstd:69.9,StrandBias:0.4,Multiplicity:1.00
0.001	0.001	0.001	0.997
0.001	0.001	0.843	0.155
0.513	0.165	0.001	0.321
0.001	0.001	0.997	0.001
0.001	0.001	0.997	0.001
0.001	0.001	0.155	0.843
0.165	0.165	0.669	0.001
0.155	0.001	0.843	0.001
0.997	0.001	0.001	0.001
0.165	0.001	0.009	0.825
>CGGCCGCAAT	9-CGGCCGCAAT	8.172214	-24.778034	0	T:16.0(7.21%),B:19.4(0.75%),P:1e-10	Tpos:146.2,Tstd:58.5,Bpos:113.1,Bstd:73.8,StrandBias:-0.2,Multiplicity:1.06
0.141	0.610	0.108	0.141
0.178	0.035	0.717	0.070
0.143	0.035	0.752	0.070
0.035	0.894	0.070	0.001
0.001	0.929	0.069	0.001
0.106	0.070	0.718	0.106
0.035	0.895	0.035	0.035
0.889	0.075	0.035	0.001
0.719	0.035	0.070	0.176
0.070	0.035	0.001	0.894
>AACCACTAAA	10-AACCACTAAA	8.258672	-24.413929	0	T:35.0(15.77%),B:109.0(4.23%),P:1e-10	Tpos:131.9,Tstd:60.1,Bpos:124.9,Bstd:69.9,StrandBias:-0.2,Multiplicity:1.12
0.896	0.001	0.102	0.001
0.666	0.206	0.127	0.001
0.001	0.896	0.102	0.001
0.159	0.839	0.001	0.001
0.942	0.001	0.056	0.001
0.179	0.774	0.046	0.001
0.001	0.001	0.140	0.858
0.593	0.192	0.001	0.214
0.793	0.001	0.001	0.205
0.739	0.089	0.001	0.171
>TAATCTGCTC	11-TAATCTGCTC	10.811970	-23.846903	0	T:11.0(4.95%),B:7.5(0.29%),P:1e-10	Tpos:101.0,Tstd:57.2,Bpos:111.1,Bstd:75.3,StrandBias:0.5,Multiplicity:1.09
0.120	0.001	0.001	0.878
0.997	0.001	0.001	0.001
0.997	0.001	0.001	0.001
0.001	0.001	0.001	0.997
0.001	0.997	0.001	0.001
0.001	0.001	0.001	0.997
0.001	0.001	0.878	0.120
0.121	0.604	0.001	0.274
0.001	0.001	0.001	0.997
0.121	0.757	0.001	0.121
>CATTGGTCAC	12-CATTGGTCAC	11.606330	-21.079131	0	T:7.0(3.15%),B:2.9(0.11%),P:1e-9	Tpos:117.1,Tstd:59.8,Bpos:110.3,Bstd:22.7,StrandBias:0.4,Multiplicity:1.00
0.001	0.997	0.001	0.001
0.850	0.001	0.001	0.148
0.001	0.001	0.001	0.997
0.001	0.001	0.001	0.997
0.001	0.001	0.850	0.148
0.001	0.001	0.997	0.001
0.001	0.001	0.001	0.997
0.001	0.997	0.001	0.001
0.997	0.001	0.001	0.001
0.001	0.850	0.001	0.148
>TAACACCGGC	13-TAACACCGGC	10.833149	-20.894673	0	T:10.0(4.50%),B:7.0(0.27%),P:1e-9	Tpos:141.5,Tstd:75.0,Bpos:152.6,Bstd:72.0,StrandBias:-0.6,Multiplicity:1.00
0.120	0.001	0.001	0.878
0.997	0.001	0.001	0.001
0.878	0.001	0.001	0.120
0.001	0.997	0.001	0.001
0.997	0.001	0.001	0.001
0.001	0.878	0.120	0.001
0.001	0.997	0.001	0.001
0.001	0.001	0.878	0.120
0.001	0.001	0.997	0.001
0.001	0.604	0.274	0.121
>GATGAATATA	14-GATGAATATA	10.617002	-19.633952	0	T:10.0(4.50%),B:8.3(0.32%),P:1e-8	Tpos:99.5,Tstd:56.4,Bpos:150.2,Bstd:70.5,StrandBias:1.4,Multiplicity:1.10
0.001	0.001	0.997	0.001
0.997	0.001	0.001	0.001
0.001	0.001	0.001	0.997
0.001	0.001	0.997	0.001
0.793	0.103	0.001	0.103
0.793	0.103	0.103	0.001
0.380	0.001	0.001	0.618
0.997	0.001	0.001	0.001
0.001	0.001	0.001	0.997
0.896	0.001	0.102	0.001
>AAGTACATTA	15-AAGTACATTA	11.606330	-19.553352	0	T:8.0(3.60%),B:4.4(0.17%),P:1e-8	Tpos:101.4,Tstd:84.5,Bpos:156.1,Bstd:57.4,StrandBias:-0.7,Multiplicity:1.00
0.997	0.001	0.001	0.001
0.997	0.001	0.001	0.001
0.001	0.001	0.997	0.001
0.001	0.001	0.001	0.997
0.997	0.001	0.001	0.001
0.001	0.850	0.148	0.001
0.850	0.001	0.148	0.001
0.001	0.001	0.001	0.997
0.001	0.001	0.001	0.997
0.850	0.001	0.001	0.148
>TTACTGATTT	16-TTACTGATTT	10.004555	-19.309091	0	T:17.0(7.66%),B:32.1(1.24%),P:1e-8	Tpos:134.8,Tstd:60.1,Bpos:131.1,Bstd:79.6,StrandBias:0.2,Multiplicity:1.12
0.001	0.001	0.076	0.922
0.076	0.001	0.001	0.922
0.997	0.001	0.001	0.001
0.094	0.904	0.001	0.001
0.056	0.001	0.001	0.942
0.077	0.057	0.732	0.134
0.865	0.001	0.077	0.057
0.077	0.077	0.001	0.845
0.076	0.001	0.001	0.922
0.001	0.001	0.001	0.997
>ATATCTTACA	17-ATATCTTACA	10.296193	-17.163389	0	T:5.0(2.25%),B:0.6(0.02%),P:1e-7	Tpos:98.6,Tstd:56.2,Bpos:51.0,Bstd:0.0,StrandBias:-0.6,Multiplicity:1.00
0.700	0.100	0.100	0.100
0.100	0.100	0.100	0.700
0.700	0.100	0.100	0.100
0.100	0.100	0.100	0.700
0.100	0.700	0.100	0.100
0.100	0.100	0.100	0.700
0.100	0.100	0.100	0.700
0.700	0.100	0.100	0.100
0.100	0.700	0.100	0.100
0.700	0.100	0.100	0.100
>ACTGCTTATT	18-ACTGCTTATT	10.012009	-16.382453	0	T:12.0(5.41%),B:18.3(0.71%),P:1e-7	Tpos:129.9,Tstd:71.9,Bpos:97.7,Bstd:71.0,StrandBias:0.9,Multiplicity:1.42
0.740	0.180	0.001	0.079
0.058	0.940	0.001	0.001
0.001	0.001	0.078	0.920
0.078	0.001	0.920	0.001
0.180	0.740	0.079	0.001
0.001	0.001	0.001	0.997
0.058	0.001	0.001	0.940
0.920	0.001	0.078	0.001
0.001	0.001	0.001	0.997
0.078	0.001	0.001	0.920
>AACGTCATAA	19-AACGTCATAA	12.284733	-14.983329	0	T:6.0(2.70%),B:3.8(0.15%),P:1e-6	Tpos:113.8,Tstd:59.6,Bpos:176.7,Bstd:47.9,StrandBias:0.0,Multiplicity:1.00
0.997	0.001	0.001	0.001
0.997	0.001	0.001	0.001
0.001	0.997	0.001	0.001
0.001	0.001	0.997	0.001
0.001	0.001	0.001	0.997
0.001	0.997	0.001	0.001
0.997	0.001	0.001	0.001
0.212	0.001	0.001	0.786
0.997	0.001	0.001	0.001
0.997	0.001	0.001	0.001
>TGGCCACAGG	20-TGGCCACAGG	7.835874	-14.788986	0	T:22.0(9.91%),B:72.2(2.80%),P:1e-6	Tpos:119.1,Tstd:50.7,Bpos:128.4,Bstd:53.5,StrandBias:-0.6,Multiplicity:1.36
0.040	0.030	0.046	0.884
0.100	0.085	0.649	0.166
0.069	0.029	0.852	0.050
0.087	0.796	0.030	0.087
0.058	0.826	0.058	0.058
0.953	0.001	0.045	0.001
0.231	0.680	0.088	0.001
0.812	0.029	0.158	0.001
0.195	0.029	0.689	0.087
0.058	0.058	0.868	0.016
>TACCCACCAC	21-TACCCACCAC	10.786060	-13.767619	0	T:5.0(2.25%),B:2.7(0.11%),P:1e-5	Tpos:103.8,Tstd:65.7,Bpos:149.5,Bstd:38.7,StrandBias:1.6,Multiplicity:1.60
0.001	0.001	0.001	0.997
0.582	0.416	0.001	0.001
0.001	0.997	0.001	0.001
0.139	0.859	0.001	0.001
0.001	0.997	0.001	0.001
0.997	0.001	0.001	0.001
0.001	0.997	0.001	0.001
0.001	0.582	0.001	0.416
0.997	0.001	0.001	0.001
0.001	0.997	0.001	0.001
>TAAGTCGACT	22-TAAGTCGACT	10.909732	-12.673252	0	T:7.0(3.15%),B:7.5(0.29%),P:1e-5	Tpos:123.1,Tstd:51.4,Bpos:165.3,Bstd:63.0,StrandBias:0.6,Multiplicity:1.17
0.001	0.001	0.107	0.891
0.891	0.001	0.107	0.001
0.997	0.001	0.001	0.001
0.001	0.001	0.891	0.107
0.001	0.001	0.001	0.997
0.001	0.891	0.107	0.001
0.001	0.001	0.997	0.001
0.891	0.001	0.001	0.107
0.108	0.783	0.001	0.108
0.001	0.001	0.001	0.997
>GTTTTTTTTT	23-GTTTTTTTTT	8.384995	-11.217342	0	T:43.0(19.37%),B:254.8(9.88%),P:1e-4	Tpos:93.6,Tstd:84.1,Bpos:120.0,Bstd:92.2,StrandBias:1.0,Multiplicity:1.10
0.001	0.001	0.742	0.256
0.122	0.001	0.079	0.798
0.018	0.001	0.038	0.943
0.001	0.001	0.230	0.768
0.001	0.001	0.001	0.997
0.023	0.001	0.001	0.975
0.092	0.001	0.001	0.906
0.001	0.001	0.001	0.997
0.020	0.001	0.036	0.943
0.001	0.001	0.023	0.975
>GTCATTGGTCAC	1-GTCATTGGTCAC	10.494847	-41.547489	0	T:12.0(5.41%),B:2.9(0.11%),P:1e-18	Tpos:123.2,Tstd:51.8,Bpos:128.1,Bstd:23.0,StrandBias:0.0,Multiplicity:1.00
0.001	0.020	0.860	0.119
0.001	0.002	0.121	0.876
0.119	0.622	0.001	0.258
0.860	0.001	0.001	0.138
0.001	0.001	0.001	0.997
0.001	0.119	0.238	0.642
0.001	0.001	0.997	0.001
0.001	0.001	0.761	0.237
0.119	0.119	0.119	0.643
0.001	0.997	0.001	0.001
0.880	0.118	0.001	0.001
0.118	0.880	0.001	0.001
>TAATTGGCTGGA	2-TAATTGGCTGGA	10.403936	-39.850975	0	T:16.0(7.21%),B:7.4(0.29%),P:1e-17	Tpos:134.2,Tstd:43.2,Bpos:128.1,Bstd:44.4,StrandBias:1.0,Multiplicity:1.12
0.212	0.122	0.001	0.665
0.778	0.106	0.115	0.001
0.997	0.001	0.001	0.001
0.001	0.001	0.001	0.997
0.106	0.106	0.001	0.787
0.001	0.105	0.893	0.001
0.001	0.001	0.997	0.001
0.106	0.681	0.001	0.212
0.001	0.114	0.106	0.779
0.106	0.114	0.779	0.001
0.106	0.001	0.763	0.130
0.878	0.106	0.001	0.015
>CGGAAACCGCGA	3-CGGAAACCGCGA	9.926950	-37.066770	0	T:13.0(5.86%),B:4.5(0.17%),P:1e-16	Tpos:134.0,Tstd:73.1,Bpos:124.4,Bstd:58.1,StrandBias:0.2,Multiplicity:1.00
0.095	0.903	0.001	0.001
0.001	0.096	0.807	0.096
0.192	0.096	0.520	0.192
0.997	0.001	0.001	0.001
0.903	0.001	0.095	0.001
0.997	0.001	0.001	0.001
0.096	0.794	0.109	0.001
0.095	0.903	0.001	0.001
0.096	0.096	0.699	0.109
0.001	0.997	0.001	0.001
0.191	0.001	0.807	0.001
0.711	0.192	0.096	0.001
>AGAGGATTTTAA	4-AGAGGATTTTAA	10.612577	-35.980473	0	T:16.0(7.21%),B:10.0(0.39%),P:1e-15	Tpos:159.6,Tstd:56.8,Bpos:122.2,Bstd:88.1,StrandBias:1.1,Multiplicity:1.00
0.930	0.001	0.068	0.001
0.001	0.217	0.713	0.069
0.994	0.001	0.001	0.004
0.001	0.138	0.860	0.001
0.069	0.001	0.791	0.139
0.574	0.144	0.069	0.213
0.068	0.001	0.001	0.930
0.001	0.001	0.001	0.997
0.068	0.001	0.001	0.930
0.004	0.352	0.001	0.643
0.791	0.139	0.001	0.069
0.791	0.001	0.001	0.207
>TMTAAGGTTTCA	5-TMTAAGGTTTCA	10.084016	-35.306206	0	T:14.0(6.31%),B:6.8(0.26%),P:1e-15	Tpos:139.5,Tstd:61.8,Bpos:176.4,Bstd:74.4,StrandBias:1.5,Multiplicity:1.07
0.018	0.001	0.185	0.796
0.444	0.370	0.001	0.185
0.185	0.001	0.018	0.796
0.997	0.001	0.001	0.001
0.814	0.001	0.001	0.184
0.001	0.001	0.980	0.018
0.001	0.001	0.814	0.184
0.185	0.001	0.185	0.629
0.001	0.001	0.001	0.997
0.184	0.001	0.001	0.814
0.001	0.997	0.001	0.001
0.997	0.001	0.001	0.001
>GCCAATAAAACA	6-GCCAATAAAACA	11.363758	-30.422674	0	T:8.0(3.60%),B:1.3(0.05%),P:1e-13	Tpos:85.0,Tstd:45.4,Bpos:102.1,Bstd:30.1,StrandBias:-1.6,Multiplicity:1.00
0.001	0.238	0.636	0.125
0.001	0.761	0.001	0.237
0.007	0.985	0.001	0.007
0.642	0.238	0.001	0.119
0.997	0.001	0.001	0.001
0.001	0.118	0.001	0.880
0.997	0.001	0.001	0.001
0.755	0.001	0.119	0.125
0.874	0.006	0.001	0.119
0.880	0.001	0.001	0.118
0.119	0.755	0.119	0.007
0.880	0.118	0.001	0.001
>CACACCGCACGG	7-CACACCGCACGG	11.216323	-30.422674	0	T:8.0(3.60%),B:1.8(0.07%),P:1e-13	Tpos:112.1,Tstd:56.1,Bpos:153.0,Bstd:49.5,StrandBias:3.2,Multiplicity:1.25
0.001	0.997	0.001	0.001
0.997	0.001	0.001	0.001
0.066	0.639	0.001	0.294
0.997	0.001	0.001	0.001
0.001	0.950	0.001	0.048
0.306	0.692	0.001	0.001
0.109	0.001	0.889	0.001
0.293	0.705	0.001	0.001
0.950	0.048	0.001	0.001
0.307	0.687	0.005	0.001
0.301	0.001	0.649	0.049
0.001	0.293	0.705	0.001
>TTGGTTAAAAAT	8-TTGGTTAAAAAT	10.572934	-30.422674	0	T:8.0(3.60%),B:2.0(0.08%),P:1e-13	Tpos:131.7,Tstd:58.9,Bpos:78.7,Bstd:33.9,StrandBias:-0.4,Multiplicity:1.00
0.117	0.294	0.001	0.588
0.001	0.001	0.001	0.997
0.001	0.001	0.997	0.001
0.001	0.001	0.997	0.001
0.001	0.001	0.001	0.997
0.001	0.001	0.001	0.997
0.705	0.293	0.001	0.001
0.705	0.293	0.001	0.001
0.997	0.001	0.001	0.001
0.940	0.001	0.001	0.058
0.997	0.001	0.001	0.001
0.001	0.293	0.001	0.705
>AAACGAAATTAG	9-AAACGAAATTAG	9.361632	-30.422674	0	T:8.0(3.60%),B:2.0(0.08%),P:1e-13	Tpos:128.2,Tstd:89.2,Bpos:224.9,Bstd:9.2,StrandBias:-0.7,Multiplicity:1.00
0.997	0.001	0.001	0.001
0.705	0.293	0.001	0.001
0.997	0.001	0.001	0.001
0.001	0.997	0.001	0.001
0.001	0.001	0.975	0.023
0.611	0.001	0.294	0.094
0.997	0.001	0.001	0.001
0.705	0.001	0.293	0.001
0.001	0.001	0.001	0.997
0.001	0.001	0.001	0.997
0.659	0.023	0.001	0.317
0.001	0.001	0.997	0.001
>ARYAATCTACST	10-ARYAATCTACST	11.096553	-30.422674	0	T:8.0(3.60%),B:0.5(0.02%),P:1e-13	Tpos:160.0,Tstd:61.7,Bpos:222.0,Bstd:0.0,StrandBias:1.6,Multiplicity:1.00
0.771	0.227	0.001	0.001
0.528	0.001	0.470	0.001
0.001	0.455	0.017	0.527
0.997	0.001	0.001	0.001
0.997	0.001	0.001	0.001
0.001	0.001	0.001	0.997
0.001	0.751	0.018	0.230
0.001	0.001	0.016	0.982
0.527	0.001	0.227	0.245
0.278	0.720	0.001	0.001
0.001	0.473	0.455	0.071
0.001	0.017	0.001	0.981
>GCTCCCTCTCTA	11-GCTCCCTCTCTA	11.196087	-30.422674	0	T:8.0(3.60%),B:0.4(0.02%),P:1e-13	Tpos:117.9,Tstd:58.5,Bpos:169.0,Bstd:0.0,StrandBias:1.3,Multiplicity:1.00
0.001	0.001	0.705	0.293
0.001	0.997	0.001	0.001
0.001	0.001	0.001	0.997
0.293	0.705	0.001	0.001
0.001	0.705	0.293	0.001
0.001	0.960	0.038	0.001
0.293	0.001	0.001	0.705
0.001	0.997	0.001	0.001
0.001	0.001	0.293	0.705
0.001	0.997	0.001	0.001
0.294	0.001	0.039	0.666
0.997	0.001	0.001	0.001
>TGAGAWTGTACT	12-TGAGAWTGTACT	10.569728	-30.422674	0	T:8.0(3.60%),B:0.0(0.00%),P:1e-13	Tpos:69.2,Tstd:62.0,Bpos:0.0,Bstd:0.0,StrandBias:0.7,Multiplicity:1.00
0.001	0.001	0.001	0.997
0.349	0.069	0.513	0.069
0.997	0.001	0.001	0.001
0.089	0.210	0.562	0.139
0.997	0.001	0.001	0.001
0.487	0.001	0.001	0.511
0.069	0.069	0.349	0.513
0.279	0.208	0.512	0.001
0.141	0.210	0.069	0.580
0.791	0.069	0.139	0.001
0.001	0.650	0.001	0.348
0.069	0.069	0.001	0.861
>AACCGCWAGCCA	13-AACCGCWAGCCA	9.596652	-28.794304	0	T:15.0(6.76%),B:12.6(0.49%),P:1e-12	Tpos:105.8,Tstd:60.7,Bpos:111.9,Bstd:58.7,StrandBias:0.0,Multiplicity:1.07
0.997	0.001	0.001	0.001
0.997	0.001	0.001	0.001
0.001	0.997	0.001	0.001
0.099	0.899	0.001	0.001
0.099	0.001	0.899	0.001
0.001	0.997	0.001	0.001
0.400	0.100	0.200	0.300
0.997	0.001	0.001	0.001
0.299	0.001	0.699	0.001
0.099	0.899	0.001	0.001
0.001	0.599	0.001	0.399
0.599	0.399	0.001	0.001
>MATWGACCACMA	14-MATWGACCACMA	10.382970	-28.455896	0	T:14.0(6.31%),B:10.1(0.39%),P:1e-12	Tpos:146.2,Tstd:52.5,Bpos:111.0,Bstd:49.9,StrandBias:0.4,Multiplicity:1.00
0.468	0.425	0.001	0.106
0.997	0.001	0.001	0.001
0.318	0.001	0.001	0.680
0.442	0.229	0.001	0.327
0.001	0.114	0.884	0.001
0.997	0.001	0.001	0.001
0.001	0.997	0.001	0.001
0.001	0.997	0.001	0.001
0.574	0.001	0.106	0.319
0.001	0.893	0.105	0.001
0.459	0.319	0.001	0.221
0.997	0.001	0.001	0.001
>TATTTATTCMAC	15-TATTTATTCMAC	12.581058	-21.781176	0	T:8.0(3.60%),B:3.5(0.13%),P:1e-9	Tpos:122.4,Tstd:53.5,Bpos:122.0,Bstd:55.9,StrandBias:1.8,Multiplicity:1.12
0.001	0.001	0.187	0.811
0.843	0.155	0.001	0.001
0.155	0.001	0.001	0.843
0.001	0.001	0.001	0.997
0.001	0.001	0.001	0.997
0.997	0.001	0.001	0.001
0.001	0.001	0.001	0.997
0.001	0.001	0.001	0.997
0.155	0.843	0.001	0.001
0.344	0.313	0.187	0.156
0.997	0.001	0.001	0.001
0.155	0.843	0.001	0.001
>AAGTCGACTTAT	16-AAGTCGACTTAT	10.382675	-21.781176	0	T:8.0(3.60%),B:3.7(0.14%),P:1e-9	Tpos:133.2,Tstd:77.4,Bpos:223.7,Bstd:12.5,StrandBias:0.0,Multiplicity:1.25
0.642	0.001	0.238	0.119
0.880	0.001	0.001	0.118
0.357	0.001	0.523	0.119
0.001	0.001	0.118	0.880
0.001	0.997	0.001	0.001
0.001	0.001	0.997	0.001
0.761	0.001	0.119	0.119
0.011	0.987	0.001	0.001
0.001	0.001	0.001	0.997
0.119	0.012	0.001	0.868
0.761	0.119	0.119	0.001
0.131	0.001	0.119	0.749
>TTATTAATAATA	17-TTATTAATAATA	13.083954	-20.894673	0	T:10.0(4.50%),B:7.4(0.29%),P:1e-9	Tpos:106.6,Tstd:45.6,Bpos:78.1,Bstd:66.8,StrandBias:-0.4,Multiplicity:1.10
0.001	0.001	0.001	0.997
0.001	0.075	0.075	0.849
0.997	0.001	0.001	0.001
0.001	0.074	0.001	0.924
0.001	0.074	0.001	0.924
0.753	0.001	0.075	0.171
0.924	0.001	0.001	0.074
0.001	0.001	0.001	0.997
0.997	0.001	0.001	0.001
0.997	0.001	0.001	0.001
0.001	0.075	0.075	0.849
0.849	0.001	0.075	0.075
>GCAGGGATTTTA	18-GCAGGGATTTTA	11.965106	-19.553352	0	T:8.0(3.60%),B:4.4(0.17%),P:1e-8	Tpos:107.8,Tstd:69.9,Bpos:170.8,Bstd:25.1,StrandBias:1.6,Multiplicity:1.00
0.001	0.001	0.997	0.001
0.001	0.997	0.001	0.001
0.997	0.001	0.001	0.001
0.222	0.185	0.592	0.001
0.185	0.001	0.592	0.222
0.001	0.001	0.814	0.184
0.997	0.001	0.001	0.001
0.369	0.001	0.001	0.629
0.001	0.001	0.001	0.997
0.001	0.001	0.001	0.997
0.369	0.001	0.001	0.629
0.997	0.001	0.001	0.001
>TTRTACCATTCT	19-TTRTACCATTCT	11.143025	-17.344516	0	T:6.0(2.70%),B:2.9(0.11%),P:1e-7	Tpos:137.3,Tstd:71.5,Bpos:52.1,Bstd:25.9,StrandBias:0.0,Multiplicity:1.00
0.001	0.001	0.001	0.997
0.041	0.001	0.001	0.957
0.542	0.041	0.416	0.001
0.001	0.001	0.001	0.997
0.997	0.001	0.001	0.001
0.001	0.582	0.001	0.416
0.001	0.997	0.001	0.001
0.997	0.001	0.001	0.001
0.001	0.001	0.041	0.957
0.001	0.416	0.001	0.582
0.416	0.582	0.001	0.001
0.001	0.001	0.001	0.997
>ACAAAATAAGCC	20-ACAAAATAAGCC	11.968729	-17.163389	0	T:5.0(2.25%),B:1.8(0.07%),P:1e-7	Tpos:134.6,Tstd:53.3,Bpos:67.2,Bstd:24.2,StrandBias:-0.6,Multiplicity:1.00
0.776	0.001	0.106	0.117
0.001	0.786	0.001	0.212
0.893	0.105	0.001	0.001
0.787	0.001	0.106	0.106
0.997	0.001	0.001	0.001
0.997	0.001	0.001	0.001
0.106	0.212	0.001	0.681
0.893	0.105	0.001	0.001
0.786	0.001	0.001	0.212
0.011	0.106	0.670	0.213
0.001	0.997	0.001	0.001
0.222	0.776	0.001	0.001
>GTTAATCTGTTY	21-GTTAATCTGTTY	9.919162	-15.053656	0	T:9.0(4.05%),B:11.0(0.43%),P:1e-6	Tpos:101.2,Tstd:68.4,Bpos:162.9,Bstd:55.5,StrandBias:-0.8,Multiplicity:1.22
0.001	0.184	0.814	0.001
0.001	0.018	0.001	0.980
0.001	0.001	0.001	0.997
0.997	0.001	0.001	0.001
0.814	0.184	0.001	0.001
0.001	0.184	0.001	0.814
0.001	0.980	0.001	0.018
0.184	0.001	0.001	0.814
0.001	0.001	0.997	0.001
0.203	0.001	0.185	0.611
0.001	0.001	0.001	0.997
0.185	0.259	0.185	0.370
>TKGATTAGCGCT	22-TKGATTAGCGCT	11.665920	-14.983329	0	T:6.0(2.70%),B:3.3(0.13%),P:1e-6	Tpos:95.4,Tstd:67.8,Bpos:119.1,Bstd:19.6,StrandBias:-0.7,Multiplicity:1.17
0.185	0.001	0.185	0.629
0.185	0.001	0.407	0.407
0.001	0.001	0.997	0.001
0.997	0.001	0.001	0.001
0.001	0.001	0.001	0.997
0.001	0.001	0.001	0.997
0.814	0.001	0.001	0.184
0.001	0.001	0.814	0.184
0.001	0.997	0.001	0.001
0.001	0.185	0.592	0.222
0.001	0.997	0.001	0.001
0.001	0.001	0.001	0.997
>GTGAGCAGGTGC	23-GTGAGCAGGTGC	10.845150	-14.883369	0	T:7.0(3.15%),B:5.6(0.22%),P:1e-6	Tpos:153.1,Tstd:50.7,Bpos:165.1,Bstd:37.9,StrandBias:0.0,Multiplicity:1.14
0.227	0.022	0.750	0.001
0.022	0.001	0.227	0.750
0.226	0.001	0.772	0.001
0.545	0.227	0.227	0.001
0.022	0.227	0.750	0.001
0.001	0.997	0.001	0.001
0.997	0.001	0.001	0.001
0.001	0.001	0.997	0.001
0.001	0.001	0.997	0.001
0.001	0.001	0.001	0.997
0.226	0.001	0.772	0.001
0.001	0.772	0.001	0.226
>GGTTTTTTTTTT	24-GGTTTTTTTTTT	10.805981	-14.699036	0	T:25.0(11.26%),B:91.7(3.55%),P:1e-6	Tpos:77.6,Tstd:80.9,Bpos:121.3,Bstd:89.6,StrandBias:0.9,Multiplicity:1.04
0.227	0.001	0.549	0.223
0.001	0.001	0.751	0.247
0.001	0.001	0.026	0.972
0.074	0.001	0.231	0.694
0.001	0.001	0.221	0.777
0.001	0.001	0.001	0.997
0.073	0.001	0.001	0.925
0.001	0.001	0.001	0.997
0.074	0.001	0.128	0.797
0.079	0.074	0.148	0.699
0.001	0.001	0.073	0.925
0.001	0.001	0.001	0.997
>GWATACATAAHW	25-GWATACATAAHW	7.037153	-13.767619	0	T:5.0(2.25%),B:2.8(0.11%),P:1e-5	Tpos:175.7,Tstd:42.5,Bpos:156.0,Bstd:63.4,StrandBias:2.3,Multiplicity:1.20
0.216	0.172	0.381	0.231
0.362	0.173	0.200	0.265
0.527	0.131	0.161	0.181
0.131	0.143	0.143	0.583
0.538	0.107	0.190	0.165
0.147	0.572	0.145	0.136
0.598	0.120	0.114	0.168
0.120	0.127	0.168	0.585
0.560	0.161	0.111	0.168
0.571	0.123	0.161	0.145
0.258	0.347	0.191	0.204
0.233	0.195	0.197	0.376
>CCGCAA	1-CCGCAA	6.329079	-16.809066	0	T:106.0(47.75%),B:785.5(30.47%),P:1e-7	Tpos:123.9,Tstd:66.2,Bpos:123.7,Bstd:69.7,StrandBias:-0.2,Multiplicity:1.42
0.001	0.997	0.001	0.001
0.001	0.997	0.001	0.001
0.234	0.001	0.764	0.001
0.001	0.997	0.001	0.001
0.777	0.001	0.221	0.001
0.818	0.001	0.180	0.001
>GWTTAC	2-GWTTAC	5.579175	-9.703218	0	T:112.0(50.45%),B:968.1(37.55%),P:1e-4	Tpos:123.2,Tstd:71.7,Bpos:125.8,Bstd:76.8,StrandBias:0.2,Multiplicity:1.41
0.001	0.001	0.997	0.001
0.442	0.182	0.001	0.376
0.331	0.001	0.148	0.520
0.001	0.001	0.001	0.997
0.692	0.086	0.119	0.103
0.001	0.583	0.007	0.409
>CGCTGT	3-CGCTGT	6.177716	-6.872542	0	T:34.0(15.32%),B:226.8(8.80%),P:1e-2	Tpos:137.6,Tstd:62.1,Bpos:116.1,Bstd:62.5,StrandBias:-0.1,Multiplicity:1.09
0.100	0.700	0.100	0.100
0.100	0.100	0.700	0.100
0.100	0.700	0.100	0.100
0.100	0.100	0.100	0.700
0.100	0.100	0.700	0.100
0.100	0.100	0.100	0.700
>AAATCC	4-AAATCC	5.511812	-6.490499	0	T:102.0(45.95%),B:929.1(36.04%),P:1e-2	Tpos:129.6,Tstd:72.7,Bpos:122.8,Bstd:80.7,StrandBias:0.0,Multiplicity:1.34
0.676	0.001	0.001	0.322
0.997	0.001	0.001	0.001
0.808	0.190	0.001	0.001
0.001	0.001	0.001	0.997
0.001	0.997	0.001	0.001
0.001	0.997	0.001	0.001
>AATCTG	5-AATCTG	6.177716	-5.344787	0	T:37.0(16.67%),B:277.6(10.77%),P:1e-2	Tpos:103.2,Tstd:69.7,Bpos:120.2,Bstd:79.3,StrandBias:-0.3,Multiplicity:1.32
0.700	0.100	0.100	0.100
0.700	0.100	0.100	0.100
0.100	0.100	0.100	0.700
0.100	0.700	0.100	0.100
0.100	0.100	0.100	0.700
0.100	0.100	0.700	0.100
>ACCCACCA	1-ACCCACCA	6.755321	-26.084868	0	T:49.0(22.07%),B:191.2(7.42%),P:1e-11	Tpos:119.1,Tstd:61.4,Bpos:125.5,Bstd:67.9,StrandBias:-0.2,Multiplicity:1.10
0.896	0.057	0.001	0.046
0.082	0.916	0.001	0.001
0.074	0.797	0.097	0.032
0.012	0.934	0.053	0.001
0.881	0.117	0.001	0.001
0.006	0.969	0.024	0.001
0.001	0.672	0.113	0.214
0.931	0.001	0.067	0.001
>CGGATTAT	2-CGGATTAT	6.539542	-23.357977	0	T:51.0(22.97%),B:221.3(8.58%),P:1e-10	Tpos:127.6,Tstd:69.4,Bpos:126.5,Bstd:79.1,StrandBias:-0.1,Multiplicity:1.25
0.059	0.939	0.001	0.001
0.001	0.134	0.772	0.093
0.001	0.039	0.939	0.021
0.783	0.207	0.009	0.001
0.056	0.067	0.019	0.858
0.090	0.028	0.001	0.881
0.936	0.021	0.001	0.042
0.062	0.001	0.028	0.909
>GGACGGAN	3-GGACGGAN	4.846153	-20.255568	0	T:17.0(7.66%),B:30.5(1.18%),P:1e-8	Tpos:118.4,Tstd:69.3,Bpos:117.6,Bstd:67.5,StrandBias:0.5,Multiplicity:1.00
0.220	0.236	0.387	0.157
0.107	0.186	0.576	0.131
0.484	0.262	0.136	0.118
0.045	0.621	0.178	0.156
0.112	0.135	0.607	0.146
0.176	0.174	0.519	0.131
0.580	0.144	0.136	0.140
0.229	0.234	0.293	0.244
>WTTGYGGT	4-WTTGYGGT	5.193045	-20.129722	0	T:146.0(65.77%),B:1182.7(45.87%),P:1e-8	Tpos:127.6,Tstd:62.5,Bpos:125.6,Bstd:71.2,StrandBias:-0.1,Multiplicity:1.63
0.328	0.092	0.159	0.420
0.001	0.164	0.001	0.834
0.283	0.104	0.001	0.612
0.193	0.001	0.805	0.001
0.038	0.544	0.001	0.417
0.001	0.001	0.997	0.001
0.001	0.001	0.917	0.081
0.001	0.255	0.001	0.743
>ATTTACKT	5-ATTTACKT	7.024457	-18.861977	0	T:62.0(27.93%),B:342.4(13.28%),P:1e-8	Tpos:114.9,Tstd:79.4,Bpos:127.9,Bstd:80.0,StrandBias:0.6,Multiplicity:1.12
0.652	0.001	0.304	0.043
0.001	0.222	0.001	0.776
0.012	0.150	0.214	0.624
0.001	0.001	0.001	0.997
0.907	0.091	0.001	0.001
0.329	0.546	0.001	0.124
0.065	0.128	0.348	0.459
0.001	0.001	0.001	0.997
>AATCTGCT	6-AATCTGCT	9.771039	-18.321120	0	T:14.0(6.31%),B:22.1(0.86%),P:1e-7	Tpos:114.7,Tstd:71.6,Bpos:126.0,Bstd:82.4,StrandBias:-0.5,Multiplicity:1.00
0.997	0.001	0.001	0.001
0.997	0.001	0.001	0.001
0.001	0.001	0.001	0.997
0.001	0.997	0.001	0.001
0.001	0.001	0.273	0.725
0.001	0.001	0.997	0.001
0.001	0.997	0.001	0.001
0.001	0.001	0.001	0.997
>GAGACGAT	7-GAGACGAT	8.576278	-16.788698	0	T:13.0(5.86%),B:21.3(0.83%),P:1e-7	Tpos:149.5,Tstd:68.6,Bpos:154.0,Bstd:54.1,StrandBias:-0.2,Multiplicity:1.00
0.328	0.001	0.670	0.001
0.997	0.001	0.001	0.001
0.001	0.001	0.997	0.001
0.875	0.001	0.001	0.123
0.001	0.997	0.001	0.001
0.001	0.001	0.997	0.001
0.997	0.001	0.001	0.001
0.001	0.001	0.001	0.997
>TMGGVCAC	8-TMGGVCAC	5.905333	-15.343481	0	T:38.0(17.12%),B:178.9(6.94%),P:1e-6	Tpos:120.8,Tstd:59.4,Bpos:124.1,Bstd:65.1,StrandBias:-0.3,Multiplicity:1.06
0.051	0.111	0.030	0.808
0.350	0.297	0.178	0.175
0.011	0.057	0.820	0.112
0.024	0.140	0.788	0.048
0.325	0.324	0.243	0.108
0.047	0.852	0.100	0.001
0.841	0.040	0.042	0.077
0.001	0.792	0.119	0.088
>AGAGGATT	9-AGAGGATT	7.010759	-14.594860	0	T:30.0(13.51%),B:125.9(4.88%),P:1e-6	Tpos:146.5,Tstd:70.1,Bpos:125.4,Bstd:80.0,StrandBias:0.5,Multiplicity:1.07
0.919	0.079	0.001	0.001
0.218	0.001	0.664	0.117
0.997	0.001	0.001	0.001
0.001	0.001	0.997	0.001
0.001	0.001	0.997	0.001
0.997	0.001	0.001	0.001
0.001	0.001	0.001	0.997
0.001	0.001	0.001	0.997
>CAATCGCT	10-CAATCGCT	7.054855	-13.787426	0	T:15.0(6.76%),B:37.6(1.46%),P:1e-5	Tpos:116.9,Tstd:74.4,Bpos:136.6,Bstd:80.4,StrandBias:-1.1,Multiplicity:1.07
0.001	0.938	0.030	0.031
0.808	0.095	0.049	0.048
0.575	0.072	0.350	0.003
0.100	0.233	0.160	0.507
0.054	0.579	0.003	0.364
0.255	0.050	0.575	0.120
0.023	0.809	0.133	0.035
0.277	0.161	0.074	0.488
>ACTCCACG	11-ACTCCACG	8.236954	-13.081156	0	T:4.0(1.80%),B:0.7(0.03%),P:1e-5	Tpos:68.2,Tstd:35.2,Bpos:223.0,Bstd:0.0,StrandBias:0.0,Multiplicity:1.00
0.700	0.100	0.100	0.100
0.100	0.700	0.100	0.100
0.100	0.100	0.100	0.700
0.100	0.700	0.100	0.100
0.100	0.700	0.100	0.100
0.700	0.100	0.100	0.100
0.100	0.700	0.100	0.100
0.100	0.100	0.700	0.100
>AAAAAAAA	12-AAAAAAAA	8.688979	-4.234325	0	T:43.0(19.37%),B:358.7(13.91%),P:1e-1	Tpos:94.2,Tstd:84.2,Bpos:120.6,Bstd:92.1,StrandBias:-0.8,Multiplicity:1.14
0.870	0.128	0.001	0.001
0.997	0.001	0.001	0.001
0.997	0.001	0.001	0.001
0.870	0.001	0.001	0.128
0.997	0.001	0.001	0.001
0.997	0.001	0.001	0.001
0.813	0.185	0.001	0.001
0.849	0.149	0.001	0.001
