>GTCATTGGTCAC	1-GTCATTGGTCAC	10.494847	-41.547489	0	T:12.0(5.41%),B:2.9(0.11%),P:1e-18	Tpos:123.2,Tstd:51.8,Bpos:128.1,Bstd:23.0,StrandBias:0.0,Multiplicity:1.00
0.001	0.020	0.860	0.119
0.001	0.002	0.121	0.876
0.119	0.622	0.001	0.258
0.860	0.001	0.001	0.138
0.001	0.001	0.001	0.997
0.001	0.119	0.238	0.642
0.001	0.001	0.997	0.001
0.001	0.001	0.761	0.237
0.119	0.119	0.119	0.643
0.001	0.997	0.001	0.001
0.880	0.118	0.001	0.001
0.118	0.880	0.001	0.001
>TAATTGGCTGGA	2-TAATTGGCTGGA	10.403936	-39.850975	0	T:16.0(7.21%),B:7.4(0.29%),P:1e-17	Tpos:134.2,Tstd:43.2,Bpos:128.1,Bstd:44.4,StrandBias:1.0,Multiplicity:1.12
0.212	0.122	0.001	0.665
0.778	0.106	0.115	0.001
0.997	0.001	0.001	0.001
0.001	0.001	0.001	0.997
0.106	0.106	0.001	0.787
0.001	0.105	0.893	0.001
0.001	0.001	0.997	0.001
0.106	0.681	0.001	0.212
0.001	0.114	0.106	0.779
0.106	0.114	0.779	0.001
0.106	0.001	0.763	0.130
0.878	0.106	0.001	0.015
>CGGAAACCGCGA	3-CGGAAACCGCGA	9.926950	-37.066770	0	T:13.0(5.86%),B:4.5(0.17%),P:1e-16	Tpos:134.0,Tstd:73.1,Bpos:124.4,Bstd:58.1,StrandBias:0.2,Multiplicity:1.00
0.095	0.903	0.001	0.001
0.001	0.096	0.807	0.096
0.192	0.096	0.520	0.192
0.997	0.001	0.001	0.001
0.903	0.001	0.095	0.001
0.997	0.001	0.001	0.001
0.096	0.794	0.109	0.001
0.095	0.903	0.001	0.001
0.096	0.096	0.699	0.109
0.001	0.997	0.001	0.001
0.191	0.001	0.807	0.001
0.711	0.192	0.096	0.001
>AGAGGATTTTAA	4-AGAGGATTTTAA	10.612577	-35.980473	0	T:16.0(7.21%),B:10.0(0.39%),P:1e-15	Tpos:159.6,Tstd:56.8,Bpos:122.2,Bstd:88.1,StrandBias:1.1,Multiplicity:1.00
0.930	0.001	0.068	0.001
0.001	0.217	0.713	0.069
0.994	0.001	0.001	0.004
0.001	0.138	0.860	0.001
0.069	0.001	0.791	0.139
0.574	0.144	0.069	0.213
0.068	0.001	0.001	0.930
0.001	0.001	0.001	0.997
0.068	0.001	0.001	0.930
0.004	0.352	0.001	0.643
0.791	0.139	0.001	0.069
0.791	0.001	0.001	0.207
>TMTAAGGTTTCA	5-TMTAAGGTTTCA	10.084016	-35.306206	0	T:14.0(6.31%),B:6.8(0.26%),P:1e-15	Tpos:139.5,Tstd:61.8,Bpos:176.4,Bstd:74.4,StrandBias:1.5,Multiplicity:1.07
0.018	0.001	0.185	0.796
0.444	0.370	0.001	0.185
0.185	0.001	0.018	0.796
0.997	0.001	0.001	0.001
0.814	0.001	0.001	0.184
0.001	0.001	0.980	0.018
0.001	0.001	0.814	0.184
0.185	0.001	0.185	0.629
0.001	0.001	0.001	0.997
0.184	0.001	0.001	0.814
0.001	0.997	0.001	0.001
0.997	0.001	0.001	0.001
>GCCAATAAAACA	6-GCCAATAAAACA	11.363758	-30.422674	0	T:8.0(3.60%),B:1.3(0.05%),P:1e-13	Tpos:85.0,Tstd:45.4,Bpos:102.1,Bstd:30.1,StrandBias:-1.6,Multiplicity:1.00
0.001	0.238	0.636	0.125
0.001	0.761	0.001	0.237
0.007	0.985	0.001	0.007
0.642	0.238	0.001	0.119
0.997	0.001	0.001	0.001
0.001	0.118	0.001	0.880
0.997	0.001	0.001	0.001
0.755	0.001	0.119	0.125
0.874	0.006	0.001	0.119
0.880	0.001	0.001	0.118
0.119	0.755	0.119	0.007
0.880	0.118	0.001	0.001
>CACACCGCACGG	7-CACACCGCACGG	11.216323	-30.422674	0	T:8.0(3.60%),B:1.8(0.07%),P:1e-13	Tpos:112.1,Tstd:56.1,Bpos:153.0,Bstd:49.5,StrandBias:3.2,Multiplicity:1.25
0.001	0.997	0.001	0.001
0.997	0.001	0.001	0.001
0.066	0.639	0.001	0.294
0.997	0.001	0.001	0.001
0.001	0.950	0.001	0.048
0.306	0.692	0.001	0.001
0.109	0.001	0.889	0.001
0.293	0.705	0.001	0.001
0.950	0.048	0.001	0.001
0.307	0.687	0.005	0.001
0.301	0.001	0.649	0.049
0.001	0.293	0.705	0.001
>TTGGTTAAAAAT	8-TTGGTTAAAAAT	10.572934	-30.422674	0	T:8.0(3.60%),B:2.0(0.08%),P:1e-13	Tpos:131.7,Tstd:58.9,Bpos:78.7,Bstd:33.9,StrandBias:-0.4,Multiplicity:1.00
0.117	0.294	0.001	0.588
0.001	0.001	0.001	0.997
0.001	0.001	0.997	0.001
0.001	0.001	0.997	0.001
0.001	0.001	0.001	0.997
0.001	0.001	0.001	0.997
0.705	0.293	0.001	0.001
0.705	0.293	0.001	0.001
0.997	0.001	0.001	0.001
0.940	0.001	0.001	0.058
0.997	0.001	0.001	0.001
0.001	0.293	0.001	0.705
>AAACGAAATTAG	9-AAACGAAATTAG	9.361632	-30.422674	0	T:8.0(3.60%),B:2.0(0.08%),P:1e-13	Tpos:128.2,Tstd:89.2,Bpos:224.9,Bstd:9.2,StrandBias:-0.7,Multiplicity:1.00
0.997	0.001	0.001	0.001
0.705	0.293	0.001	0.001
0.997	0.001	0.001	0.001
0.001	0.997	0.001	0.001
0.001	0.001	0.975	0.023
0.611	0.001	0.294	0.094
0.997	0.001	0.001	0.001
0.705	0.001	0.293	0.001
0.001	0.001	0.001	0.997
0.001	0.001	0.001	0.997
0.659	0.023	0.001	0.317
0.001	0.001	0.997	0.001
>ARYAATCTACST	10-ARYAATCTACST	11.096553	-30.422674	0	T:8.0(3.60%),B:0.5(0.02%),P:1e-13	Tpos:160.0,Tstd:61.7,Bpos:222.0,Bstd:0.0,StrandBias:1.6,Multiplicity:1.00
0.771	0.227	0.001	0.001
0.528	0.001	0.470	0.001
0.001	0.455	0.017	0.527
0.997	0.001	0.001	0.001
0.997	0.001	0.001	0.001
0.001	0.001	0.001	0.997
0.001	0.751	0.018	0.230
0.001	0.001	0.016	0.982
0.527	0.001	0.227	0.245
0.278	0.720	0.001	0.001
0.001	0.473	0.455	0.071
0.001	0.017	0.001	0.981
>GCTCCCTCTCTA	11-GCTCCCTCTCTA	11.196087	-30.422674	0	T:8.0(3.60%),B:0.4(0.02%),P:1e-13	Tpos:117.9,Tstd:58.5,Bpos:169.0,Bstd:0.0,StrandBias:1.3,Multiplicity:1.00
0.001	0.001	0.705	0.293
0.001	0.997	0.001	0.001
0.001	0.001	0.001	0.997
0.293	0.705	0.001	0.001
0.001	0.705	0.293	0.001
0.001	0.960	0.038	0.001
0.293	0.001	0.001	0.705
0.001	0.997	0.001	0.001
0.001	0.001	0.293	0.705
0.001	0.997	0.001	0.001
0.294	0.001	0.039	0.666
0.997	0.001	0.001	0.001
>TGAGAWTGTACT	12-TGAGAWTGTACT	10.569728	-30.422674	0	T:8.0(3.60%),B:0.0(0.00%),P:1e-13	Tpos:69.2,Tstd:62.0,Bpos:0.0,Bstd:0.0,StrandBias:0.7,Multiplicity:1.00
0.001	0.001	0.001	0.997
0.349	0.069	0.513	0.069
0.997	0.001	0.001	0.001
0.089	0.210	0.562	0.139
0.997	0.001	0.001	0.001
0.487	0.001	0.001	0.511
0.069	0.069	0.349	0.513
0.279	0.208	0.512	0.001
0.141	0.210	0.069	0.580
0.791	0.069	0.139	0.001
0.001	0.650	0.001	0.348
0.069	0.069	0.001	0.861
>AACCGCWAGCCA	13-AACCGCWAGCCA	9.596652	-28.794304	0	T:15.0(6.76%),B:12.6(0.49%),P:1e-12	Tpos:105.8,Tstd:60.7,Bpos:111.9,Bstd:58.7,StrandBias:0.0,Multiplicity:1.07
0.997	0.001	0.001	0.001
0.997	0.001	0.001	0.001
0.001	0.997	0.001	0.001
0.099	0.899	0.001	0.001
0.099	0.001	0.899	0.001
0.001	0.997	0.001	0.001
0.400	0.100	0.200	0.300
0.997	0.001	0.001	0.001
0.299	0.001	0.699	0.001
0.099	0.899	0.001	0.001
0.001	0.599	0.001	0.399
0.599	0.399	0.001	0.001
>MATWGACCACMA	14-MATWGACCACMA	10.382970	-28.455896	0	T:14.0(6.31%),B:10.1(0.39%),P:1e-12	Tpos:146.2,Tstd:52.5,Bpos:111.0,Bstd:49.9,StrandBias:0.4,Multiplicity:1.00
0.468	0.425	0.001	0.106
0.997	0.001	0.001	0.001
0.318	0.001	0.001	0.680
0.442	0.229	0.001	0.327
0.001	0.114	0.884	0.001
0.997	0.001	0.001	0.001
0.001	0.997	0.001	0.001
0.001	0.997	0.001	0.001
0.574	0.001	0.106	0.319
0.001	0.893	0.105	0.001
0.459	0.319	0.001	0.221
0.997	0.001	0.001	0.001
>TATTTATTCMAC	15-TATTTATTCMAC	12.581058	-21.781176	0	T:8.0(3.60%),B:3.5(0.13%),P:1e-9	Tpos:122.4,Tstd:53.5,Bpos:122.0,Bstd:55.9,StrandBias:1.8,Multiplicity:1.12
0.001	0.001	0.187	0.811
0.843	0.155	0.001	0.001
0.155	0.001	0.001	0.843
0.001	0.001	0.001	0.997
0.001	0.001	0.001	0.997
0.997	0.001	0.001	0.001
0.001	0.001	0.001	0.997
0.001	0.001	0.001	0.997
0.155	0.843	0.001	0.001
0.344	0.313	0.187	0.156
0.997	0.001	0.001	0.001
0.155	0.843	0.001	0.001
>AAGTCGACTTAT	16-AAGTCGACTTAT	10.382675	-21.781176	0	T:8.0(3.60%),B:3.7(0.14%),P:1e-9	Tpos:133.2,Tstd:77.4,Bpos:223.7,Bstd:12.5,StrandBias:0.0,Multiplicity:1.25
0.642	0.001	0.238	0.119
0.880	0.001	0.001	0.118
0.357	0.001	0.523	0.119
0.001	0.001	0.118	0.880
0.001	0.997	0.001	0.001
0.001	0.001	0.997	0.001
0.761	0.001	0.119	0.119
0.011	0.987	0.001	0.001
0.001	0.001	0.001	0.997
0.119	0.012	0.001	0.868
0.761	0.119	0.119	0.001
0.131	0.001	0.119	0.749
>TTATTAATAATA	17-TTATTAATAATA	13.083954	-20.894673	0	T:10.0(4.50%),B:7.4(0.29%),P:1e-9	Tpos:106.6,Tstd:45.6,Bpos:78.1,Bstd:66.8,StrandBias:-0.4,Multiplicity:1.10
0.001	0.001	0.001	0.997
0.001	0.075	0.075	0.849
0.997	0.001	0.001	0.001
0.001	0.074	0.001	0.924
0.001	0.074	0.001	0.924
0.753	0.001	0.075	0.171
0.924	0.001	0.001	0.074
0.001	0.001	0.001	0.997
0.997	0.001	0.001	0.001
0.997	0.001	0.001	0.001
0.001	0.075	0.075	0.849
0.849	0.001	0.075	0.075
>GCAGGGATTTTA	18-GCAGGGATTTTA	11.965106	-19.553352	0	T:8.0(3.60%),B:4.4(0.17%),P:1e-8	Tpos:107.8,Tstd:69.9,Bpos:170.8,Bstd:25.1,StrandBias:1.6,Multiplicity:1.00
0.001	0.001	0.997	0.001
0.001	0.997	0.001	0.001
0.997	0.001	0.001	0.001
0.222	0.185	0.592	0.001
0.185	0.001	0.592	0.222
0.001	0.001	0.814	0.184
0.997	0.001	0.001	0.001
0.369	0.001	0.001	0.629
0.001	0.001	0.001	0.997
0.001	0.001	0.001	0.997
0.369	0.001	0.001	0.629
0.997	0.001	0.001	0.001
>TTRTACCATTCT	19-TTRTACCATTCT	11.143025	-17.344516	0	T:6.0(2.70%),B:2.9(0.11%),P:1e-7	Tpos:137.3,Tstd:71.5,Bpos:52.1,Bstd:25.9,StrandBias:0.0,Multiplicity:1.00
0.001	0.001	0.001	0.997
0.041	0.001	0.001	0.957
0.542	0.041	0.416	0.001
0.001	0.001	0.001	0.997
0.997	0.001	0.001	0.001
0.001	0.582	0.001	0.416
0.001	0.997	0.001	0.001
0.997	0.001	0.001	0.001
0.001	0.001	0.041	0.957
0.001	0.416	0.001	0.582
0.416	0.582	0.001	0.001
0.001	0.001	0.001	0.997
>ACAAAATAAGCC	20-ACAAAATAAGCC	11.968729	-17.163389	0	T:5.0(2.25%),B:1.8(0.07%),P:1e-7	Tpos:134.6,Tstd:53.3,Bpos:67.2,Bstd:24.2,StrandBias:-0.6,Multiplicity:1.00
0.776	0.001	0.106	0.117
0.001	0.786	0.001	0.212
0.893	0.105	0.001	0.001
0.787	0.001	0.106	0.106
0.997	0.001	0.001	0.001
0.997	0.001	0.001	0.001
0.106	0.212	0.001	0.681
0.893	0.105	0.001	0.001
0.786	0.001	0.001	0.212
0.011	0.106	0.670	0.213
0.001	0.997	0.001	0.001
0.222	0.776	0.001	0.001
>GTTAATCTGTTY	21-GTTAATCTGTTY	9.919162	-15.053656	0	T:9.0(4.05%),B:11.0(0.43%),P:1e-6	Tpos:101.2,Tstd:68.4,Bpos:162.9,Bstd:55.5,StrandBias:-0.8,Multiplicity:1.22
0.001	0.184	0.814	0.001
0.001	0.018	0.001	0.980
0.001	0.001	0.001	0.997
0.997	0.001	0.001	0.001
0.814	0.184	0.001	0.001
0.001	0.184	0.001	0.814
0.001	0.980	0.001	0.018
0.184	0.001	0.001	0.814
0.001	0.001	0.997	0.001
0.203	0.001	0.185	0.611
0.001	0.001	0.001	0.997
0.185	0.259	0.185	0.370
>TKGATTAGCGCT	22-TKGATTAGCGCT	11.665920	-14.983329	0	T:6.0(2.70%),B:3.3(0.13%),P:1e-6	Tpos:95.4,Tstd:67.8,Bpos:119.1,Bstd:19.6,StrandBias:-0.7,Multiplicity:1.17
0.185	0.001	0.185	0.629
0.185	0.001	0.407	0.407
0.001	0.001	0.997	0.001
0.997	0.001	0.001	0.001
0.001	0.001	0.001	0.997
0.001	0.001	0.001	0.997
0.814	0.001	0.001	0.184
0.001	0.001	0.814	0.184
0.001	0.997	0.001	0.001
0.001	0.185	0.592	0.222
0.001	0.997	0.001	0.001
0.001	0.001	0.001	0.997
>GTGAGCAGGTGC	23-GTGAGCAGGTGC	10.845150	-14.883369	0	T:7.0(3.15%),B:5.6(0.22%),P:1e-6	Tpos:153.1,Tstd:50.7,Bpos:165.1,Bstd:37.9,StrandBias:0.0,Multiplicity:1.14
0.227	0.022	0.750	0.001
0.022	0.001	0.227	0.750
0.226	0.001	0.772	0.001
0.545	0.227	0.227	0.001
0.022	0.227	0.750	0.001
0.001	0.997	0.001	0.001
0.997	0.001	0.001	0.001
0.001	0.001	0.997	0.001
0.001	0.001	0.997	0.001
0.001	0.001	0.001	0.997
0.226	0.001	0.772	0.001
0.001	0.772	0.001	0.226
>GGTTTTTTTTTT	24-GGTTTTTTTTTT	10.805981	-14.699036	0	T:25.0(11.26%),B:91.7(3.55%),P:1e-6	Tpos:77.6,Tstd:80.9,Bpos:121.3,Bstd:89.6,StrandBias:0.9,Multiplicity:1.04
0.227	0.001	0.549	0.223
0.001	0.001	0.751	0.247
0.001	0.001	0.026	0.972
0.074	0.001	0.231	0.694
0.001	0.001	0.221	0.777
0.001	0.001	0.001	0.997
0.073	0.001	0.001	0.925
0.001	0.001	0.001	0.997
0.074	0.001	0.128	0.797
0.079	0.074	0.148	0.699
0.001	0.001	0.073	0.925
0.001	0.001	0.001	0.997
>GWATACATAAHW	25-GWATACATAAHW	7.037153	-13.767619	0	T:5.0(2.25%),B:2.8(0.11%),P:1e-5	Tpos:175.7,Tstd:42.5,Bpos:156.0,Bstd:63.4,StrandBias:2.3,Multiplicity:1.20
0.216	0.172	0.381	0.231
0.362	0.173	0.200	0.265
0.527	0.131	0.161	0.181
0.131	0.143	0.143	0.583
0.538	0.107	0.190	0.165
0.147	0.572	0.145	0.136
0.598	0.120	0.114	0.168
0.120	0.127	0.168	0.585
0.560	0.161	0.111	0.168
0.571	0.123	0.161	0.145
0.258	0.347	0.191	0.204
0.233	0.195	0.197	0.376
