>ACCCACCA	1-ACCCACCA	6.755321	-26.084868	0	T:49.0(22.07%),B:191.2(7.42%),P:1e-11	Tpos:119.1,Tstd:61.4,Bpos:125.5,Bstd:67.9,StrandBias:-0.2,Multiplicity:1.10
0.896	0.057	0.001	0.046
0.082	0.916	0.001	0.001
0.074	0.797	0.097	0.032
0.012	0.934	0.053	0.001
0.881	0.117	0.001	0.001
0.006	0.969	0.024	0.001
0.001	0.672	0.113	0.214
0.931	0.001	0.067	0.001
>CGGATTAT	2-CGGATTAT	6.539542	-23.357977	0	T:51.0(22.97%),B:221.3(8.58%),P:1e-10	Tpos:127.6,Tstd:69.4,Bpos:126.5,Bstd:79.1,StrandBias:-0.1,Multiplicity:1.25
0.059	0.939	0.001	0.001
0.001	0.134	0.772	0.093
0.001	0.039	0.939	0.021
0.783	0.207	0.009	0.001
0.056	0.067	0.019	0.858
0.090	0.028	0.001	0.881
0.936	0.021	0.001	0.042
0.062	0.001	0.028	0.909
>GGACGGAN	3-GGACGGAN	4.846153	-20.255568	0	T:17.0(7.66%),B:30.5(1.18%),P:1e-8	Tpos:118.4,Tstd:69.3,Bpos:117.6,Bstd:67.5,StrandBias:0.5,Multiplicity:1.00
0.220	0.236	0.387	0.157
0.107	0.186	0.576	0.131
0.484	0.262	0.136	0.118
0.045	0.621	0.178	0.156
0.112	0.135	0.607	0.146
0.176	0.174	0.519	0.131
0.580	0.144	0.136	0.140
0.229	0.234	0.293	0.244
>WTTGYGGT	4-WTTGYGGT	5.193045	-20.129722	0	T:146.0(65.77%),B:1182.7(45.87%),P:1e-8	Tpos:127.6,Tstd:62.5,Bpos:125.6,Bstd:71.2,StrandBias:-0.1,Multiplicity:1.63
0.328	0.092	0.159	0.420
0.001	0.164	0.001	0.834
0.283	0.104	0.001	0.612
0.193	0.001	0.805	0.001
0.038	0.544	0.001	0.417
0.001	0.001	0.997	0.001
0.001	0.001	0.917	0.081
0.001	0.255	0.001	0.743
>ATTTACKT	5-ATTTACKT	7.024457	-18.861977	0	T:62.0(27.93%),B:342.4(13.28%),P:1e-8	Tpos:114.9,Tstd:79.4,Bpos:127.9,Bstd:80.0,StrandBias:0.6,Multiplicity:1.12
0.652	0.001	0.304	0.043
0.001	0.222	0.001	0.776
0.012	0.150	0.214	0.624
0.001	0.001	0.001	0.997
0.907	0.091	0.001	0.001
0.329	0.546	0.001	0.124
0.065	0.128	0.348	0.459
0.001	0.001	0.001	0.997
>AATCTGCT	6-AATCTGCT	9.771039	-18.321120	0	T:14.0(6.31%),B:22.1(0.86%),P:1e-7	Tpos:114.7,Tstd:71.6,Bpos:126.0,Bstd:82.4,StrandBias:-0.5,Multiplicity:1.00
0.997	0.001	0.001	0.001
0.997	0.001	0.001	0.001
0.001	0.001	0.001	0.997
0.001	0.997	0.001	0.001
0.001	0.001	0.273	0.725
0.001	0.001	0.997	0.001
0.001	0.997	0.001	0.001
0.001	0.001	0.001	0.997
>GAGACGAT	7-GAGACGAT	8.576278	-16.788698	0	T:13.0(5.86%),B:21.3(0.83%),P:1e-7	Tpos:149.5,Tstd:68.6,Bpos:154.0,Bstd:54.1,StrandBias:-0.2,Multiplicity:1.00
0.328	0.001	0.670	0.001
0.997	0.001	0.001	0.001
0.001	0.001	0.997	0.001
0.875	0.001	0.001	0.123
0.001	0.997	0.001	0.001
0.001	0.001	0.997	0.001
0.997	0.001	0.001	0.001
0.001	0.001	0.001	0.997
>TMGGVCAC	8-TMGGVCAC	5.905333	-15.343481	0	T:38.0(17.12%),B:178.9(6.94%),P:1e-6	Tpos:120.8,Tstd:59.4,Bpos:124.1,Bstd:65.1,StrandBias:-0.3,Multiplicity:1.06
0.051	0.111	0.030	0.808
0.350	0.297	0.178	0.175
0.011	0.057	0.820	0.112
0.024	0.140	0.788	0.048
0.325	0.324	0.243	0.108
0.047	0.852	0.100	0.001
0.841	0.040	0.042	0.077
0.001	0.792	0.119	0.088
>AGAGGATT	9-AGAGGATT	7.010759	-14.594860	0	T:30.0(13.51%),B:125.9(4.88%),P:1e-6	Tpos:146.5,Tstd:70.1,Bpos:125.4,Bstd:80.0,StrandBias:0.5,Multiplicity:1.07
0.919	0.079	0.001	0.001
0.218	0.001	0.664	0.117
0.997	0.001	0.001	0.001
0.001	0.001	0.997	0.001
0.001	0.001	0.997	0.001
0.997	0.001	0.001	0.001
0.001	0.001	0.001	0.997
0.001	0.001	0.001	0.997
>CAATCGCT	10-CAATCGCT	7.054855	-13.787426	0	T:15.0(6.76%),B:37.6(1.46%),P:1e-5	Tpos:116.9,Tstd:74.4,Bpos:136.6,Bstd:80.4,StrandBias:-1.1,Multiplicity:1.07
0.001	0.938	0.030	0.031
0.808	0.095	0.049	0.048
0.575	0.072	0.350	0.003
0.100	0.233	0.160	0.507
0.054	0.579	0.003	0.364
0.255	0.050	0.575	0.120
0.023	0.809	0.133	0.035
0.277	0.161	0.074	0.488
>ACTCCACG	11-ACTCCACG	8.236954	-13.081156	0	T:4.0(1.80%),B:0.7(0.03%),P:1e-5	Tpos:68.2,Tstd:35.2,Bpos:223.0,Bstd:0.0,StrandBias:0.0,Multiplicity:1.00
0.700	0.100	0.100	0.100
0.100	0.700	0.100	0.100
0.100	0.100	0.100	0.700
0.100	0.700	0.100	0.100
0.100	0.700	0.100	0.100
0.700	0.100	0.100	0.100
0.100	0.700	0.100	0.100
0.100	0.100	0.700	0.100
>AAAAAAAA	12-AAAAAAAA	8.688979	-4.234325	0	T:43.0(19.37%),B:358.7(13.91%),P:1e-1	Tpos:94.2,Tstd:84.2,Bpos:120.6,Bstd:92.1,StrandBias:-0.8,Multiplicity:1.14
0.870	0.128	0.001	0.001
0.997	0.001	0.001	0.001
0.997	0.001	0.001	0.001
0.870	0.001	0.001	0.128
0.997	0.001	0.001	0.001
0.997	0.001	0.001	0.001
0.813	0.185	0.001	0.001
0.849	0.149	0.001	0.001
