>RAGMSGATTT	1-RAGMSGATTT	7.949621	-39.201318	0	T:31.0(13.96%),B:49.0(1.90%),P:1e-17	Tpos:143.1,Tstd:73.9,Bpos:144.7,Bstd:85.9,StrandBias:0.5,Multiplicity:1.10
0.384	0.066	0.320	0.230
0.856	0.033	0.094	0.017
0.068	0.237	0.646	0.049
0.362	0.243	0.209	0.187
0.029	0.445	0.493	0.033
0.211	0.049	0.683	0.057
0.857	0.071	0.050	0.022
0.033	0.066	0.033	0.868
0.082	0.017	0.049	0.852
0.379	0.033	0.049	0.539
>TCGCTGTGWG	2-TCGCTGTGWG	8.096837	-30.398008	0	T:16.0(7.21%),B:14.0(0.54%),P:1e-13	Tpos:147.8,Tstd:62.2,Bpos:117.5,Bstd:43.7,StrandBias:-0.9,Multiplicity:1.06
0.372	0.001	0.001	0.626
0.372	0.586	0.001	0.041
0.041	0.002	0.956	0.001
0.001	0.587	0.082	0.330
0.289	0.001	0.002	0.708
0.083	0.041	0.586	0.290
0.041	0.082	0.001	0.876
0.001	0.246	0.456	0.297
0.417	0.207	0.042	0.334
0.001	0.082	0.579	0.338
>ATTGGCTGKA	3-ATTGGCTGKA	8.099071	-28.665023	0	T:21.0(9.46%),B:30.8(1.20%),P:1e-12	Tpos:148.7,Tstd:56.9,Bpos:120.4,Bstd:60.7,StrandBias:-0.5,Multiplicity:1.05
0.711	0.184	0.052	0.053
0.071	0.001	0.027	0.901
0.306	0.028	0.054	0.612
0.100	0.106	0.742	0.052
0.052	0.134	0.762	0.052
0.078	0.587	0.052	0.283
0.071	0.131	0.178	0.620
0.052	0.238	0.658	0.052
0.026	0.026	0.411	0.537
0.851	0.078	0.026	0.045
>AACCGCAAGC	4-AACCGCAAGC	10.347704	-28.455896	0	T:14.0(6.31%),B:10.9(0.42%),P:1e-12	Tpos:96.2,Tstd:50.5,Bpos:172.6,Bstd:60.8,StrandBias:-1.3,Multiplicity:1.00
0.919	0.001	0.001	0.079
0.997	0.001	0.001	0.001
0.079	0.919	0.001	0.001
0.079	0.919	0.001	0.001
0.058	0.001	0.940	0.001
0.001	0.960	0.038	0.001
0.760	0.080	0.080	0.080
0.997	0.001	0.001	0.001
0.033	0.001	0.886	0.080
0.001	0.738	0.080	0.181
>TATTCCACGG	5-TATTCCACGG	10.652162	-26.890127	0	T:12.0(5.41%),B:7.4(0.29%),P:1e-11	Tpos:144.0,Tstd:63.6,Bpos:92.8,Bstd:66.3,StrandBias:0.3,Multiplicity:1.00
0.001	0.099	0.001	0.899
0.799	0.100	0.001	0.100
0.100	0.001	0.100	0.799
0.001	0.001	0.001	0.997
0.001	0.899	0.001	0.099
0.099	0.899	0.001	0.001
0.997	0.001	0.001	0.001
0.001	0.997	0.001	0.001
0.100	0.100	0.799	0.001
0.001	0.001	0.997	0.001
>GAGGGTTTCA	6-GAGGGTTTCA	10.616381	-26.890127	0	T:12.0(5.41%),B:7.4(0.29%),P:1e-11	Tpos:142.2,Tstd:63.6,Bpos:130.4,Bstd:73.9,StrandBias:0.0,Multiplicity:1.00
0.001	0.001	0.997	0.001
0.778	0.001	0.220	0.001
0.096	0.001	0.902	0.001
0.096	0.001	0.902	0.001
0.001	0.097	0.805	0.097
0.001	0.001	0.001	0.997
0.001	0.001	0.001	0.997
0.001	0.097	0.097	0.805
0.096	0.902	0.001	0.001
0.997	0.001	0.001	0.001
>CGCGGTCCGC	7-CGCGGTCCGC	7.559077	-25.318961	0	T:22.0(9.91%),B:40.3(1.56%),P:1e-10	Tpos:116.0,Tstd:66.8,Bpos:129.9,Bstd:75.9,StrandBias:0.4,Multiplicity:1.14
0.046	0.802	0.001	0.151
0.098	0.144	0.712	0.046
0.138	0.769	0.092	0.001
0.093	0.001	0.905	0.001
0.185	0.151	0.555	0.109
0.091	0.001	0.001	0.907
0.001	0.815	0.046	0.138
0.001	0.855	0.001	0.143
0.138	0.092	0.769	0.001
0.001	0.907	0.001	0.091
>TGAGGTGGAT	8-TGAGGTGGAT	9.542568	-25.008729	0	T:14.0(6.31%),B:13.2(0.51%),P:1e-10	Tpos:150.0,Tstd:83.8,Bpos:136.3,Bstd:69.9,StrandBias:0.4,Multiplicity:1.00
0.001	0.001	0.001	0.997
0.001	0.001	0.843	0.155
0.513	0.165	0.001	0.321
0.001	0.001	0.997	0.001
0.001	0.001	0.997	0.001
0.001	0.001	0.155	0.843
0.165	0.165	0.669	0.001
0.155	0.001	0.843	0.001
0.997	0.001	0.001	0.001
0.165	0.001	0.009	0.825
>CGGCCGCAAT	9-CGGCCGCAAT	8.172214	-24.778034	0	T:16.0(7.21%),B:19.4(0.75%),P:1e-10	Tpos:146.2,Tstd:58.5,Bpos:113.1,Bstd:73.8,StrandBias:-0.2,Multiplicity:1.06
0.141	0.610	0.108	0.141
0.178	0.035	0.717	0.070
0.143	0.035	0.752	0.070
0.035	0.894	0.070	0.001
0.001	0.929	0.069	0.001
0.106	0.070	0.718	0.106
0.035	0.895	0.035	0.035
0.889	0.075	0.035	0.001
0.719	0.035	0.070	0.176
0.070	0.035	0.001	0.894
>AACCACTAAA	10-AACCACTAAA	8.258672	-24.413929	0	T:35.0(15.77%),B:109.0(4.23%),P:1e-10	Tpos:131.9,Tstd:60.1,Bpos:124.9,Bstd:69.9,StrandBias:-0.2,Multiplicity:1.12
0.896	0.001	0.102	0.001
0.666	0.206	0.127	0.001
0.001	0.896	0.102	0.001
0.159	0.839	0.001	0.001
0.942	0.001	0.056	0.001
0.179	0.774	0.046	0.001
0.001	0.001	0.140	0.858
0.593	0.192	0.001	0.214
0.793	0.001	0.001	0.205
0.739	0.089	0.001	0.171
>TAATCTGCTC	11-TAATCTGCTC	10.811970	-23.846903	0	T:11.0(4.95%),B:7.5(0.29%),P:1e-10	Tpos:101.0,Tstd:57.2,Bpos:111.1,Bstd:75.3,StrandBias:0.5,Multiplicity:1.09
0.120	0.001	0.001	0.878
0.997	0.001	0.001	0.001
0.997	0.001	0.001	0.001
0.001	0.001	0.001	0.997
0.001	0.997	0.001	0.001
0.001	0.001	0.001	0.997
0.001	0.001	0.878	0.120
0.121	0.604	0.001	0.274
0.001	0.001	0.001	0.997
0.121	0.757	0.001	0.121
>CATTGGTCAC	12-CATTGGTCAC	11.606330	-21.079131	0	T:7.0(3.15%),B:2.9(0.11%),P:1e-9	Tpos:117.1,Tstd:59.8,Bpos:110.3,Bstd:22.7,StrandBias:0.4,Multiplicity:1.00
0.001	0.997	0.001	0.001
0.850	0.001	0.001	0.148
0.001	0.001	0.001	0.997
0.001	0.001	0.001	0.997
0.001	0.001	0.850	0.148
0.001	0.001	0.997	0.001
0.001	0.001	0.001	0.997
0.001	0.997	0.001	0.001
0.997	0.001	0.001	0.001
0.001	0.850	0.001	0.148
>TAACACCGGC	13-TAACACCGGC	10.833149	-20.894673	0	T:10.0(4.50%),B:7.0(0.27%),P:1e-9	Tpos:141.5,Tstd:75.0,Bpos:152.6,Bstd:72.0,StrandBias:-0.6,Multiplicity:1.00
0.120	0.001	0.001	0.878
0.997	0.001	0.001	0.001
0.878	0.001	0.001	0.120
0.001	0.997	0.001	0.001
0.997	0.001	0.001	0.001
0.001	0.878	0.120	0.001
0.001	0.997	0.001	0.001
0.001	0.001	0.878	0.120
0.001	0.001	0.997	0.001
0.001	0.604	0.274	0.121
>GATGAATATA	14-GATGAATATA	10.617002	-19.633952	0	T:10.0(4.50%),B:8.3(0.32%),P:1e-8	Tpos:99.5,Tstd:56.4,Bpos:150.2,Bstd:70.5,StrandBias:1.4,Multiplicity:1.10
0.001	0.001	0.997	0.001
0.997	0.001	0.001	0.001
0.001	0.001	0.001	0.997
0.001	0.001	0.997	0.001
0.793	0.103	0.001	0.103
0.793	0.103	0.103	0.001
0.380	0.001	0.001	0.618
0.997	0.001	0.001	0.001
0.001	0.001	0.001	0.997
0.896	0.001	0.102	0.001
>AAGTACATTA	15-AAGTACATTA	11.606330	-19.553352	0	T:8.0(3.60%),B:4.4(0.17%),P:1e-8	Tpos:101.4,Tstd:84.5,Bpos:156.1,Bstd:57.4,StrandBias:-0.7,Multiplicity:1.00
0.997	0.001	0.001	0.001
0.997	0.001	0.001	0.001
0.001	0.001	0.997	0.001
0.001	0.001	0.001	0.997
0.997	0.001	0.001	0.001
0.001	0.850	0.148	0.001
0.850	0.001	0.148	0.001
0.001	0.001	0.001	0.997
0.001	0.001	0.001	0.997
0.850	0.001	0.001	0.148
>TTACTGATTT	16-TTACTGATTT	10.004555	-19.309091	0	T:17.0(7.66%),B:32.1(1.24%),P:1e-8	Tpos:134.8,Tstd:60.1,Bpos:131.1,Bstd:79.6,StrandBias:0.2,Multiplicity:1.12
0.001	0.001	0.076	0.922
0.076	0.001	0.001	0.922
0.997	0.001	0.001	0.001
0.094	0.904	0.001	0.001
0.056	0.001	0.001	0.942
0.077	0.057	0.732	0.134
0.865	0.001	0.077	0.057
0.077	0.077	0.001	0.845
0.076	0.001	0.001	0.922
0.001	0.001	0.001	0.997
>ATATCTTACA	17-ATATCTTACA	10.296193	-17.163389	0	T:5.0(2.25%),B:0.6(0.02%),P:1e-7	Tpos:98.6,Tstd:56.2,Bpos:51.0,Bstd:0.0,StrandBias:-0.6,Multiplicity:1.00
0.700	0.100	0.100	0.100
0.100	0.100	0.100	0.700
0.700	0.100	0.100	0.100
0.100	0.100	0.100	0.700
0.100	0.700	0.100	0.100
0.100	0.100	0.100	0.700
0.100	0.100	0.100	0.700
0.700	0.100	0.100	0.100
0.100	0.700	0.100	0.100
0.700	0.100	0.100	0.100
>ACTGCTTATT	18-ACTGCTTATT	10.012009	-16.382453	0	T:12.0(5.41%),B:18.3(0.71%),P:1e-7	Tpos:129.9,Tstd:71.9,Bpos:97.7,Bstd:71.0,StrandBias:0.9,Multiplicity:1.42
0.740	0.180	0.001	0.079
0.058	0.940	0.001	0.001
0.001	0.001	0.078	0.920
0.078	0.001	0.920	0.001
0.180	0.740	0.079	0.001
0.001	0.001	0.001	0.997
0.058	0.001	0.001	0.940
0.920	0.001	0.078	0.001
0.001	0.001	0.001	0.997
0.078	0.001	0.001	0.920
>AACGTCATAA	19-AACGTCATAA	12.284733	-14.983329	0	T:6.0(2.70%),B:3.8(0.15%),P:1e-6	Tpos:113.8,Tstd:59.6,Bpos:176.7,Bstd:47.9,StrandBias:0.0,Multiplicity:1.00
0.997	0.001	0.001	0.001
0.997	0.001	0.001	0.001
0.001	0.997	0.001	0.001
0.001	0.001	0.997	0.001
0.001	0.001	0.001	0.997
0.001	0.997	0.001	0.001
0.997	0.001	0.001	0.001
0.212	0.001	0.001	0.786
0.997	0.001	0.001	0.001
0.997	0.001	0.001	0.001
>TGGCCACAGG	20-TGGCCACAGG	7.835874	-14.788986	0	T:22.0(9.91%),B:72.2(2.80%),P:1e-6	Tpos:119.1,Tstd:50.7,Bpos:128.4,Bstd:53.5,StrandBias:-0.6,Multiplicity:1.36
0.040	0.030	0.046	0.884
0.100	0.085	0.649	0.166
0.069	0.029	0.852	0.050
0.087	0.796	0.030	0.087
0.058	0.826	0.058	0.058
0.953	0.001	0.045	0.001
0.231	0.680	0.088	0.001
0.812	0.029	0.158	0.001
0.195	0.029	0.689	0.087
0.058	0.058	0.868	0.016
>TACCCACCAC	21-TACCCACCAC	10.786060	-13.767619	0	T:5.0(2.25%),B:2.7(0.11%),P:1e-5	Tpos:103.8,Tstd:65.7,Bpos:149.5,Bstd:38.7,StrandBias:1.6,Multiplicity:1.60
0.001	0.001	0.001	0.997
0.582	0.416	0.001	0.001
0.001	0.997	0.001	0.001
0.139	0.859	0.001	0.001
0.001	0.997	0.001	0.001
0.997	0.001	0.001	0.001
0.001	0.997	0.001	0.001
0.001	0.582	0.001	0.416
0.997	0.001	0.001	0.001
0.001	0.997	0.001	0.001
>TAAGTCGACT	22-TAAGTCGACT	10.909732	-12.673252	0	T:7.0(3.15%),B:7.5(0.29%),P:1e-5	Tpos:123.1,Tstd:51.4,Bpos:165.3,Bstd:63.0,StrandBias:0.6,Multiplicity:1.17
0.001	0.001	0.107	0.891
0.891	0.001	0.107	0.001
0.997	0.001	0.001	0.001
0.001	0.001	0.891	0.107
0.001	0.001	0.001	0.997
0.001	0.891	0.107	0.001
0.001	0.001	0.997	0.001
0.891	0.001	0.001	0.107
0.108	0.783	0.001	0.108
0.001	0.001	0.001	0.997
>GTTTTTTTTT	23-GTTTTTTTTT	8.384995	-11.217342	0	T:43.0(19.37%),B:254.8(9.88%),P:1e-4	Tpos:93.6,Tstd:84.1,Bpos:120.0,Bstd:92.2,StrandBias:1.0,Multiplicity:1.10
0.001	0.001	0.742	0.256
0.122	0.001	0.079	0.798
0.018	0.001	0.038	0.943
0.001	0.001	0.230	0.768
0.001	0.001	0.001	0.997
0.023	0.001	0.001	0.975
0.092	0.001	0.001	0.906
0.001	0.001	0.001	0.997
0.020	0.001	0.036	0.943
0.001	0.001	0.023	0.975
