>RTACAATAGC	1-RTACAATAGC	9.326897	-41.487102	0	T:17.0(18.68%),B:19.2(0.79%),P:1e-18	Tpos:138.7,Tstd:69.5,Bpos:139.9,Bstd:79.3,StrandBias:-0.5,Multiplicity:1.12
0.480	0.001	0.518	0.001
0.001	0.308	0.001	0.690
0.603	0.198	0.001	0.198
0.001	0.997	0.001	0.001
0.997	0.001	0.001	0.001
0.997	0.001	0.001	0.001
0.001	0.001	0.001	0.997
0.801	0.001	0.197	0.001
0.203	0.001	0.697	0.099
0.177	0.821	0.001	0.001
>CTTTTGTYTY	2-CTTTTGTYTY	9.319576	-36.066619	0	T:26.0(28.57%),B:90.7(3.72%),P:1e-15	Tpos:109.2,Tstd:65.5,Bpos:149.1,Bstd:93.3,StrandBias:0.0,Multiplicity:1.08
0.001	0.891	0.056	0.052
0.001	0.104	0.001	0.894
0.001	0.010	0.001	0.988
0.001	0.001	0.001	0.997
0.016	0.001	0.001	0.982
0.001	0.208	0.733	0.058
0.001	0.001	0.001	0.997
0.001	0.500	0.001	0.498
0.104	0.095	0.024	0.777
0.001	0.450	0.132	0.418
>AACAATGGTT	3-AACAATGGTT	10.869397	-33.006331	0	T:9.0(9.89%),B:3.9(0.16%),P:1e-14	Tpos:137.6,Tstd:60.4,Bpos:106.3,Bstd:64.1,StrandBias:-0.3,Multiplicity:1.00
0.789	0.001	0.105	0.105
0.894	0.001	0.001	0.104
0.001	0.997	0.001	0.001
0.997	0.001	0.001	0.001
0.894	0.001	0.104	0.001
0.104	0.001	0.001	0.894
0.001	0.001	0.997	0.001
0.001	0.071	0.865	0.063
0.104	0.001	0.001	0.894
0.001	0.001	0.001	0.997
>CAAAGGAGTT	4-CAAAGGAGTT	7.693334	-26.465305	0	T:25.0(27.47%),B:125.2(5.13%),P:1e-11	Tpos:110.2,Tstd:62.3,Bpos:128.2,Bstd:84.8,StrandBias:0.3,Multiplicity:1.23
0.051	0.804	0.097	0.048
0.903	0.048	0.048	0.001
0.902	0.001	0.096	0.001
0.900	0.001	0.001	0.098
0.242	0.001	0.709	0.048
0.097	0.172	0.692	0.039
0.805	0.001	0.193	0.001
0.184	0.001	0.718	0.097
0.099	0.220	0.001	0.680
0.001	0.001	0.096	0.902
>GMTGTGGGGC	5-GMTGTGGGGC	7.557588	-24.461219	0	T:17.0(18.68%),B:56.0(2.29%),P:1e-10	Tpos:151.5,Tstd:50.3,Bpos:113.1,Bstd:67.8,StrandBias:0.5,Multiplicity:1.06
0.215	0.108	0.569	0.108
0.322	0.461	0.001	0.216
0.001	0.005	0.001	0.993
0.005	0.001	0.993	0.001
0.215	0.107	0.001	0.677
0.113	0.001	0.880	0.006
0.108	0.120	0.664	0.108
0.108	0.006	0.772	0.114
0.006	0.006	0.987	0.001
0.001	0.968	0.001	0.030
>AGAGAATAGS	6-AGAGAATAGS	9.913211	-24.283619	0	T:11.0(12.09%),B:16.2(0.66%),P:1e-10	Tpos:117.5,Tstd:58.9,Bpos:118.6,Bstd:75.1,StrandBias:-1.4,Multiplicity:1.00
0.997	0.001	0.001	0.001
0.278	0.001	0.720	0.001
0.829	0.001	0.169	0.001
0.001	0.278	0.524	0.197
0.997	0.001	0.001	0.001
0.829	0.001	0.169	0.001
0.001	0.001	0.001	0.997
0.829	0.169	0.001	0.001
0.169	0.001	0.829	0.001
0.001	0.463	0.535	0.001
>TCGACACAAA	7-TCGACACAAA	11.547168	-24.178287	0	T:7.0(7.69%),B:3.7(0.15%),P:1e-10	Tpos:144.6,Tstd:62.3,Bpos:220.3,Bstd:16.7,StrandBias:-0.4,Multiplicity:1.00
0.001	0.001	0.001	0.997
0.001	0.916	0.082	0.001
0.001	0.001	0.997	0.001
0.997	0.001	0.001	0.001
0.001	0.997	0.001	0.001
0.844	0.154	0.001	0.001
0.001	0.844	0.001	0.154
0.997	0.001	0.001	0.001
0.997	0.001	0.001	0.001
0.844	0.154	0.001	0.001
>CAATGAAGCG	8-CAATGAAGCG	7.550169	-23.708669	0	T:19.0(20.88%),B:76.6(3.14%),P:1e-10	Tpos:118.6,Tstd:61.7,Bpos:136.6,Bstd:77.1,StrandBias:-0.1,Multiplicity:1.11
0.127	0.568	0.001	0.304
0.772	0.091	0.046	0.091
0.731	0.095	0.036	0.138
0.127	0.091	0.001	0.781
0.047	0.129	0.778	0.046
0.832	0.046	0.091	0.031
0.935	0.001	0.001	0.063
0.046	0.047	0.843	0.064
0.001	0.908	0.090	0.001
0.046	0.046	0.862	0.046
>ATTCAGTCGA	9-ATTCAGTCGA	6.919602	-22.852746	0	T:26.0(28.57%),B:161.7(6.63%),P:1e-9	Tpos:132.0,Tstd:63.1,Bpos:125.7,Bstd:81.0,StrandBias:0.4,Multiplicity:1.09
0.831	0.042	0.085	0.042
0.001	0.001	0.042	0.956
0.044	0.001	0.044	0.911
0.084	0.873	0.001	0.042
0.831	0.084	0.001	0.084
0.113	0.085	0.675	0.127
0.042	0.127	0.086	0.745
0.127	0.589	0.169	0.115
0.155	0.042	0.730	0.073
0.874	0.042	0.042	0.042
>GGCTGATGCG	10-GGCTGATGCG	9.306792	-22.376822	0	T:6.0(6.59%),B:2.4(0.10%),P:1e-9	Tpos:101.2,Tstd:54.6,Bpos:147.6,Bstd:44.4,StrandBias:0.0,Multiplicity:1.00
0.009	0.001	0.832	0.158
0.001	0.001	0.840	0.158
0.317	0.524	0.001	0.158
0.001	0.001	0.158	0.840
0.001	0.009	0.989	0.001
0.514	0.317	0.001	0.168
0.001	0.001	0.001	0.997
0.001	0.001	0.831	0.167
0.001	0.840	0.001	0.158
0.001	0.158	0.840	0.001
>ATTAACATTG	11-ATTAACATTG	9.945068	-20.961647	0	T:11.0(12.09%),B:22.4(0.92%),P:1e-9	Tpos:111.4,Tstd:56.8,Bpos:135.8,Bstd:91.4,StrandBias:-1.0,Multiplicity:1.00
0.870	0.128	0.001	0.001
0.128	0.001	0.001	0.870
0.001	0.001	0.001	0.997
0.742	0.001	0.256	0.001
0.912	0.001	0.086	0.001
0.001	0.997	0.001	0.001
0.997	0.001	0.001	0.001
0.128	0.001	0.001	0.870
0.102	0.001	0.150	0.747
0.001	0.128	0.870	0.001
>TGATCGGAAT	12-TGATCGGAAT	11.418612	-17.932634	0	T:5.0(5.49%),B:2.7(0.11%),P:1e-7	Tpos:107.3,Tstd:61.6,Bpos:173.1,Bstd:49.3,StrandBias:2.6,Multiplicity:1.40
0.001	0.001	0.001	0.997
0.001	0.001	0.997	0.001
0.997	0.001	0.001	0.001
0.001	0.001	0.001	0.997
0.001	0.807	0.191	0.001
0.001	0.001	0.575	0.423
0.001	0.191	0.807	0.001
0.997	0.001	0.001	0.001
0.997	0.001	0.001	0.001
0.001	0.001	0.001	0.997
>TTATGCATCA	13-TTATGCATCA	8.882934	-17.065218	0	T:10.0(10.99%),B:25.5(1.05%),P:1e-7	Tpos:148.2,Tstd:51.6,Bpos:116.8,Bstd:76.4,StrandBias:1.0,Multiplicity:1.20
0.001	0.001	0.001	0.997
0.144	0.001	0.001	0.854
0.678	0.320	0.001	0.001
0.001	0.001	0.001	0.997
0.001	0.001	0.997	0.001
0.001	0.997	0.001	0.001
0.854	0.001	0.001	0.144
0.001	0.001	0.144	0.854
0.001	0.900	0.098	0.001
0.997	0.001	0.001	0.001
>SCTGACGTGT	14-SCTGACGTGT	8.971311	-16.878519	0	T:9.0(9.89%),B:19.8(0.81%),P:1e-7	Tpos:111.8,Tstd:52.7,Bpos:150.5,Bstd:81.9,StrandBias:-1.2,Multiplicity:1.11
0.001	0.519	0.479	0.001
0.232	0.465	0.001	0.302
0.001	0.001	0.001	0.997
0.001	0.001	0.997	0.001
0.997	0.001	0.001	0.001
0.001	0.766	0.232	0.001
0.069	0.001	0.929	0.001
0.001	0.001	0.001	0.997
0.001	0.001	0.997	0.001
0.001	0.001	0.001	0.997
>TTATGCAATG	15-TTATGCAATG	8.350283	-16.738486	0	T:14.0(15.38%),B:61.0(2.50%),P:1e-7	Tpos:132.9,Tstd:62.8,Bpos:154.5,Bstd:86.0,StrandBias:0.4,Multiplicity:1.00
0.100	0.100	0.100	0.700
0.100	0.100	0.100	0.700
0.700	0.100	0.100	0.100
0.100	0.100	0.100	0.700
0.100	0.100	0.700	0.100
0.100	0.700	0.100	0.100
0.700	0.100	0.100	0.100
0.700	0.100	0.100	0.100
0.100	0.100	0.100	0.700
0.100	0.100	0.700	0.100
>WCTATCGATA	16-WCTATCGATA	11.034435	-13.681603	0	T:4.0(4.40%),B:2.5(0.10%),P:1e-5	Tpos:160.3,Tstd:60.1,Bpos:106.6,Bstd:40.3,StrandBias:0.0,Multiplicity:1.50
0.456	0.001	0.001	0.542
0.001	0.870	0.128	0.001
0.001	0.001	0.001	0.997
0.997	0.001	0.001	0.001
0.001	0.001	0.001	0.997
0.001	0.870	0.128	0.001
0.001	0.001	0.997	0.001
0.997	0.001	0.001	0.001
0.001	0.001	0.001	0.997
0.997	0.001	0.001	0.001
>TGCTTACATG	17-TGCTTACATG	7.714622	-13.212654	0	T:20.0(21.98%),B:162.8(6.68%),P:1e-5	Tpos:122.6,Tstd:75.9,Bpos:126.0,Bstd:86.0,StrandBias:-0.1,Multiplicity:1.15
0.130	0.046	0.001	0.823
0.001	0.001	0.906	0.092
0.140	0.720	0.047	0.093
0.037	0.001	0.046	0.916
0.001	0.046	0.046	0.907
0.544	0.093	0.270	0.093
0.001	0.830	0.039	0.130
0.859	0.001	0.139	0.001
0.132	0.001	0.001	0.866
0.214	0.047	0.646	0.093
>AAGAATAAGA	18-AAGAATAAGA	13.706932	-11.716305	0	T:3.0(3.30%),B:1.2(0.05%),P:1e-5	Tpos:122.2,Tstd:60.6,Bpos:34.5,Bstd:0.5,StrandBias:-0.6,Multiplicity:1.67
0.997	0.001	0.001	0.001
0.997	0.001	0.001	0.001
0.001	0.001	0.997	0.001
0.997	0.001	0.001	0.001
0.997	0.001	0.001	0.001
0.001	0.001	0.001	0.997
0.997	0.001	0.001	0.001
0.997	0.001	0.001	0.001
0.119	0.001	0.879	0.001
0.997	0.001	0.001	0.001
>CTTTTTTTTT	19-CTTTTTTTTT	10.694865	-10.073565	0	T:11.0(12.09%),B:67.0(2.75%),P:1e-4	Tpos:98.5,Tstd:83.6,Bpos:111.6,Bstd:98.9,StrandBias:-0.5,Multiplicity:1.00
0.001	0.910	0.001	0.088
0.001	0.158	0.115	0.726
0.001	0.001	0.144	0.854
0.001	0.001	0.001	0.997
0.001	0.221	0.001	0.777
0.001	0.001	0.001	0.997
0.168	0.001	0.001	0.830
0.001	0.259	0.001	0.739
0.001	0.001	0.001	0.997
0.001	0.001	0.001	0.997
>GTTTGATTAT	20-GTTTGATTAT	12.206261	-8.812732	0	T:4.0(4.40%),B:7.8(0.32%),P:1e-3	Tpos:138.3,Tstd:63.5,Bpos:112.5,Bstd:62.7,StrandBias:10.0,Multiplicity:1.75
0.001	0.001	0.997	0.001
0.001	0.001	0.001	0.997
0.001	0.001	0.001	0.997
0.001	0.001	0.001	0.997
0.001	0.001	0.997	0.001
0.997	0.001	0.001	0.001
0.196	0.001	0.001	0.802
0.001	0.001	0.001	0.997
0.997	0.001	0.001	0.001
0.001	0.001	0.001	0.997
>AGAGGGTAGT	21-AGAGGGTAGT	10.296193	-7.304648	0	T:2.0(2.20%),B:0.6(0.02%),P:1e-3	Tpos:150.8,Tstd:40.5,Bpos:195.0,Bstd:0.0,StrandBias:2.0,Multiplicity:2.50
0.700	0.100	0.100	0.100
0.100	0.100	0.700	0.100
0.700	0.100	0.100	0.100
0.100	0.100	0.700	0.100
0.100	0.100	0.700	0.100
0.100	0.100	0.700	0.100
0.100	0.100	0.100	0.700
0.700	0.100	0.100	0.100
0.100	0.100	0.700	0.100
0.100	0.100	0.100	0.700
>GTGTAACTAC	22-GTGTAACTAC	7.699598	-5.155829	0	T:2.0(2.20%),B:3.7(0.15%),P:1e-2	Tpos:122.9,Tstd:87.1,Bpos:121.6,Bstd:59.9,StrandBias:0.0,Multiplicity:2.50
0.001	0.173	0.825	0.001
0.001	0.001	0.001	0.997
0.001	0.001	0.997	0.001
0.057	0.001	0.001	0.941
0.997	0.001	0.001	0.001
0.767	0.001	0.231	0.001
0.001	0.941	0.001	0.057
0.001	0.001	0.001	0.997
0.997	0.001	0.001	0.001
0.001	0.997	0.001	0.001
