>KACAAWGG	1-KACAAWGG	6.769007	-40.634190	0	T:45.0(49.45%),B:292.0(11.98%),P:1e-17	Tpos:125.9,Tstd:61.9,Bpos:132.1,Bstd:81.6,StrandBias:-0.2,Multiplicity:1.24
0.072	0.085	0.409	0.434
0.997	0.001	0.001	0.001
0.001	0.932	0.066	0.001
0.997	0.001	0.001	0.001
0.997	0.001	0.001	0.001
0.489	0.001	0.001	0.509
0.076	0.001	0.922	0.001
0.001	0.001	0.997	0.001
>GAACAATA	2-GAACAATA	7.555917	-23.729601	0	T:32.0(35.16%),B:238.8(9.79%),P:1e-10	Tpos:118.4,Tstd:60.7,Bpos:127.0,Bstd:86.2,StrandBias:-0.5,Multiplicity:1.26
0.211	0.001	0.787	0.001
0.823	0.110	0.066	0.001
0.975	0.001	0.023	0.001
0.001	0.836	0.162	0.001
0.898	0.100	0.001	0.001
0.997	0.001	0.001	0.001
0.001	0.001	0.001	0.997
0.772	0.023	0.185	0.020
>AACAAAAG	3-AACAAAAG	6.792283	-23.562660	0	T:38.0(41.76%),B:336.6(13.80%),P:1e-10	Tpos:115.8,Tstd:73.8,Bpos:128.5,Bstd:96.5,StrandBias:0.3,Multiplicity:1.37
0.925	0.073	0.001	0.001
0.964	0.001	0.034	0.001
0.001	0.627	0.164	0.208
0.997	0.001	0.001	0.001
0.997	0.001	0.001	0.001
0.940	0.058	0.001	0.001
0.997	0.001	0.001	0.001
0.001	0.001	0.997	0.001
>GACAAAGC	4-GACAAAGC	7.418302	-20.349182	0	T:21.0(23.08%),B:116.0(4.76%),P:1e-8	Tpos:118.7,Tstd:74.7,Bpos:136.8,Bstd:88.5,StrandBias:-0.3,Multiplicity:1.05
0.001	0.324	0.598	0.077
0.961	0.001	0.037	0.001
0.050	0.948	0.001	0.001
0.931	0.067	0.001	0.001
0.997	0.001	0.001	0.001
0.959	0.001	0.039	0.001
0.001	0.001	0.997	0.001
0.001	0.997	0.001	0.001
>TTATTCAG	5-TTATTCAG	4.236641	-19.153826	0	T:41.0(45.05%),B:448.4(18.39%),P:1e-8	Tpos:119.9,Tstd:61.0,Bpos:124.8,Bstd:79.7,StrandBias:0.1,Multiplicity:1.39
0.088	0.001	0.202	0.709
0.001	0.072	0.016	0.911
0.917	0.001	0.081	0.001
0.027	0.003	0.001	0.969
0.001	0.001	0.244	0.754
0.001	0.997	0.001	0.001
0.997	0.001	0.001	0.001
0.001	0.001	0.997	0.001
>CGGAATGC	6-CGGAATGC	8.501117	-17.461075	0	T:11.0(12.09%),B:31.6(1.30%),P:1e-7	Tpos:146.7,Tstd:64.0,Bpos:118.0,Bstd:70.5,StrandBias:1.4,Multiplicity:1.00
0.001	0.749	0.001	0.249
0.001	0.001	0.997	0.001
0.001	0.001	0.997	0.001
0.997	0.001	0.001	0.001
0.997	0.001	0.001	0.001
0.001	0.001	0.001	0.997
0.001	0.001	0.997	0.001
0.001	0.691	0.001	0.307
>ACTGAAGC	7-ACTGAAGC	6.762583	-14.708033	0	T:25.0(27.47%),B:223.7(9.17%),P:1e-6	Tpos:109.4,Tstd:68.3,Bpos:116.9,Bstd:75.8,StrandBias:-0.5,Multiplicity:1.16
0.899	0.042	0.058	0.001
0.081	0.795	0.036	0.088
0.001	0.112	0.040	0.847
0.001	0.037	0.961	0.001
0.808	0.045	0.001	0.146
0.880	0.001	0.068	0.051
0.001	0.001	0.997	0.001
0.001	0.913	0.054	0.032
>GCATGACT	8-GCATGACT	8.236954	-14.238112	0	T:6.0(6.59%),B:8.4(0.34%),P:1e-6	Tpos:144.8,Tstd:43.1,Bpos:127.4,Bstd:60.3,StrandBias:1.0,Multiplicity:1.00
0.100	0.100	0.700	0.100
0.100	0.700	0.100	0.100
0.700	0.100	0.100	0.100
0.100	0.100	0.100	0.700
0.100	0.100	0.700	0.100
0.700	0.100	0.100	0.100
0.100	0.700	0.100	0.100
0.100	0.100	0.100	0.700
>AWCAAAGA	9-AWCAAAGA	8.021534	-13.229481	0	T:21.0(23.08%),B:177.3(7.27%),P:1e-5	Tpos:118.6,Tstd:65.6,Bpos:134.4,Bstd:86.8,StrandBias:0.2,Multiplicity:1.33
0.866	0.132	0.001	0.001
0.555	0.001	0.001	0.443
0.001	0.997	0.001	0.001
0.997	0.001	0.001	0.001
0.644	0.354	0.001	0.001
0.997	0.001	0.001	0.001
0.001	0.001	0.997	0.001
0.997	0.001	0.001	0.001
>GBACCGTG	10-GBACCGTG	6.167033	-12.952029	0	T:23.0(25.27%),B:212.2(8.70%),P:1e-5	Tpos:134.0,Tstd:65.7,Bpos:126.1,Bstd:70.2,StrandBias:-0.5,Multiplicity:1.39
0.199	0.125	0.675	0.001
0.001	0.332	0.268	0.399
0.983	0.015	0.001	0.001
0.057	0.650	0.077	0.216
0.217	0.778	0.001	0.004
0.001	0.225	0.600	0.174
0.001	0.001	0.069	0.929
0.001	0.009	0.989	0.001
>TTTGATTA	11-TTTGATTA	9.494286	-9.097369	0	T:16.0(17.58%),B:148.3(6.08%),P:1e-3	Tpos:121.3,Tstd:69.1,Bpos:124.8,Bstd:89.8,StrandBias:1.2,Multiplicity:1.25
0.001	0.001	0.001	0.997
0.001	0.001	0.001	0.997
0.001	0.001	0.001	0.997
0.001	0.001	0.997	0.001
0.997	0.001	0.001	0.001
0.207	0.001	0.001	0.791
0.001	0.001	0.001	0.997
0.997	0.001	0.001	0.001
>CTATCGAT	12-CTATCGAT	8.236954	-6.995790	0	T:3.0(3.30%),B:6.0(0.25%),P:1e-3	Tpos:125.4,Tstd:73.6,Bpos:95.9,Bstd:68.8,StrandBias:0.0,Multiplicity:1.67
0.100	0.700	0.100	0.100
0.100	0.100	0.100	0.700
0.700	0.100	0.100	0.100
0.100	0.100	0.100	0.700
0.100	0.700	0.100	0.100
0.100	0.100	0.700	0.100
0.700	0.100	0.100	0.100
0.100	0.100	0.100	0.700
>AGGGTAGT	13-AGGGTAGT	8.236954	-6.995790	0	T:3.0(3.30%),B:5.7(0.23%),P:1e-3	Tpos:164.3,Tstd:47.2,Bpos:110.4,Bstd:55.2,StrandBias:2.3,Multiplicity:2.00
0.700	0.100	0.100	0.100
0.100	0.100	0.700	0.100
0.100	0.100	0.700	0.100
0.100	0.100	0.700	0.100
0.100	0.100	0.100	0.700
0.700	0.100	0.100	0.100
0.100	0.100	0.700	0.100
0.100	0.100	0.100	0.700
