>GTTGCCAT	1-GTTGCCAT	5.535331	-53.105133	0	T:219.0(45.15%),B:562.8(24.28%),P:1e-23	Tpos:124.9,Tstd:60.7,Bpos:124.4,Bstd:67.4,StrandBias:-0.1,Multiplicity:1.37
0.021	0.001	0.977	0.001
0.001	0.001	0.001	0.997
0.001	0.001	0.001	0.997
0.043	0.034	0.863	0.060
0.001	0.861	0.040	0.098
0.001	0.833	0.025	0.141
0.865	0.001	0.001	0.133
0.077	0.127	0.107	0.689
>ATAAATCA	2-ATAAATCA	8.025931	-46.108168	0	T:125.0(25.77%),B:248.9(10.74%),P:1e-20	Tpos:138.2,Tstd:63.4,Bpos:130.4,Bstd:68.3,StrandBias:-0.2,Multiplicity:1.14
0.865	0.040	0.094	0.001
0.001	0.001	0.001	0.997
0.625	0.222	0.001	0.152
0.997	0.001	0.001	0.001
0.954	0.001	0.044	0.001
0.001	0.001	0.001	0.997
0.001	0.870	0.128	0.001
0.966	0.001	0.032	0.001
>GGTCATTA	3-GGTCATTA	5.855662	-30.637405	0	T:56.0(11.55%),B:84.3(3.64%),P:1e-13	Tpos:113.7,Tstd:51.3,Bpos:137.0,Bstd:74.4,StrandBias:-0.6,Multiplicity:1.06
0.001	0.001	0.997	0.001
0.001	0.001	0.997	0.001
0.001	0.234	0.001	0.764
0.001	0.997	0.001	0.001
0.997	0.001	0.001	0.001
0.001	0.059	0.001	0.939
0.001	0.120	0.001	0.878
0.997	0.001	0.001	0.001
>TCGTTACT	4-TCGTTACT	6.822426	-28.944357	0	T:95.0(19.59%),B:206.5(8.91%),P:1e-12	Tpos:132.7,Tstd:65.3,Bpos:133.5,Bstd:77.6,StrandBias:0.4,Multiplicity:1.07
0.001	0.001	0.001	0.997
0.289	0.539	0.171	0.001
0.078	0.001	0.885	0.036
0.001	0.001	0.001	0.997
0.001	0.001	0.001	0.997
0.826	0.001	0.036	0.137
0.042	0.956	0.001	0.001
0.094	0.070	0.044	0.792
>RGYAATAA	5-RGYAATAA	5.103515	-28.481112	0	T:96.0(19.79%),B:211.1(9.10%),P:1e-12	Tpos:128.0,Tstd:74.4,Bpos:130.2,Bstd:76.0,StrandBias:0.4,Multiplicity:1.12
0.279	0.192	0.410	0.120
0.001	0.157	0.841	0.001
0.238	0.407	0.022	0.333
0.590	0.037	0.015	0.358
0.430	0.085	0.269	0.217
0.124	0.263	0.113	0.499
0.514	0.094	0.276	0.116
0.554	0.223	0.194	0.029
>CCTAGGAY	6-CCTAGGAY	7.141892	-24.639982	0	T:42.0(8.66%),B:60.8(2.62%),P:1e-10	Tpos:128.1,Tstd:56.9,Bpos:121.9,Bstd:70.0,StrandBias:0.0,Multiplicity:1.02
0.022	0.974	0.003	0.001
0.001	0.703	0.195	0.101
0.001	0.001	0.099	0.899
0.956	0.042	0.001	0.001
0.015	0.043	0.931	0.011
0.191	0.245	0.563	0.001
0.946	0.039	0.014	0.001
0.022	0.517	0.001	0.460
>GTTAACGA	7-GTTAACGA	9.687020	-24.201518	0	T:16.0(3.30%),B:8.6(0.37%),P:1e-10	Tpos:128.6,Tstd:65.4,Bpos:126.9,Bstd:77.2,StrandBias:-0.3,Multiplicity:1.00
0.001	0.001	0.997	0.001
0.001	0.251	0.001	0.747
0.001	0.001	0.001	0.997
0.997	0.001	0.001	0.001
0.997	0.001	0.001	0.001
0.001	0.997	0.001	0.001
0.001	0.001	0.997	0.001
0.997	0.001	0.001	0.001
>ATAAATGG	8-ATAAATGG	7.926313	-22.549778	0	T:64.0(13.20%),B:128.2(5.53%),P:1e-9	Tpos:116.8,Tstd:68.1,Bpos:118.1,Bstd:84.4,StrandBias:0.3,Multiplicity:1.03
0.893	0.001	0.105	0.001
0.001	0.099	0.001	0.899
0.997	0.001	0.001	0.001
0.928	0.001	0.070	0.001
0.997	0.001	0.001	0.001
0.001	0.001	0.001	0.997
0.001	0.001	0.761	0.237
0.001	0.001	0.997	0.001
>TAAGACAG	9-TAAGACAG	7.473491	-21.381204	0	T:65.0(13.40%),B:135.6(5.85%),P:1e-9	Tpos:124.9,Tstd:66.0,Bpos:124.6,Bstd:79.5,StrandBias:-0.2,Multiplicity:1.10
0.001	0.001	0.354	0.644
0.776	0.159	0.036	0.029
0.858	0.031	0.001	0.110
0.213	0.001	0.785	0.001
0.818	0.031	0.142	0.009
0.073	0.798	0.081	0.048
0.963	0.030	0.001	0.006
0.001	0.001	0.767	0.231
>AACGACGC	10-AACGACGC	8.236954	-21.086037	0	T:9.0(1.86%),B:2.4(0.11%),P:1e-9	Tpos:120.2,Tstd:53.3,Bpos:150.2,Bstd:43.2,StrandBias:-0.7,Multiplicity:1.00
0.700	0.100	0.100	0.100
0.700	0.100	0.100	0.100
0.100	0.700	0.100	0.100
0.100	0.100	0.700	0.100
0.700	0.100	0.100	0.100
0.100	0.700	0.100	0.100
0.100	0.100	0.700	0.100
0.100	0.700	0.100	0.100
>GATACTAT	11-GATACTAT	8.672261	-18.875490	0	T:42.0(8.66%),B:73.4(3.17%),P:1e-8	Tpos:135.9,Tstd:70.0,Bpos:109.0,Bstd:75.0,StrandBias:0.3,Multiplicity:1.10
0.001	0.001	0.997	0.001
0.997	0.001	0.001	0.001
0.001	0.001	0.001	0.997
0.997	0.001	0.001	0.001
0.001	0.997	0.001	0.001
0.136	0.001	0.137	0.726
0.667	0.001	0.136	0.196
0.001	0.001	0.001	0.997
>CTGACACC	12-CTGACACC	8.824724	-18.782975	0	T:22.0(4.54%),B:23.2(1.00%),P:1e-8	Tpos:120.4,Tstd:52.2,Bpos:121.8,Bstd:53.3,StrandBias:1.0,Multiplicity:1.14
0.001	0.997	0.001	0.001
0.174	0.001	0.001	0.824
0.001	0.001	0.997	0.001
0.837	0.001	0.001	0.161
0.001	0.997	0.001	0.001
0.794	0.204	0.001	0.001
0.001	0.997	0.001	0.001
0.001	0.997	0.001	0.001
>GTCGTCAT	13-GTCGTCAT	7.858192	-17.813808	0	T:25.0(5.15%),B:31.6(1.36%),P:1e-7	Tpos:122.6,Tstd:53.6,Bpos:128.0,Bstd:58.6,StrandBias:-0.1,Multiplicity:1.16
0.001	0.001	0.997	0.001
0.001	0.100	0.001	0.898
0.001	0.997	0.001	0.001
0.001	0.059	0.939	0.001
0.001	0.001	0.059	0.939
0.195	0.803	0.001	0.001
0.997	0.001	0.001	0.001
0.001	0.001	0.001	0.997
>GCGCACAT	14-GCGCACAT	7.262600	-17.566651	0	T:53.0(10.93%),B:110.3(4.76%),P:1e-7	Tpos:126.5,Tstd:61.7,Bpos:124.3,Bstd:62.3,StrandBias:-0.2,Multiplicity:1.19
0.001	0.059	0.918	0.022
0.001	0.997	0.001	0.001
0.039	0.030	0.930	0.001
0.069	0.743	0.067	0.121
0.919	0.001	0.079	0.001
0.001	0.876	0.001	0.122
0.715	0.030	0.206	0.049
0.001	0.068	0.001	0.930
>CGAGCCTA	15-CGAGCCTA	8.236954	-16.172989	0	T:6.0(1.24%),B:1.7(0.07%),P:1e-7	Tpos:92.5,Tstd:79.2,Bpos:4.0,Bstd:0.0,StrandBias:2.3,Multiplicity:1.00
0.100	0.700	0.100	0.100
0.100	0.100	0.700	0.100
0.700	0.100	0.100	0.100
0.100	0.100	0.700	0.100
0.100	0.700	0.100	0.100
0.100	0.700	0.100	0.100
0.100	0.100	0.100	0.700
0.700	0.100	0.100	0.100
>TGATCGCA	16-TGATCGCA	8.940691	-12.333731	0	T:11.0(2.27%),B:9.3(0.40%),P:1e-5	Tpos:130.7,Tstd:51.0,Bpos:122.3,Bstd:55.7,StrandBias:-0.3,Multiplicity:1.00
0.001	0.001	0.001	0.997
0.001	0.001	0.997	0.001
0.879	0.001	0.001	0.119
0.001	0.001	0.001	0.997
0.001	0.997	0.001	0.001
0.001	0.001	0.997	0.001
0.001	0.997	0.001	0.001
0.997	0.001	0.001	0.001
>ATGTAGCG	17-ATGTAGCG	8.713924	-12.204673	0	T:20.0(4.12%),B:29.3(1.26%),P:1e-5	Tpos:126.8,Tstd:51.5,Bpos:129.0,Bstd:55.1,StrandBias:0.9,Multiplicity:1.25
0.997	0.001	0.001	0.001
0.001	0.150	0.001	0.848
0.001	0.001	0.997	0.001
0.001	0.001	0.162	0.836
0.997	0.001	0.001	0.001
0.133	0.001	0.865	0.001
0.001	0.997	0.001	0.001
0.001	0.001	0.997	0.001
>AAAGTTAG	18-AAAGTTAG	9.527543	-12.201244	0	T:14.0(2.89%),B:15.9(0.69%),P:1e-5	Tpos:128.5,Tstd:90.5,Bpos:145.0,Bstd:89.5,StrandBias:-0.4,Multiplicity:1.00
0.997	0.001	0.001	0.001
0.784	0.001	0.214	0.001
0.997	0.001	0.001	0.001
0.001	0.001	0.997	0.001
0.001	0.001	0.001	0.997
0.001	0.001	0.001	0.997
0.997	0.001	0.001	0.001
0.001	0.001	0.997	0.001
>GCTCCGCC	19-GCTCCGCC	8.236954	-12.190322	0	T:6.0(1.24%),B:2.7(0.11%),P:1e-5	Tpos:145.8,Tstd:70.1,Bpos:104.5,Bstd:34.9,StrandBias:-1.0,Multiplicity:1.00
0.100	0.100	0.700	0.100
0.100	0.700	0.100	0.100
0.100	0.100	0.100	0.700
0.100	0.700	0.100	0.100
0.100	0.700	0.100	0.100
0.100	0.100	0.700	0.100
0.100	0.700	0.100	0.100
0.100	0.700	0.100	0.100
>GAGCCCCA	20-GAGCCCCA	5.933701	-11.302688	0	T:23.0(4.74%),B:39.6(1.71%),P:1e-4	Tpos:120.5,Tstd:62.1,Bpos:125.5,Bstd:56.6,StrandBias:0.0,Multiplicity:1.33
0.001	0.001	0.997	0.001
0.997	0.001	0.001	0.001
0.001	0.245	0.753	0.001
0.001	0.997	0.001	0.001
0.031	0.967	0.001	0.001
0.001	0.997	0.001	0.001
0.001	0.770	0.228	0.001
0.997	0.001	0.001	0.001
>CGCGCACT	21-CGCGCACT	8.236954	-10.551779	0	T:12.0(2.47%),B:13.2(0.57%),P:1e-4	Tpos:129.6,Tstd:61.9,Bpos:109.4,Bstd:68.4,StrandBias:0.0,Multiplicity:1.25
0.100	0.700	0.100	0.100
0.100	0.100	0.700	0.100
0.100	0.700	0.100	0.100
0.100	0.100	0.700	0.100
0.100	0.700	0.100	0.100
0.700	0.100	0.100	0.100
0.100	0.700	0.100	0.100
0.100	0.100	0.100	0.700
>GGTCCACC	22-GGTCCACC	8.236954	-10.532747	0	T:7.0(1.44%),B:5.0(0.21%),P:1e-4	Tpos:114.4,Tstd:86.6,Bpos:94.7,Bstd:14.8,StrandBias:-0.3,Multiplicity:1.29
0.100	0.100	0.700	0.100
0.100	0.100	0.700	0.100
0.100	0.100	0.100	0.700
0.100	0.700	0.100	0.100
0.100	0.700	0.100	0.100
0.700	0.100	0.100	0.100
0.100	0.700	0.100	0.100
0.100	0.700	0.100	0.100
>GAGCAATG	23-GAGCAATG	8.236954	-7.992622	0	T:8.0(1.65%),B:9.0(0.39%),P:1e-3	Tpos:145.8,Tstd:66.9,Bpos:122.7,Bstd:84.6,StrandBias:-1.8,Multiplicity:1.29
0.100	0.100	0.700	0.100
0.700	0.100	0.100	0.100
0.100	0.100	0.700	0.100
0.100	0.700	0.100	0.100
0.700	0.100	0.100	0.100
0.700	0.100	0.100	0.100
0.100	0.100	0.100	0.700
0.100	0.100	0.700	0.100
>TGGGTAGT	24-TGGGTAGT	8.236954	-2.796879	0	T:4.0(0.82%),B:7.1(0.31%),P:1e-1	Tpos:112.7,Tstd:59.6,Bpos:145.8,Bstd:77.0,StrandBias:3.0,Multiplicity:2.25
0.100	0.100	0.100	0.700
0.100	0.100	0.700	0.100
0.100	0.100	0.700	0.100
0.100	0.100	0.700	0.100
0.100	0.100	0.100	0.700
0.700	0.100	0.100	0.100
0.100	0.100	0.700	0.100
0.100	0.100	0.100	0.700
>TCCACCAA	25-TCCACCAA	8.236954	-2.209576	0	T:5.0(1.03%),B:12.5(0.54%),P:1e0	Tpos:184.9,Tstd:40.4,Bpos:142.5,Bstd:76.8,StrandBias:-2.7,Multiplicity:3.00
0.100	0.100	0.100	0.700
0.100	0.700	0.100	0.100
0.100	0.700	0.100	0.100
0.700	0.100	0.100	0.100
0.100	0.700	0.100	0.100
0.100	0.700	0.100	0.100
0.700	0.100	0.100	0.100
0.700	0.100	0.100	0.100
