>TTACCATGGCAA	1-TTACCATGGCAA	7.458493	-63.827346	0	T:120.0(24.74%),B:188.4(8.13%),P:1e-27	Tpos:120.2,Tstd:58.4,Bpos:125.0,Bstd:69.8,StrandBias:-0.1,Multiplicity:1.23
0.070	0.157	0.052	0.721
0.244	0.211	0.001	0.544
0.631	0.089	0.052	0.228
0.017	0.965	0.001	0.017
0.034	0.598	0.001	0.367
0.895	0.052	0.001	0.052
0.191	0.035	0.018	0.756
0.140	0.034	0.825	0.001
0.245	0.052	0.634	0.069
0.088	0.720	0.105	0.087
0.719	0.035	0.019	0.227
0.913	0.017	0.018	0.052
>GACGTTAACGAT	2-GACGTTAACGAT	10.703334	-47.470575	0	T:14.0(2.89%),B:1.5(0.07%),P:1e-20	Tpos:131.1,Tstd:58.7,Bpos:28.1,Bstd:7.0,StrandBias:0.2,Multiplicity:1.00
0.291	0.086	0.622	0.001
0.706	0.001	0.086	0.207
0.261	0.652	0.001	0.086
0.001	0.086	0.827	0.086
0.001	0.086	0.086	0.827
0.001	0.183	0.001	0.815
0.913	0.085	0.001	0.001
0.988	0.001	0.001	0.010
0.001	0.913	0.085	0.001
0.001	0.001	0.654	0.344
0.997	0.001	0.001	0.001
0.001	0.001	0.001	0.997
>TCTTAGCAACGA	3-TCTTAGCAACGA	10.857292	-45.241340	0	T:16.0(3.30%),B:2.8(0.12%),P:1e-19	Tpos:129.4,Tstd:62.1,Bpos:114.1,Bstd:29.5,StrandBias:0.4,Multiplicity:1.00
0.046	0.001	0.046	0.907
0.046	0.769	0.046	0.139
0.278	0.052	0.052	0.618
0.098	0.092	0.001	0.809
0.814	0.001	0.139	0.046
0.092	0.046	0.861	0.001
0.051	0.902	0.046	0.001
0.862	0.046	0.046	0.046
0.997	0.001	0.001	0.001
0.045	0.953	0.001	0.001
0.001	0.231	0.722	0.046
0.814	0.046	0.001	0.139
>GCACTTTAYAAA	4-GCACTTTAYAAA	10.556672	-45.241340	0	T:16.0(3.30%),B:2.6(0.11%),P:1e-19	Tpos:135.7,Tstd:63.4,Bpos:112.3,Bstd:47.8,StrandBias:0.2,Multiplicity:1.00
0.362	0.001	0.636	0.001
0.238	0.760	0.001	0.001
0.761	0.232	0.006	0.001
0.006	0.992	0.001	0.001
0.001	0.142	0.001	0.856
0.001	0.006	0.239	0.754
0.001	0.001	0.001	0.997
0.753	0.001	0.001	0.245
0.001	0.465	0.122	0.412
0.595	0.403	0.001	0.001
0.867	0.001	0.001	0.131
0.997	0.001	0.001	0.001
>GGGCCATTTATC	5-GGGCCATTTATC	9.070811	-44.886492	0	T:34.0(7.01%),B:20.5(0.89%),P:1e-19	Tpos:114.6,Tstd:55.9,Bpos:116.8,Bstd:62.7,StrandBias:0.8,Multiplicity:1.00
0.103	0.097	0.703	0.097
0.146	0.194	0.563	0.097
0.001	0.048	0.854	0.097
0.005	0.752	0.001	0.242
0.048	0.946	0.001	0.005
0.903	0.048	0.048	0.001
0.001	0.048	0.048	0.903
0.001	0.048	0.001	0.950
0.096	0.001	0.001	0.902
0.854	0.048	0.097	0.001
0.001	0.001	0.096	0.902
0.048	0.800	0.001	0.151
>RAAATTGGTGAC	6-RAAATTGGTGAC	11.707034	-43.239458	0	T:13.0(2.68%),B:1.6(0.07%),P:1e-18	Tpos:141.9,Tstd:62.3,Bpos:52.7,Bstd:17.9,StrandBias:-0.2,Multiplicity:1.00
0.364	0.001	0.455	0.180
0.958	0.040	0.001	0.001
0.815	0.001	0.005	0.179
0.642	0.001	0.356	0.001
0.001	0.001	0.001	0.997
0.001	0.001	0.001	0.997
0.178	0.001	0.820	0.001
0.270	0.001	0.714	0.015
0.001	0.178	0.001	0.820
0.001	0.001	0.997	0.001
0.997	0.001	0.001	0.001
0.001	0.779	0.001	0.219
>GTTGCCTGGCAA	7-GTTGCCTGGCAA	10.608182	-39.329938	0	T:20.0(4.12%),B:6.9(0.30%),P:1e-17	Tpos:146.0,Tstd:64.6,Bpos:125.9,Bstd:29.2,StrandBias:-0.1,Multiplicity:1.00
0.003	0.001	0.919	0.077
0.001	0.038	0.077	0.884
0.001	0.038	0.001	0.960
0.041	0.001	0.867	0.091
0.041	0.766	0.001	0.192
0.039	0.801	0.080	0.080
0.234	0.001	0.077	0.688
0.287	0.039	0.635	0.039
0.077	0.039	0.845	0.039
0.077	0.845	0.001	0.077
0.884	0.077	0.038	0.001
0.923	0.038	0.038	0.001
>ACTAATGACCTT	8-ACTAATGACCTT	10.152486	-35.673400	0	T:15.0(3.09%),B:3.3(0.14%),P:1e-15	Tpos:115.8,Tstd:42.2,Bpos:170.0,Bstd:0.0,StrandBias:1.5,Multiplicity:1.00
0.818	0.035	0.077	0.070
0.112	0.559	0.091	0.238
0.147	0.021	0.077	0.755
0.825	0.035	0.091	0.049
0.902	0.021	0.035	0.042
0.077	0.063	0.035	0.825
0.126	0.098	0.671	0.105
0.783	0.098	0.091	0.028
0.091	0.734	0.091	0.084
0.084	0.622	0.133	0.161
0.091	0.063	0.077	0.769
0.091	0.105	0.070	0.734
>TGATTAATCAYW	9-TGATTAATCAYW	11.795656	-34.417458	0	T:13.0(2.68%),B:2.2(0.10%),P:1e-14	Tpos:125.1,Tstd:51.6,Bpos:81.0,Bstd:0.0,StrandBias:-0.6,Multiplicity:1.00
0.190	0.001	0.001	0.808
0.001	0.001	0.613	0.385
0.997	0.001	0.001	0.001
0.001	0.001	0.001	0.997
0.369	0.001	0.001	0.629
0.997	0.001	0.001	0.001
0.997	0.001	0.001	0.001
0.001	0.001	0.001	0.997
0.190	0.808	0.001	0.001
0.808	0.001	0.190	0.001
0.191	0.414	0.001	0.394
0.426	0.216	0.001	0.357
>AGGTGATATTTT	10-AGGTGATATTTT	11.080877	-34.417458	0	T:13.0(2.68%),B:2.7(0.12%),P:1e-14	Tpos:104.0,Tstd:63.2,Bpos:138.8,Bstd:91.0,StrandBias:-0.7,Multiplicity:1.00
0.730	0.001	0.232	0.037
0.001	0.131	0.752	0.116
0.244	0.001	0.754	0.001
0.001	0.115	0.001	0.883
0.349	0.001	0.522	0.128
0.997	0.001	0.001	0.001
0.001	0.001	0.011	0.987
0.764	0.001	0.001	0.234
0.001	0.001	0.115	0.883
0.128	0.001	0.001	0.870
0.001	0.115	0.001	0.883
0.001	0.001	0.001	0.997
>RSATACGATTGC	11-RSATACGATTGC	10.378987	-27.139968	0	T:9.0(1.86%),B:1.6(0.07%),P:1e-11	Tpos:139.8,Tstd:50.0,Bpos:213.0,Bstd:0.0,StrandBias:0.5,Multiplicity:1.89
0.449	0.001	0.549	0.001
0.217	0.448	0.333	0.001
0.997	0.001	0.001	0.001
0.001	0.001	0.001	0.997
0.997	0.001	0.001	0.001
0.001	0.902	0.001	0.096
0.218	0.001	0.780	0.001
0.565	0.001	0.217	0.217
0.217	0.001	0.001	0.781
0.001	0.001	0.001	0.997
0.012	0.001	0.986	0.001
0.001	0.666	0.332	0.001
>ACAACGAAAAAT	12-ACAACGAAAAAT	10.409522	-27.139968	0	T:9.0(1.86%),B:1.7(0.07%),P:1e-11	Tpos:129.8,Tstd:94.9,Bpos:37.0,Bstd:0.0,StrandBias:0.3,Multiplicity:1.00
0.700	0.100	0.100	0.100
0.100	0.700	0.100	0.100
0.700	0.100	0.100	0.100
0.700	0.100	0.100	0.100
0.100	0.700	0.100	0.100
0.100	0.100	0.700	0.100
0.700	0.100	0.100	0.100
0.700	0.100	0.100	0.100
0.700	0.100	0.100	0.100
0.700	0.100	0.100	0.100
0.700	0.100	0.100	0.100
0.100	0.100	0.100	0.700
>TTCTCCTCCTCC	13-TTCTCCTCCTCC	9.503512	-27.139968	0	T:9.0(1.86%),B:1.1(0.05%),P:1e-11	Tpos:126.4,Tstd:81.5,Bpos:139.6,Bstd:32.8,StrandBias:1.2,Multiplicity:1.00
0.001	0.001	0.001	0.997
0.001	0.229	0.001	0.769
0.014	0.586	0.399	0.001
0.001	0.384	0.001	0.614
0.001	0.997	0.001	0.001
0.001	0.997	0.001	0.001
0.001	0.143	0.001	0.855
0.001	0.997	0.001	0.001
0.014	0.984	0.001	0.001
0.001	0.001	0.001	0.997
0.001	0.600	0.001	0.398
0.014	0.984	0.001	0.001
>AGGTAATCAATC	14-AGGTAATCAATC	10.982956	-24.281584	0	T:10.0(2.06%),B:2.2(0.10%),P:1e-10	Tpos:124.9,Tstd:63.4,Bpos:122.3,Bstd:72.3,StrandBias:0.0,Multiplicity:1.00
0.792	0.055	0.051	0.102
0.106	0.051	0.792	0.051
0.004	0.204	0.741	0.051
0.102	0.051	0.055	0.792
0.795	0.203	0.001	0.001
0.897	0.001	0.051	0.051
0.004	0.051	0.051	0.894
0.152	0.846	0.001	0.001
0.897	0.001	0.051	0.051
0.847	0.051	0.051	0.051
0.051	0.004	0.102	0.843
0.105	0.893	0.001	0.001
>ACAGAAGAAGAA	15-ACAGAAGAAGAA	10.359093	-21.086037	0	T:9.0(1.86%),B:2.4(0.10%),P:1e-9	Tpos:140.4,Tstd:83.9,Bpos:155.4,Bstd:101.2,StrandBias:1.7,Multiplicity:1.44
0.798	0.067	0.074	0.061
0.142	0.649	0.101	0.108
0.784	0.054	0.061	0.101
0.169	0.094	0.676	0.061
0.764	0.074	0.068	0.094
0.811	0.061	0.054	0.074
0.169	0.115	0.588	0.128
0.838	0.047	0.027	0.088
0.791	0.074	0.074	0.061
0.149	0.075	0.675	0.101
0.797	0.088	0.061	0.054
0.831	0.054	0.061	0.054
>TGACCACCATCC	16-TGACCACCATCC	10.819390	-20.522847	0	T:12.0(2.47%),B:5.7(0.24%),P:1e-8	Tpos:100.6,Tstd:55.6,Bpos:166.1,Bstd:44.4,StrandBias:1.3,Multiplicity:1.55
0.001	0.001	0.001	0.997
0.131	0.131	0.737	0.001
0.997	0.001	0.001	0.001
0.001	0.997	0.001	0.001
0.131	0.737	0.001	0.131
0.867	0.001	0.131	0.001
0.140	0.728	0.131	0.001
0.001	0.859	0.001	0.139
0.867	0.001	0.131	0.001
0.001	0.297	0.001	0.701
0.131	0.728	0.001	0.140
0.139	0.859	0.001	0.001
>RRGSAGGGTRTT	17-RRGSAGGGTRTT	9.317010	-19.699042	0	T:7.0(1.44%),B:1.1(0.05%),P:1e-8	Tpos:106.1,Tstd:80.5,Bpos:228.0,Bstd:0.0,StrandBias:0.6,Multiplicity:1.67
0.454	0.001	0.475	0.071
0.404	0.024	0.502	0.070
0.217	0.072	0.448	0.263
0.165	0.430	0.404	0.001
0.714	0.023	0.047	0.216
0.025	0.380	0.594	0.001
0.071	0.309	0.596	0.024
0.286	0.166	0.547	0.001
0.236	0.047	0.023	0.694
0.453	0.168	0.332	0.048
0.023	0.001	0.001	0.975
0.023	0.047	0.023	0.907
>AGGCTATTGATT	18-AGGCTATTGATT	9.362816	-17.997067	0	T:8.0(1.65%),B:2.4(0.10%),P:1e-7	Tpos:131.7,Tstd:66.1,Bpos:156.4,Bstd:85.4,StrandBias:1.8,Multiplicity:1.12
0.680	0.095	0.088	0.137
0.186	0.093	0.527	0.194
0.133	0.091	0.646	0.130
0.141	0.588	0.115	0.156
0.143	0.110	0.100	0.647
0.708	0.081	0.076	0.135
0.128	0.081	0.073	0.718
0.083	0.092	0.080	0.745
0.172	0.105	0.568	0.155
0.723	0.081	0.076	0.120
0.115	0.070	0.060	0.755
0.115	0.085	0.103	0.697
>TATCTAYCTTAT	19-TATCTAYCTTAT	11.094979	-16.183319	0	T:13.0(2.68%),B:10.0(0.43%),P:1e-7	Tpos:119.7,Tstd:67.1,Bpos:147.7,Bstd:83.1,StrandBias:2.2,Multiplicity:1.31
0.001	0.001	0.001	0.997
0.997	0.001	0.001	0.001
0.001	0.001	0.131	0.867
0.423	0.575	0.001	0.001
0.001	0.001	0.001	0.997
0.997	0.001	0.001	0.001
0.001	0.429	0.131	0.438
0.263	0.590	0.015	0.132
0.001	0.001	0.131	0.867
0.001	0.001	0.001	0.997
0.722	0.146	0.001	0.131
0.001	0.001	0.001	0.997
>TGATTWADACCC	20-TGATTWADACCC	9.924858	-16.172989	0	T:6.0(1.24%),B:0.6(0.03%),P:1e-7	Tpos:107.1,Tstd:55.6,Bpos:162.0,Bstd:0.0,StrandBias:1.0,Multiplicity:2.40
0.106	0.027	0.325	0.542
0.053	0.106	0.761	0.080
0.649	0.297	0.027	0.027
0.353	0.001	0.001	0.645
0.002	0.348	0.080	0.570
0.432	0.053	0.032	0.483
0.727	0.001	0.244	0.028
0.299	0.027	0.405	0.270
0.863	0.027	0.080	0.030
0.053	0.812	0.029	0.106
0.245	0.539	0.054	0.162
0.002	0.702	0.243	0.053
>CSGMGGATGTAT	21-CSGMGGATGTAT	11.858139	-16.172989	0	T:6.0(1.24%),B:0.6(0.03%),P:1e-7	Tpos:111.2,Tstd:73.4,Bpos:217.0,Bstd:0.0,StrandBias:3.0,Multiplicity:1.50
0.001	0.997	0.001	0.001
0.001	0.564	0.434	0.001
0.001	0.001	0.997	0.001
0.543	0.435	0.021	0.001
0.001	0.001	0.997	0.001
0.001	0.001	0.997	0.001
0.781	0.001	0.001	0.217
0.217	0.001	0.001	0.781
0.001	0.001	0.997	0.001
0.217	0.021	0.001	0.761
0.781	0.001	0.217	0.001
0.001	0.001	0.001	0.997
>AAMTCATTGMTC	22-AAMTCATTGMTC	11.294139	-15.026756	0	T:7.0(1.44%),B:2.1(0.09%),P:1e-6	Tpos:145.2,Tstd:69.9,Bpos:71.3,Bstd:28.6,StrandBias:2.3,Multiplicity:1.71
0.581	0.001	0.417	0.001
0.997	0.001	0.001	0.001
0.496	0.483	0.019	0.001
0.251	0.001	0.010	0.738
0.001	0.604	0.126	0.269
0.997	0.001	0.001	0.001
0.008	0.001	0.001	0.990
0.001	0.115	0.001	0.883
0.001	0.358	0.640	0.001
0.475	0.523	0.001	0.001
0.135	0.001	0.001	0.863
0.135	0.497	0.135	0.234
>GGTGGATTGGTG	23-GGTGGATTGGTG	11.172512	-12.801894	0	T:5.0(1.03%),B:0.0(0.00%),P:1e-5	Tpos:168.6,Tstd:56.2,Bpos:0.0,Bstd:0.0,StrandBias:1.9,Multiplicity:2.80
0.001	0.001	0.997	0.001
0.052	0.001	0.895	0.052
0.001	0.001	0.001	0.997
0.052	0.001	0.946	0.001
0.157	0.001	0.841	0.001
0.997	0.001	0.001	0.001
0.001	0.001	0.001	0.997
0.001	0.001	0.001	0.997
0.001	0.001	0.997	0.001
0.001	0.001	0.997	0.001
0.001	0.001	0.001	0.997
0.001	0.052	0.842	0.105
>TCGGCACTATTC	24-TCGGCACTATTC	8.908505	-12.801894	0	T:5.0(1.03%),B:1.4(0.06%),P:1e-5	Tpos:132.0,Tstd:43.6,Bpos:205.3,Bstd:8.6,StrandBias:2.2,Multiplicity:2.20
0.134	0.047	0.060	0.759
0.107	0.602	0.102	0.189
0.180	0.099	0.597	0.124
0.118	0.112	0.586	0.184
0.142	0.687	0.077	0.094
0.725	0.072	0.104	0.099
0.127	0.608	0.109	0.156
0.104	0.083	0.072	0.741
0.665	0.087	0.072	0.176
0.112	0.072	0.114	0.702
0.082	0.080	0.102	0.736
0.124	0.596	0.109	0.171
>ATCATCAAACCA	25-ATCATCAAACCA	10.409522	-12.190322	0	T:6.0(1.24%),B:2.9(0.12%),P:1e-5	Tpos:138.6,Tstd:66.1,Bpos:93.0,Bstd:30.2,StrandBias:3.0,Multiplicity:1.50
0.700	0.100	0.100	0.100
0.100	0.100	0.100	0.700
0.100	0.700	0.100	0.100
0.700	0.100	0.100	0.100
0.100	0.100	0.100	0.700
0.100	0.700	0.100	0.100
0.700	0.100	0.100	0.100
0.700	0.100	0.100	0.100
0.700	0.100	0.100	0.100
0.100	0.700	0.100	0.100
0.100	0.700	0.100	0.100
0.700	0.100	0.100	0.100
