>CCATGGCAAC	1-CCATGGCAAC	6.314483	-78.576935	0	T:204.0(42.06%),B:417.9(18.02%),P:1e-34	Tpos:123.8,Tstd:58.7,Bpos:122.2,Bstd:66.3,StrandBias:0.2,Multiplicity:1.59
0.068	0.563	0.118	0.251
0.001	0.841	0.001	0.157
0.688	0.162	0.011	0.139
0.125	0.001	0.021	0.853
0.298	0.001	0.700	0.001
0.073	0.079	0.837	0.011
0.249	0.479	0.001	0.270
0.798	0.001	0.057	0.144
0.885	0.001	0.113	0.001
0.043	0.728	0.043	0.186
>GTCATTTATC	2-GTCATTTATC	8.624821	-48.935330	0	T:54.0(11.13%),B:51.2(2.21%),P:1e-21	Tpos:124.2,Tstd:62.9,Bpos:131.9,Bstd:74.2,StrandBias:0.1,Multiplicity:1.05
0.052	0.001	0.847	0.100
0.001	0.375	0.001	0.623
0.326	0.570	0.100	0.004
0.678	0.271	0.050	0.001
0.050	0.002	0.154	0.794
0.001	0.307	0.001	0.691
0.419	0.001	0.001	0.579
0.899	0.099	0.001	0.001
0.001	0.049	0.001	0.949
0.050	0.946	0.003	0.001
>MGTTAACGAT	3-MGTTAACGAT	10.467306	-39.084409	0	T:12.0(2.47%),B:0.7(0.03%),P:1e-16	Tpos:147.1,Tstd:60.5,Bpos:110.0,Bstd:0.0,StrandBias:0.7,Multiplicity:1.00
0.454	0.393	0.001	0.151
0.001	0.001	0.997	0.001
0.001	0.169	0.151	0.679
0.001	0.001	0.001	0.997
0.847	0.001	0.001	0.151
0.997	0.001	0.001	0.001
0.001	0.997	0.001	0.001
0.001	0.001	0.997	0.001
0.847	0.001	0.001	0.151
0.001	0.001	0.001	0.997
>CAATAAATCA	4-CAATAAATCA	9.385443	-36.758473	0	T:48.0(9.90%),B:54.1(2.33%),P:1e-15	Tpos:140.2,Tstd:69.3,Bpos:136.7,Bstd:63.1,StrandBias:0.0,Multiplicity:1.02
0.075	0.738	0.047	0.140
0.935	0.032	0.001	0.032
0.966	0.001	0.001	0.032
0.001	0.032	0.001	0.966
0.893	0.105	0.001	0.001
0.779	0.032	0.001	0.188
0.935	0.032	0.032	0.001
0.030	0.001	0.001	0.968
0.001	0.907	0.091	0.001
0.997	0.001	0.001	0.001
>TGCAACCAGA	5-TGCAACCAGA	10.446529	-35.673400	0	T:15.0(3.09%),B:3.1(0.13%),P:1e-15	Tpos:137.1,Tstd:74.1,Bpos:109.9,Bstd:67.7,StrandBias:-0.4,Multiplicity:1.07
0.083	0.001	0.083	0.833
0.001	0.082	0.916	0.001
0.083	0.833	0.001	0.083
0.916	0.001	0.082	0.001
0.997	0.001	0.001	0.001
0.001	0.997	0.001	0.001
0.001	0.833	0.083	0.083
0.916	0.001	0.001	0.082
0.001	0.083	0.833	0.083
0.997	0.001	0.001	0.001
>GGGCCATTAA	6-GGGCCATTAA	6.655425	-35.170521	0	T:88.0(18.14%),B:164.3(7.09%),P:1e-15	Tpos:118.8,Tstd:60.3,Bpos:123.8,Bstd:68.7,StrandBias:-0.5,Multiplicity:1.12
0.133	0.077	0.714	0.076
0.045	0.052	0.827	0.076
0.045	0.046	0.864	0.045
0.015	0.782	0.046	0.157
0.091	0.737	0.030	0.142
0.894	0.030	0.045	0.031
0.076	0.061	0.045	0.818
0.117	0.096	0.015	0.772
0.803	0.045	0.045	0.107
0.801	0.046	0.062	0.091
>CCGTCTCTCG	7-CCGTCTCTCG	9.703804	-34.417458	0	T:13.0(2.68%),B:2.5(0.11%),P:1e-14	Tpos:123.1,Tstd:68.4,Bpos:131.3,Bstd:84.3,StrandBias:0.2,Multiplicity:1.15
0.001	0.687	0.104	0.208
0.001	0.997	0.001	0.001
0.001	0.147	0.851	0.001
0.103	0.001	0.001	0.895
0.001	0.895	0.001	0.103
0.001	0.001	0.001	0.997
0.001	0.895	0.103	0.001
0.001	0.001	0.103	0.895
0.001	0.895	0.103	0.001
0.001	0.103	0.895	0.001
>CTTCAAATGA	8-CTTCAAATGA	6.797955	-28.909161	0	T:132.0(27.22%),B:336.6(14.52%),P:1e-12	Tpos:128.5,Tstd:71.0,Bpos:120.8,Bstd:78.7,StrandBias:-0.0,Multiplicity:1.13
0.066	0.828	0.035	0.071
0.084	0.054	0.075	0.787
0.054	0.035	0.075	0.836
0.089	0.728	0.071	0.112
0.855	0.063	0.021	0.061
0.806	0.089	0.042	0.063
0.830	0.028	0.073	0.069
0.057	0.094	0.054	0.795
0.102	0.075	0.727	0.096
0.813	0.049	0.070	0.068
>CCTTACCATG	9-CCTTACCATG	8.433064	-28.779586	0	T:21.0(4.33%),B:12.7(0.55%),P:1e-12	Tpos:125.3,Tstd:58.7,Bpos:172.0,Bstd:64.9,StrandBias:2.2,Multiplicity:1.13
0.031	0.845	0.062	0.062
0.124	0.676	0.031	0.169
0.062	0.031	0.031	0.876
0.031	0.031	0.062	0.876
0.968	0.001	0.001	0.030
0.062	0.814	0.062	0.062
0.095	0.694	0.073	0.138
0.717	0.157	0.064	0.062
0.064	0.031	0.001	0.904
0.062	0.166	0.648	0.124
>TCCTAGGAGA	10-TCCTAGGAGA	9.346424	-28.630725	0	T:14.0(2.89%),B:4.2(0.18%),P:1e-12	Tpos:126.4,Tstd:50.1,Bpos:178.9,Bstd:44.1,StrandBias:0.5,Multiplicity:1.00
0.001	0.001	0.001	0.997
0.001	0.926	0.070	0.003
0.069	0.929	0.001	0.001
0.137	0.066	0.001	0.796
0.865	0.001	0.001	0.133
0.001	0.001	0.862	0.136
0.291	0.001	0.707	0.001
0.865	0.001	0.001	0.133
0.234	0.162	0.401	0.204
0.712	0.150	0.137	0.001
>ACGTACGTAT	11-ACGTACGTAT	10.426990	-27.139968	0	T:9.0(1.86%),B:1.9(0.08%),P:1e-11	Tpos:127.2,Tstd:70.7,Bpos:114.6,Bstd:55.5,StrandBias:1.2,Multiplicity:1.22
0.911	0.087	0.001	0.001
0.088	0.615	0.088	0.209
0.001	0.001	0.911	0.087
0.001	0.001	0.001	0.997
0.997	0.001	0.001	0.001
0.087	0.911	0.001	0.001
0.088	0.088	0.736	0.088
0.001	0.001	0.001	0.997
0.997	0.001	0.001	0.001
0.001	0.001	0.001	0.997
>TGACAAATGG	12-TGACAAATGG	9.313364	-27.008628	0	T:30.0(6.19%),B:29.3(1.26%),P:1e-11	Tpos:119.4,Tstd:69.3,Bpos:112.6,Bstd:76.7,StrandBias:-1.2,Multiplicity:1.10
0.058	0.001	0.058	0.883
0.057	0.001	0.941	0.001
0.883	0.058	0.058	0.001
0.071	0.870	0.001	0.058
0.941	0.001	0.057	0.001
0.883	0.058	0.058	0.001
0.849	0.001	0.149	0.001
0.001	0.001	0.057	0.941
0.058	0.001	0.883	0.058
0.001	0.058	0.780	0.161
>TAATTAATTT	13-TAATTAATTT	10.822481	-24.743638	0	T:17.0(3.51%),B:9.9(0.43%),P:1e-10	Tpos:137.5,Tstd:60.7,Bpos:151.8,Bstd:55.4,StrandBias:0.0,Multiplicity:1.07
0.001	0.001	0.001	0.997
0.997	0.001	0.001	0.001
0.930	0.001	0.068	0.001
0.001	0.069	0.069	0.861
0.001	0.001	0.001	0.997
0.997	0.001	0.001	0.001
0.997	0.001	0.001	0.001
0.001	0.001	0.001	0.997
0.001	0.001	0.001	0.997
0.001	0.001	0.164	0.834
>GTCTAGCAAC	14-GTCTAGCAAC	10.681070	-24.281584	0	T:10.0(2.06%),B:2.8(0.12%),P:1e-10	Tpos:119.9,Tstd:66.1,Bpos:125.1,Bstd:58.9,StrandBias:1.4,Multiplicity:1.10
0.001	0.001	0.899	0.099
0.001	0.001	0.001	0.997
0.001	0.899	0.099	0.001
0.100	0.100	0.001	0.799
0.899	0.001	0.099	0.001
0.001	0.001	0.997	0.001
0.099	0.899	0.001	0.001
0.899	0.001	0.001	0.099
0.899	0.099	0.001	0.001
0.001	0.899	0.001	0.099
>GTAAAGTCTA	15-GTAAAGTCTA	8.217369	-24.281584	0	T:10.0(2.06%),B:2.7(0.12%),P:1e-10	Tpos:83.1,Tstd:69.7,Bpos:195.7,Bstd:33.2,StrandBias:-0.6,Multiplicity:1.00
0.056	0.226	0.540	0.178
0.183	0.038	0.056	0.723
0.564	0.226	0.191	0.019
0.735	0.038	0.177	0.050
0.664	0.044	0.202	0.090
0.038	0.232	0.558	0.172
0.059	0.195	0.006	0.740
0.221	0.683	0.046	0.050
0.235	0.044	0.038	0.683
0.504	0.195	0.025	0.276
>GAACCTCTTG	16-GAACCTCTTG	10.666616	-23.300763	0	T:11.0(2.27%),B:4.0(0.17%),P:1e-10	Tpos:98.7,Tstd:59.2,Bpos:175.3,Bstd:17.3,StrandBias:0.0,Multiplicity:1.09
0.001	0.001	0.997	0.001
0.899	0.099	0.001	0.001
0.899	0.001	0.001	0.099
0.001	0.997	0.001	0.001
0.001	0.899	0.099	0.001
0.001	0.001	0.099	0.899
0.001	0.799	0.100	0.100
0.099	0.001	0.001	0.899
0.001	0.001	0.001	0.997
0.001	0.100	0.799	0.100
>TGCGCACACG	17-TGCGCACACG	9.567201	-22.506905	0	T:16.0(3.30%),B:10.0(0.43%),P:1e-9	Tpos:114.1,Tstd:55.7,Bpos:105.9,Bstd:44.6,StrandBias:0.5,Multiplicity:1.06
0.001	0.001	0.001	0.997
0.001	0.001	0.997	0.001
0.001	0.820	0.178	0.001
0.001	0.001	0.997	0.001
0.001	0.997	0.001	0.001
0.820	0.001	0.178	0.001
0.178	0.643	0.178	0.001
0.941	0.001	0.057	0.001
0.034	0.787	0.178	0.001
0.001	0.001	0.997	0.001
>ACCAYCACCC	18-ACCAYCACCC	9.776637	-20.828264	0	T:19.0(3.92%),B:15.0(0.65%),P:1e-9	Tpos:94.4,Tstd:59.0,Bpos:112.9,Bstd:57.8,StrandBias:0.8,Multiplicity:1.22
0.997	0.001	0.001	0.001
0.269	0.729	0.001	0.001
0.001	0.913	0.001	0.085
0.997	0.001	0.001	0.001
0.001	0.460	0.001	0.538
0.001	0.815	0.001	0.183
0.844	0.154	0.001	0.001
0.001	0.922	0.001	0.076
0.001	0.997	0.001	0.001
0.097	0.901	0.001	0.001
>AAGCGGATGA	19-AAGCGGATGA	9.978302	-20.522847	0	T:12.0(2.47%),B:5.6(0.24%),P:1e-8	Tpos:155.6,Tstd:68.0,Bpos:151.2,Bstd:53.5,StrandBias:1.3,Multiplicity:1.42
0.817	0.061	0.061	0.061
0.997	0.001	0.001	0.001
0.060	0.001	0.938	0.001
0.145	0.550	0.244	0.061
0.001	0.001	0.997	0.001
0.001	0.060	0.938	0.001
0.997	0.001	0.001	0.001
0.060	0.001	0.001	0.938
0.001	0.001	0.997	0.001
0.877	0.061	0.001	0.061
>GTGAATAAGA	20-GTGAATAAGA	10.966447	-20.412657	0	T:10.0(2.06%),B:3.6(0.16%),P:1e-8	Tpos:119.9,Tstd:67.2,Bpos:225.7,Bstd:18.9,StrandBias:-0.5,Multiplicity:1.20
0.001	0.001	0.997	0.001
0.001	0.001	0.001	0.997
0.001	0.001	0.997	0.001
0.721	0.277	0.001	0.001
0.721	0.001	0.001	0.277
0.150	0.001	0.001	0.848
0.997	0.001	0.001	0.001
0.997	0.001	0.001	0.001
0.001	0.001	0.721	0.277
0.997	0.001	0.001	0.001
>GGCACTATTC	21-GGCACTATTC	10.842469	-19.699042	0	T:7.0(1.44%),B:0.6(0.03%),P:1e-8	Tpos:145.0,Tstd:47.2,Bpos:183.0,Bstd:0.0,StrandBias:2.0,Multiplicity:1.43
0.001	0.001	0.746	0.252
0.001	0.106	0.787	0.106
0.106	0.787	0.001	0.106
0.997	0.001	0.001	0.001
0.001	0.997	0.001	0.001
0.001	0.001	0.001	0.997
0.892	0.001	0.106	0.001
0.001	0.001	0.001	0.997
0.001	0.001	0.001	0.997
0.001	0.892	0.001	0.106
>CTACCTTATT	22-CTACCTTATT	8.688372	-18.010314	0	T:26.0(5.36%),B:33.2(1.43%),P:1e-7	Tpos:117.3,Tstd:68.7,Bpos:134.3,Bstd:77.0,StrandBias:-0.5,Multiplicity:1.16
0.068	0.930	0.001	0.001
0.163	0.001	0.069	0.767
0.930	0.068	0.001	0.001
0.001	0.997	0.001	0.001
0.068	0.930	0.001	0.001
0.068	0.001	0.001	0.930
0.001	0.001	0.001	0.997
0.835	0.001	0.001	0.163
0.001	0.001	0.001	0.997
0.001	0.001	0.163	0.835
>ATCCTAGCCT	23-ATCCTAGCCT	10.785449	-12.815513	0	T:8.0(1.65%),B:4.6(0.20%),P:1e-5	Tpos:122.3,Tstd:45.1,Bpos:113.5,Bstd:113.0,StrandBias:-0.7,Multiplicity:1.62
0.997	0.001	0.001	0.001
0.277	0.001	0.001	0.721
0.001	0.997	0.001	0.001
0.001	0.997	0.001	0.001
0.001	0.001	0.001	0.997
0.721	0.001	0.277	0.001
0.001	0.001	0.997	0.001
0.001	0.997	0.001	0.001
0.277	0.721	0.001	0.001
0.150	0.001	0.001	0.848
>TTTAAAAATG	24-TTTAAAAATG	10.296193	-12.367761	0	T:7.0(1.44%),B:3.9(0.17%),P:1e-5	Tpos:88.1,Tstd:59.1,Bpos:70.1,Bstd:62.7,StrandBias:0.7,Multiplicity:1.14
0.100	0.100	0.100	0.700
0.100	0.100	0.100	0.700
0.100	0.100	0.100	0.700
0.700	0.100	0.100	0.100
0.700	0.100	0.100	0.100
0.700	0.100	0.100	0.100
0.700	0.100	0.100	0.100
0.700	0.100	0.100	0.100
0.100	0.100	0.100	0.700
0.100	0.100	0.700	0.100
>TCCACCAATC	25-TCCACCAATC	7.298568	-7.217324	0	T:6.0(1.24%),B:5.7(0.25%),P:1e-3	Tpos:176.3,Tstd:41.5,Bpos:131.1,Bstd:23.4,StrandBias:-2.8,Multiplicity:2.67
0.038	0.001	0.001	0.960
0.001	0.997	0.001	0.001
0.001	0.960	0.001	0.038
0.997	0.001	0.001	0.001
0.001	0.997	0.001	0.001
0.001	0.997	0.001	0.001
0.997	0.001	0.001	0.001
0.997	0.001	0.001	0.001
0.001	0.001	0.001	0.997
0.001	0.997	0.001	0.001
>TTACCATGGCAA	1-TTACCATGGCAA	7.458493	-63.827346	0	T:120.0(24.74%),B:188.4(8.13%),P:1e-27	Tpos:120.2,Tstd:58.4,Bpos:125.0,Bstd:69.8,StrandBias:-0.1,Multiplicity:1.23
0.070	0.157	0.052	0.721
0.244	0.211	0.001	0.544
0.631	0.089	0.052	0.228
0.017	0.965	0.001	0.017
0.034	0.598	0.001	0.367
0.895	0.052	0.001	0.052
0.191	0.035	0.018	0.756
0.140	0.034	0.825	0.001
0.245	0.052	0.634	0.069
0.088	0.720	0.105	0.087
0.719	0.035	0.019	0.227
0.913	0.017	0.018	0.052
>GACGTTAACGAT	2-GACGTTAACGAT	10.703334	-47.470575	0	T:14.0(2.89%),B:1.5(0.07%),P:1e-20	Tpos:131.1,Tstd:58.7,Bpos:28.1,Bstd:7.0,StrandBias:0.2,Multiplicity:1.00
0.291	0.086	0.622	0.001
0.706	0.001	0.086	0.207
0.261	0.652	0.001	0.086
0.001	0.086	0.827	0.086
0.001	0.086	0.086	0.827
0.001	0.183	0.001	0.815
0.913	0.085	0.001	0.001
0.988	0.001	0.001	0.010
0.001	0.913	0.085	0.001
0.001	0.001	0.654	0.344
0.997	0.001	0.001	0.001
0.001	0.001	0.001	0.997
>TCTTAGCAACGA	3-TCTTAGCAACGA	10.857292	-45.241340	0	T:16.0(3.30%),B:2.8(0.12%),P:1e-19	Tpos:129.4,Tstd:62.1,Bpos:114.1,Bstd:29.5,StrandBias:0.4,Multiplicity:1.00
0.046	0.001	0.046	0.907
0.046	0.769	0.046	0.139
0.278	0.052	0.052	0.618
0.098	0.092	0.001	0.809
0.814	0.001	0.139	0.046
0.092	0.046	0.861	0.001
0.051	0.902	0.046	0.001
0.862	0.046	0.046	0.046
0.997	0.001	0.001	0.001
0.045	0.953	0.001	0.001
0.001	0.231	0.722	0.046
0.814	0.046	0.001	0.139
>GCACTTTAYAAA	4-GCACTTTAYAAA	10.556672	-45.241340	0	T:16.0(3.30%),B:2.6(0.11%),P:1e-19	Tpos:135.7,Tstd:63.4,Bpos:112.3,Bstd:47.8,StrandBias:0.2,Multiplicity:1.00
0.362	0.001	0.636	0.001
0.238	0.760	0.001	0.001
0.761	0.232	0.006	0.001
0.006	0.992	0.001	0.001
0.001	0.142	0.001	0.856
0.001	0.006	0.239	0.754
0.001	0.001	0.001	0.997
0.753	0.001	0.001	0.245
0.001	0.465	0.122	0.412
0.595	0.403	0.001	0.001
0.867	0.001	0.001	0.131
0.997	0.001	0.001	0.001
>GGGCCATTTATC	5-GGGCCATTTATC	9.070811	-44.886492	0	T:34.0(7.01%),B:20.5(0.89%),P:1e-19	Tpos:114.6,Tstd:55.9,Bpos:116.8,Bstd:62.7,StrandBias:0.8,Multiplicity:1.00
0.103	0.097	0.703	0.097
0.146	0.194	0.563	0.097
0.001	0.048	0.854	0.097
0.005	0.752	0.001	0.242
0.048	0.946	0.001	0.005
0.903	0.048	0.048	0.001
0.001	0.048	0.048	0.903
0.001	0.048	0.001	0.950
0.096	0.001	0.001	0.902
0.854	0.048	0.097	0.001
0.001	0.001	0.096	0.902
0.048	0.800	0.001	0.151
>RAAATTGGTGAC	6-RAAATTGGTGAC	11.707034	-43.239458	0	T:13.0(2.68%),B:1.6(0.07%),P:1e-18	Tpos:141.9,Tstd:62.3,Bpos:52.7,Bstd:17.9,StrandBias:-0.2,Multiplicity:1.00
0.364	0.001	0.455	0.180
0.958	0.040	0.001	0.001
0.815	0.001	0.005	0.179
0.642	0.001	0.356	0.001
0.001	0.001	0.001	0.997
0.001	0.001	0.001	0.997
0.178	0.001	0.820	0.001
0.270	0.001	0.714	0.015
0.001	0.178	0.001	0.820
0.001	0.001	0.997	0.001
0.997	0.001	0.001	0.001
0.001	0.779	0.001	0.219
>GTTGCCTGGCAA	7-GTTGCCTGGCAA	10.608182	-39.329938	0	T:20.0(4.12%),B:6.9(0.30%),P:1e-17	Tpos:146.0,Tstd:64.6,Bpos:125.9,Bstd:29.2,StrandBias:-0.1,Multiplicity:1.00
0.003	0.001	0.919	0.077
0.001	0.038	0.077	0.884
0.001	0.038	0.001	0.960
0.041	0.001	0.867	0.091
0.041	0.766	0.001	0.192
0.039	0.801	0.080	0.080
0.234	0.001	0.077	0.688
0.287	0.039	0.635	0.039
0.077	0.039	0.845	0.039
0.077	0.845	0.001	0.077
0.884	0.077	0.038	0.001
0.923	0.038	0.038	0.001
>ACTAATGACCTT	8-ACTAATGACCTT	10.152486	-35.673400	0	T:15.0(3.09%),B:3.3(0.14%),P:1e-15	Tpos:115.8,Tstd:42.2,Bpos:170.0,Bstd:0.0,StrandBias:1.5,Multiplicity:1.00
0.818	0.035	0.077	0.070
0.112	0.559	0.091	0.238
0.147	0.021	0.077	0.755
0.825	0.035	0.091	0.049
0.902	0.021	0.035	0.042
0.077	0.063	0.035	0.825
0.126	0.098	0.671	0.105
0.783	0.098	0.091	0.028
0.091	0.734	0.091	0.084
0.084	0.622	0.133	0.161
0.091	0.063	0.077	0.769
0.091	0.105	0.070	0.734
>TGATTAATCAYW	9-TGATTAATCAYW	11.795656	-34.417458	0	T:13.0(2.68%),B:2.2(0.10%),P:1e-14	Tpos:125.1,Tstd:51.6,Bpos:81.0,Bstd:0.0,StrandBias:-0.6,Multiplicity:1.00
0.190	0.001	0.001	0.808
0.001	0.001	0.613	0.385
0.997	0.001	0.001	0.001
0.001	0.001	0.001	0.997
0.369	0.001	0.001	0.629
0.997	0.001	0.001	0.001
0.997	0.001	0.001	0.001
0.001	0.001	0.001	0.997
0.190	0.808	0.001	0.001
0.808	0.001	0.190	0.001
0.191	0.414	0.001	0.394
0.426	0.216	0.001	0.357
>AGGTGATATTTT	10-AGGTGATATTTT	11.080877	-34.417458	0	T:13.0(2.68%),B:2.7(0.12%),P:1e-14	Tpos:104.0,Tstd:63.2,Bpos:138.8,Bstd:91.0,StrandBias:-0.7,Multiplicity:1.00
0.730	0.001	0.232	0.037
0.001	0.131	0.752	0.116
0.244	0.001	0.754	0.001
0.001	0.115	0.001	0.883
0.349	0.001	0.522	0.128
0.997	0.001	0.001	0.001
0.001	0.001	0.011	0.987
0.764	0.001	0.001	0.234
0.001	0.001	0.115	0.883
0.128	0.001	0.001	0.870
0.001	0.115	0.001	0.883
0.001	0.001	0.001	0.997
>RSATACGATTGC	11-RSATACGATTGC	10.378987	-27.139968	0	T:9.0(1.86%),B:1.6(0.07%),P:1e-11	Tpos:139.8,Tstd:50.0,Bpos:213.0,Bstd:0.0,StrandBias:0.5,Multiplicity:1.89
0.449	0.001	0.549	0.001
0.217	0.448	0.333	0.001
0.997	0.001	0.001	0.001
0.001	0.001	0.001	0.997
0.997	0.001	0.001	0.001
0.001	0.902	0.001	0.096
0.218	0.001	0.780	0.001
0.565	0.001	0.217	0.217
0.217	0.001	0.001	0.781
0.001	0.001	0.001	0.997
0.012	0.001	0.986	0.001
0.001	0.666	0.332	0.001
>ACAACGAAAAAT	12-ACAACGAAAAAT	10.409522	-27.139968	0	T:9.0(1.86%),B:1.7(0.07%),P:1e-11	Tpos:129.8,Tstd:94.9,Bpos:37.0,Bstd:0.0,StrandBias:0.3,Multiplicity:1.00
0.700	0.100	0.100	0.100
0.100	0.700	0.100	0.100
0.700	0.100	0.100	0.100
0.700	0.100	0.100	0.100
0.100	0.700	0.100	0.100
0.100	0.100	0.700	0.100
0.700	0.100	0.100	0.100
0.700	0.100	0.100	0.100
0.700	0.100	0.100	0.100
0.700	0.100	0.100	0.100
0.700	0.100	0.100	0.100
0.100	0.100	0.100	0.700
>TTCTCCTCCTCC	13-TTCTCCTCCTCC	9.503512	-27.139968	0	T:9.0(1.86%),B:1.1(0.05%),P:1e-11	Tpos:126.4,Tstd:81.5,Bpos:139.6,Bstd:32.8,StrandBias:1.2,Multiplicity:1.00
0.001	0.001	0.001	0.997
0.001	0.229	0.001	0.769
0.014	0.586	0.399	0.001
0.001	0.384	0.001	0.614
0.001	0.997	0.001	0.001
0.001	0.997	0.001	0.001
0.001	0.143	0.001	0.855
0.001	0.997	0.001	0.001
0.014	0.984	0.001	0.001
0.001	0.001	0.001	0.997
0.001	0.600	0.001	0.398
0.014	0.984	0.001	0.001
>AGGTAATCAATC	14-AGGTAATCAATC	10.982956	-24.281584	0	T:10.0(2.06%),B:2.2(0.10%),P:1e-10	Tpos:124.9,Tstd:63.4,Bpos:122.3,Bstd:72.3,StrandBias:0.0,Multiplicity:1.00
0.792	0.055	0.051	0.102
0.106	0.051	0.792	0.051
0.004	0.204	0.741	0.051
0.102	0.051	0.055	0.792
0.795	0.203	0.001	0.001
0.897	0.001	0.051	0.051
0.004	0.051	0.051	0.894
0.152	0.846	0.001	0.001
0.897	0.001	0.051	0.051
0.847	0.051	0.051	0.051
0.051	0.004	0.102	0.843
0.105	0.893	0.001	0.001
>ACAGAAGAAGAA	15-ACAGAAGAAGAA	10.359093	-21.086037	0	T:9.0(1.86%),B:2.4(0.10%),P:1e-9	Tpos:140.4,Tstd:83.9,Bpos:155.4,Bstd:101.2,StrandBias:1.7,Multiplicity:1.44
0.798	0.067	0.074	0.061
0.142	0.649	0.101	0.108
0.784	0.054	0.061	0.101
0.169	0.094	0.676	0.061
0.764	0.074	0.068	0.094
0.811	0.061	0.054	0.074
0.169	0.115	0.588	0.128
0.838	0.047	0.027	0.088
0.791	0.074	0.074	0.061
0.149	0.075	0.675	0.101
0.797	0.088	0.061	0.054
0.831	0.054	0.061	0.054
>TGACCACCATCC	16-TGACCACCATCC	10.819390	-20.522847	0	T:12.0(2.47%),B:5.7(0.24%),P:1e-8	Tpos:100.6,Tstd:55.6,Bpos:166.1,Bstd:44.4,StrandBias:1.3,Multiplicity:1.55
0.001	0.001	0.001	0.997
0.131	0.131	0.737	0.001
0.997	0.001	0.001	0.001
0.001	0.997	0.001	0.001
0.131	0.737	0.001	0.131
0.867	0.001	0.131	0.001
0.140	0.728	0.131	0.001
0.001	0.859	0.001	0.139
0.867	0.001	0.131	0.001
0.001	0.297	0.001	0.701
0.131	0.728	0.001	0.140
0.139	0.859	0.001	0.001
>RRGSAGGGTRTT	17-RRGSAGGGTRTT	9.317010	-19.699042	0	T:7.0(1.44%),B:1.1(0.05%),P:1e-8	Tpos:106.1,Tstd:80.5,Bpos:228.0,Bstd:0.0,StrandBias:0.6,Multiplicity:1.67
0.454	0.001	0.475	0.071
0.404	0.024	0.502	0.070
0.217	0.072	0.448	0.263
0.165	0.430	0.404	0.001
0.714	0.023	0.047	0.216
0.025	0.380	0.594	0.001
0.071	0.309	0.596	0.024
0.286	0.166	0.547	0.001
0.236	0.047	0.023	0.694
0.453	0.168	0.332	0.048
0.023	0.001	0.001	0.975
0.023	0.047	0.023	0.907
>AGGCTATTGATT	18-AGGCTATTGATT	9.362816	-17.997067	0	T:8.0(1.65%),B:2.4(0.10%),P:1e-7	Tpos:131.7,Tstd:66.1,Bpos:156.4,Bstd:85.4,StrandBias:1.8,Multiplicity:1.12
0.680	0.095	0.088	0.137
0.186	0.093	0.527	0.194
0.133	0.091	0.646	0.130
0.141	0.588	0.115	0.156
0.143	0.110	0.100	0.647
0.708	0.081	0.076	0.135
0.128	0.081	0.073	0.718
0.083	0.092	0.080	0.745
0.172	0.105	0.568	0.155
0.723	0.081	0.076	0.120
0.115	0.070	0.060	0.755
0.115	0.085	0.103	0.697
>TATCTAYCTTAT	19-TATCTAYCTTAT	11.094979	-16.183319	0	T:13.0(2.68%),B:10.0(0.43%),P:1e-7	Tpos:119.7,Tstd:67.1,Bpos:147.7,Bstd:83.1,StrandBias:2.2,Multiplicity:1.31
0.001	0.001	0.001	0.997
0.997	0.001	0.001	0.001
0.001	0.001	0.131	0.867
0.423	0.575	0.001	0.001
0.001	0.001	0.001	0.997
0.997	0.001	0.001	0.001
0.001	0.429	0.131	0.438
0.263	0.590	0.015	0.132
0.001	0.001	0.131	0.867
0.001	0.001	0.001	0.997
0.722	0.146	0.001	0.131
0.001	0.001	0.001	0.997
>TGATTWADACCC	20-TGATTWADACCC	9.924858	-16.172989	0	T:6.0(1.24%),B:0.6(0.03%),P:1e-7	Tpos:107.1,Tstd:55.6,Bpos:162.0,Bstd:0.0,StrandBias:1.0,Multiplicity:2.40
0.106	0.027	0.325	0.542
0.053	0.106	0.761	0.080
0.649	0.297	0.027	0.027
0.353	0.001	0.001	0.645
0.002	0.348	0.080	0.570
0.432	0.053	0.032	0.483
0.727	0.001	0.244	0.028
0.299	0.027	0.405	0.270
0.863	0.027	0.080	0.030
0.053	0.812	0.029	0.106
0.245	0.539	0.054	0.162
0.002	0.702	0.243	0.053
>CSGMGGATGTAT	21-CSGMGGATGTAT	11.858139	-16.172989	0	T:6.0(1.24%),B:0.6(0.03%),P:1e-7	Tpos:111.2,Tstd:73.4,Bpos:217.0,Bstd:0.0,StrandBias:3.0,Multiplicity:1.50
0.001	0.997	0.001	0.001
0.001	0.564	0.434	0.001
0.001	0.001	0.997	0.001
0.543	0.435	0.021	0.001
0.001	0.001	0.997	0.001
0.001	0.001	0.997	0.001
0.781	0.001	0.001	0.217
0.217	0.001	0.001	0.781
0.001	0.001	0.997	0.001
0.217	0.021	0.001	0.761
0.781	0.001	0.217	0.001
0.001	0.001	0.001	0.997
>AAMTCATTGMTC	22-AAMTCATTGMTC	11.294139	-15.026756	0	T:7.0(1.44%),B:2.1(0.09%),P:1e-6	Tpos:145.2,Tstd:69.9,Bpos:71.3,Bstd:28.6,StrandBias:2.3,Multiplicity:1.71
0.581	0.001	0.417	0.001
0.997	0.001	0.001	0.001
0.496	0.483	0.019	0.001
0.251	0.001	0.010	0.738
0.001	0.604	0.126	0.269
0.997	0.001	0.001	0.001
0.008	0.001	0.001	0.990
0.001	0.115	0.001	0.883
0.001	0.358	0.640	0.001
0.475	0.523	0.001	0.001
0.135	0.001	0.001	0.863
0.135	0.497	0.135	0.234
>GGTGGATTGGTG	23-GGTGGATTGGTG	11.172512	-12.801894	0	T:5.0(1.03%),B:0.0(0.00%),P:1e-5	Tpos:168.6,Tstd:56.2,Bpos:0.0,Bstd:0.0,StrandBias:1.9,Multiplicity:2.80
0.001	0.001	0.997	0.001
0.052	0.001	0.895	0.052
0.001	0.001	0.001	0.997
0.052	0.001	0.946	0.001
0.157	0.001	0.841	0.001
0.997	0.001	0.001	0.001
0.001	0.001	0.001	0.997
0.001	0.001	0.001	0.997
0.001	0.001	0.997	0.001
0.001	0.001	0.997	0.001
0.001	0.001	0.001	0.997
0.001	0.052	0.842	0.105
>TCGGCACTATTC	24-TCGGCACTATTC	8.908505	-12.801894	0	T:5.0(1.03%),B:1.4(0.06%),P:1e-5	Tpos:132.0,Tstd:43.6,Bpos:205.3,Bstd:8.6,StrandBias:2.2,Multiplicity:2.20
0.134	0.047	0.060	0.759
0.107	0.602	0.102	0.189
0.180	0.099	0.597	0.124
0.118	0.112	0.586	0.184
0.142	0.687	0.077	0.094
0.725	0.072	0.104	0.099
0.127	0.608	0.109	0.156
0.104	0.083	0.072	0.741
0.665	0.087	0.072	0.176
0.112	0.072	0.114	0.702
0.082	0.080	0.102	0.736
0.124	0.596	0.109	0.171
>ATCATCAAACCA	25-ATCATCAAACCA	10.409522	-12.190322	0	T:6.0(1.24%),B:2.9(0.12%),P:1e-5	Tpos:138.6,Tstd:66.1,Bpos:93.0,Bstd:30.2,StrandBias:3.0,Multiplicity:1.50
0.700	0.100	0.100	0.100
0.100	0.100	0.100	0.700
0.100	0.700	0.100	0.100
0.700	0.100	0.100	0.100
0.100	0.100	0.100	0.700
0.100	0.700	0.100	0.100
0.700	0.100	0.100	0.100
0.700	0.100	0.100	0.100
0.700	0.100	0.100	0.100
0.100	0.700	0.100	0.100
0.100	0.700	0.100	0.100
0.700	0.100	0.100	0.100
>CCATAG	1-CCATAG	7.393924	-27.491918	0	T:119.0(24.54%),B:295.7(12.75%),P:1e-11	Tpos:125.1,Tstd:59.7,Bpos:121.0,Bstd:69.5,StrandBias:0.1,Multiplicity:1.23
0.001	0.997	0.001	0.001
0.001	0.997	0.001	0.001
0.997	0.001	0.001	0.001
0.001	0.001	0.001	0.997
0.595	0.001	0.403	0.001
0.001	0.001	0.997	0.001
>GTTGCT	2-GTTGCT	6.097393	-26.949102	0	T:218.0(44.95%),B:693.5(29.91%),P:1e-11	Tpos:124.9,Tstd:64.0,Bpos:123.8,Bstd:70.6,StrandBias:0.2,Multiplicity:1.41
0.187	0.001	0.811	0.001
0.001	0.001	0.001	0.997
0.001	0.001	0.001	0.997
0.139	0.001	0.859	0.001
0.001	0.997	0.001	0.001
0.001	0.316	0.001	0.682
>TMGTTA	3-TMGTTA	7.583251	-20.102696	0	T:154.0(31.75%),B:470.6(20.30%),P:1e-8	Tpos:121.4,Tstd:69.2,Bpos:119.4,Bstd:82.4,StrandBias:0.1,Multiplicity:1.25
0.001	0.001	0.001	0.997
0.487	0.511	0.001	0.001
0.001	0.001	0.997	0.001
0.001	0.001	0.001	0.997
0.001	0.001	0.001	0.997
0.997	0.001	0.001	0.001
>GATGAC	4-GATGAC	5.619145	-18.067998	0	T:252.0(51.96%),B:913.0(39.38%),P:1e-7	Tpos:130.4,Tstd:59.5,Bpos:123.5,Bstd:73.3,StrandBias:-0.1,Multiplicity:1.42
0.396	0.001	0.602	0.001
0.997	0.001	0.001	0.001
0.001	0.172	0.001	0.826
0.001	0.001	0.997	0.001
0.997	0.001	0.001	0.001
0.001	0.997	0.001	0.001
>GRTGAT	5-GRTGAT	7.585303	-7.210435	0	T:137.0(28.25%),B:510.4(22.01%),P:1e-3	Tpos:131.1,Tstd:65.2,Bpos:125.2,Bstd:75.9,StrandBias:-0.4,Multiplicity:1.35
0.001	0.001	0.997	0.001
0.488	0.001	0.510	0.001
0.001	0.001	0.001	0.997
0.001	0.001	0.997	0.001
0.997	0.001	0.001	0.001
0.001	0.001	0.001	0.997
>GTTGCCAT	1-GTTGCCAT	5.535331	-53.105133	0	T:219.0(45.15%),B:562.8(24.28%),P:1e-23	Tpos:124.9,Tstd:60.7,Bpos:124.4,Bstd:67.4,StrandBias:-0.1,Multiplicity:1.37
0.021	0.001	0.977	0.001
0.001	0.001	0.001	0.997
0.001	0.001	0.001	0.997
0.043	0.034	0.863	0.060
0.001	0.861	0.040	0.098
0.001	0.833	0.025	0.141
0.865	0.001	0.001	0.133
0.077	0.127	0.107	0.689
>ATAAATCA	2-ATAAATCA	8.025931	-46.108168	0	T:125.0(25.77%),B:248.9(10.74%),P:1e-20	Tpos:138.2,Tstd:63.4,Bpos:130.4,Bstd:68.3,StrandBias:-0.2,Multiplicity:1.14
0.865	0.040	0.094	0.001
0.001	0.001	0.001	0.997
0.625	0.222	0.001	0.152
0.997	0.001	0.001	0.001
0.954	0.001	0.044	0.001
0.001	0.001	0.001	0.997
0.001	0.870	0.128	0.001
0.966	0.001	0.032	0.001
>GGTCATTA	3-GGTCATTA	5.855662	-30.637405	0	T:56.0(11.55%),B:84.3(3.64%),P:1e-13	Tpos:113.7,Tstd:51.3,Bpos:137.0,Bstd:74.4,StrandBias:-0.6,Multiplicity:1.06
0.001	0.001	0.997	0.001
0.001	0.001	0.997	0.001
0.001	0.234	0.001	0.764
0.001	0.997	0.001	0.001
0.997	0.001	0.001	0.001
0.001	0.059	0.001	0.939
0.001	0.120	0.001	0.878
0.997	0.001	0.001	0.001
>TCGTTACT	4-TCGTTACT	6.822426	-28.944357	0	T:95.0(19.59%),B:206.5(8.91%),P:1e-12	Tpos:132.7,Tstd:65.3,Bpos:133.5,Bstd:77.6,StrandBias:0.4,Multiplicity:1.07
0.001	0.001	0.001	0.997
0.289	0.539	0.171	0.001
0.078	0.001	0.885	0.036
0.001	0.001	0.001	0.997
0.001	0.001	0.001	0.997
0.826	0.001	0.036	0.137
0.042	0.956	0.001	0.001
0.094	0.070	0.044	0.792
>RGYAATAA	5-RGYAATAA	5.103515	-28.481112	0	T:96.0(19.79%),B:211.1(9.10%),P:1e-12	Tpos:128.0,Tstd:74.4,Bpos:130.2,Bstd:76.0,StrandBias:0.4,Multiplicity:1.12
0.279	0.192	0.410	0.120
0.001	0.157	0.841	0.001
0.238	0.407	0.022	0.333
0.590	0.037	0.015	0.358
0.430	0.085	0.269	0.217
0.124	0.263	0.113	0.499
0.514	0.094	0.276	0.116
0.554	0.223	0.194	0.029
>CCTAGGAY	6-CCTAGGAY	7.141892	-24.639982	0	T:42.0(8.66%),B:60.8(2.62%),P:1e-10	Tpos:128.1,Tstd:56.9,Bpos:121.9,Bstd:70.0,StrandBias:0.0,Multiplicity:1.02
0.022	0.974	0.003	0.001
0.001	0.703	0.195	0.101
0.001	0.001	0.099	0.899
0.956	0.042	0.001	0.001
0.015	0.043	0.931	0.011
0.191	0.245	0.563	0.001
0.946	0.039	0.014	0.001
0.022	0.517	0.001	0.460
>GTTAACGA	7-GTTAACGA	9.687020	-24.201518	0	T:16.0(3.30%),B:8.6(0.37%),P:1e-10	Tpos:128.6,Tstd:65.4,Bpos:126.9,Bstd:77.2,StrandBias:-0.3,Multiplicity:1.00
0.001	0.001	0.997	0.001
0.001	0.251	0.001	0.747
0.001	0.001	0.001	0.997
0.997	0.001	0.001	0.001
0.997	0.001	0.001	0.001
0.001	0.997	0.001	0.001
0.001	0.001	0.997	0.001
0.997	0.001	0.001	0.001
>ATAAATGG	8-ATAAATGG	7.926313	-22.549778	0	T:64.0(13.20%),B:128.2(5.53%),P:1e-9	Tpos:116.8,Tstd:68.1,Bpos:118.1,Bstd:84.4,StrandBias:0.3,Multiplicity:1.03
0.893	0.001	0.105	0.001
0.001	0.099	0.001	0.899
0.997	0.001	0.001	0.001
0.928	0.001	0.070	0.001
0.997	0.001	0.001	0.001
0.001	0.001	0.001	0.997
0.001	0.001	0.761	0.237
0.001	0.001	0.997	0.001
>TAAGACAG	9-TAAGACAG	7.473491	-21.381204	0	T:65.0(13.40%),B:135.6(5.85%),P:1e-9	Tpos:124.9,Tstd:66.0,Bpos:124.6,Bstd:79.5,StrandBias:-0.2,Multiplicity:1.10
0.001	0.001	0.354	0.644
0.776	0.159	0.036	0.029
0.858	0.031	0.001	0.110
0.213	0.001	0.785	0.001
0.818	0.031	0.142	0.009
0.073	0.798	0.081	0.048
0.963	0.030	0.001	0.006
0.001	0.001	0.767	0.231
>AACGACGC	10-AACGACGC	8.236954	-21.086037	0	T:9.0(1.86%),B:2.4(0.11%),P:1e-9	Tpos:120.2,Tstd:53.3,Bpos:150.2,Bstd:43.2,StrandBias:-0.7,Multiplicity:1.00
0.700	0.100	0.100	0.100
0.700	0.100	0.100	0.100
0.100	0.700	0.100	0.100
0.100	0.100	0.700	0.100
0.700	0.100	0.100	0.100
0.100	0.700	0.100	0.100
0.100	0.100	0.700	0.100
0.100	0.700	0.100	0.100
>GATACTAT	11-GATACTAT	8.672261	-18.875490	0	T:42.0(8.66%),B:73.4(3.17%),P:1e-8	Tpos:135.9,Tstd:70.0,Bpos:109.0,Bstd:75.0,StrandBias:0.3,Multiplicity:1.10
0.001	0.001	0.997	0.001
0.997	0.001	0.001	0.001
0.001	0.001	0.001	0.997
0.997	0.001	0.001	0.001
0.001	0.997	0.001	0.001
0.136	0.001	0.137	0.726
0.667	0.001	0.136	0.196
0.001	0.001	0.001	0.997
>CTGACACC	12-CTGACACC	8.824724	-18.782975	0	T:22.0(4.54%),B:23.2(1.00%),P:1e-8	Tpos:120.4,Tstd:52.2,Bpos:121.8,Bstd:53.3,StrandBias:1.0,Multiplicity:1.14
0.001	0.997	0.001	0.001
0.174	0.001	0.001	0.824
0.001	0.001	0.997	0.001
0.837	0.001	0.001	0.161
0.001	0.997	0.001	0.001
0.794	0.204	0.001	0.001
0.001	0.997	0.001	0.001
0.001	0.997	0.001	0.001
>GTCGTCAT	13-GTCGTCAT	7.858192	-17.813808	0	T:25.0(5.15%),B:31.6(1.36%),P:1e-7	Tpos:122.6,Tstd:53.6,Bpos:128.0,Bstd:58.6,StrandBias:-0.1,Multiplicity:1.16
0.001	0.001	0.997	0.001
0.001	0.100	0.001	0.898
0.001	0.997	0.001	0.001
0.001	0.059	0.939	0.001
0.001	0.001	0.059	0.939
0.195	0.803	0.001	0.001
0.997	0.001	0.001	0.001
0.001	0.001	0.001	0.997
>GCGCACAT	14-GCGCACAT	7.262600	-17.566651	0	T:53.0(10.93%),B:110.3(4.76%),P:1e-7	Tpos:126.5,Tstd:61.7,Bpos:124.3,Bstd:62.3,StrandBias:-0.2,Multiplicity:1.19
0.001	0.059	0.918	0.022
0.001	0.997	0.001	0.001
0.039	0.030	0.930	0.001
0.069	0.743	0.067	0.121
0.919	0.001	0.079	0.001
0.001	0.876	0.001	0.122
0.715	0.030	0.206	0.049
0.001	0.068	0.001	0.930
>CGAGCCTA	15-CGAGCCTA	8.236954	-16.172989	0	T:6.0(1.24%),B:1.7(0.07%),P:1e-7	Tpos:92.5,Tstd:79.2,Bpos:4.0,Bstd:0.0,StrandBias:2.3,Multiplicity:1.00
0.100	0.700	0.100	0.100
0.100	0.100	0.700	0.100
0.700	0.100	0.100	0.100
0.100	0.100	0.700	0.100
0.100	0.700	0.100	0.100
0.100	0.700	0.100	0.100
0.100	0.100	0.100	0.700
0.700	0.100	0.100	0.100
>TGATCGCA	16-TGATCGCA	8.940691	-12.333731	0	T:11.0(2.27%),B:9.3(0.40%),P:1e-5	Tpos:130.7,Tstd:51.0,Bpos:122.3,Bstd:55.7,StrandBias:-0.3,Multiplicity:1.00
0.001	0.001	0.001	0.997
0.001	0.001	0.997	0.001
0.879	0.001	0.001	0.119
0.001	0.001	0.001	0.997
0.001	0.997	0.001	0.001
0.001	0.001	0.997	0.001
0.001	0.997	0.001	0.001
0.997	0.001	0.001	0.001
>ATGTAGCG	17-ATGTAGCG	8.713924	-12.204673	0	T:20.0(4.12%),B:29.3(1.26%),P:1e-5	Tpos:126.8,Tstd:51.5,Bpos:129.0,Bstd:55.1,StrandBias:0.9,Multiplicity:1.25
0.997	0.001	0.001	0.001
0.001	0.150	0.001	0.848
0.001	0.001	0.997	0.001
0.001	0.001	0.162	0.836
0.997	0.001	0.001	0.001
0.133	0.001	0.865	0.001
0.001	0.997	0.001	0.001
0.001	0.001	0.997	0.001
>AAAGTTAG	18-AAAGTTAG	9.527543	-12.201244	0	T:14.0(2.89%),B:15.9(0.69%),P:1e-5	Tpos:128.5,Tstd:90.5,Bpos:145.0,Bstd:89.5,StrandBias:-0.4,Multiplicity:1.00
0.997	0.001	0.001	0.001
0.784	0.001	0.214	0.001
0.997	0.001	0.001	0.001
0.001	0.001	0.997	0.001
0.001	0.001	0.001	0.997
0.001	0.001	0.001	0.997
0.997	0.001	0.001	0.001
0.001	0.001	0.997	0.001
>GCTCCGCC	19-GCTCCGCC	8.236954	-12.190322	0	T:6.0(1.24%),B:2.7(0.11%),P:1e-5	Tpos:145.8,Tstd:70.1,Bpos:104.5,Bstd:34.9,StrandBias:-1.0,Multiplicity:1.00
0.100	0.100	0.700	0.100
0.100	0.700	0.100	0.100
0.100	0.100	0.100	0.700
0.100	0.700	0.100	0.100
0.100	0.700	0.100	0.100
0.100	0.100	0.700	0.100
0.100	0.700	0.100	0.100
0.100	0.700	0.100	0.100
>GAGCCCCA	20-GAGCCCCA	5.933701	-11.302688	0	T:23.0(4.74%),B:39.6(1.71%),P:1e-4	Tpos:120.5,Tstd:62.1,Bpos:125.5,Bstd:56.6,StrandBias:0.0,Multiplicity:1.33
0.001	0.001	0.997	0.001
0.997	0.001	0.001	0.001
0.001	0.245	0.753	0.001
0.001	0.997	0.001	0.001
0.031	0.967	0.001	0.001
0.001	0.997	0.001	0.001
0.001	0.770	0.228	0.001
0.997	0.001	0.001	0.001
>CGCGCACT	21-CGCGCACT	8.236954	-10.551779	0	T:12.0(2.47%),B:13.2(0.57%),P:1e-4	Tpos:129.6,Tstd:61.9,Bpos:109.4,Bstd:68.4,StrandBias:0.0,Multiplicity:1.25
0.100	0.700	0.100	0.100
0.100	0.100	0.700	0.100
0.100	0.700	0.100	0.100
0.100	0.100	0.700	0.100
0.100	0.700	0.100	0.100
0.700	0.100	0.100	0.100
0.100	0.700	0.100	0.100
0.100	0.100	0.100	0.700
>GGTCCACC	22-GGTCCACC	8.236954	-10.532747	0	T:7.0(1.44%),B:5.0(0.21%),P:1e-4	Tpos:114.4,Tstd:86.6,Bpos:94.7,Bstd:14.8,StrandBias:-0.3,Multiplicity:1.29
0.100	0.100	0.700	0.100
0.100	0.100	0.700	0.100
0.100	0.100	0.100	0.700
0.100	0.700	0.100	0.100
0.100	0.700	0.100	0.100
0.700	0.100	0.100	0.100
0.100	0.700	0.100	0.100
0.100	0.700	0.100	0.100
>GAGCAATG	23-GAGCAATG	8.236954	-7.992622	0	T:8.0(1.65%),B:9.0(0.39%),P:1e-3	Tpos:145.8,Tstd:66.9,Bpos:122.7,Bstd:84.6,StrandBias:-1.8,Multiplicity:1.29
0.100	0.100	0.700	0.100
0.700	0.100	0.100	0.100
0.100	0.100	0.700	0.100
0.100	0.700	0.100	0.100
0.700	0.100	0.100	0.100
0.700	0.100	0.100	0.100
0.100	0.100	0.100	0.700
0.100	0.100	0.700	0.100
>TGGGTAGT	24-TGGGTAGT	8.236954	-2.796879	0	T:4.0(0.82%),B:7.1(0.31%),P:1e-1	Tpos:112.7,Tstd:59.6,Bpos:145.8,Bstd:77.0,StrandBias:3.0,Multiplicity:2.25
0.100	0.100	0.100	0.700
0.100	0.100	0.700	0.100
0.100	0.100	0.700	0.100
0.100	0.100	0.700	0.100
0.100	0.100	0.100	0.700
0.700	0.100	0.100	0.100
0.100	0.100	0.700	0.100
0.100	0.100	0.100	0.700
>TCCACCAA	25-TCCACCAA	8.236954	-2.209576	0	T:5.0(1.03%),B:12.5(0.54%),P:1e0	Tpos:184.9,Tstd:40.4,Bpos:142.5,Bstd:76.8,StrandBias:-2.7,Multiplicity:3.00
0.100	0.100	0.100	0.700
0.100	0.700	0.100	0.100
0.100	0.700	0.100	0.100
0.700	0.100	0.100	0.100
0.100	0.700	0.100	0.100
0.100	0.700	0.100	0.100
0.700	0.100	0.100	0.100
0.700	0.100	0.100	0.100
