>CCATGGCAAC	1-CCATGGCAAC	6.314483	-78.576935	0	T:204.0(42.06%),B:417.9(18.02%),P:1e-34	Tpos:123.8,Tstd:58.7,Bpos:122.2,Bstd:66.3,StrandBias:0.2,Multiplicity:1.59
0.068	0.563	0.118	0.251
0.001	0.841	0.001	0.157
0.688	0.162	0.011	0.139
0.125	0.001	0.021	0.853
0.298	0.001	0.700	0.001
0.073	0.079	0.837	0.011
0.249	0.479	0.001	0.270
0.798	0.001	0.057	0.144
0.885	0.001	0.113	0.001
0.043	0.728	0.043	0.186
>GTCATTTATC	2-GTCATTTATC	8.624821	-48.935330	0	T:54.0(11.13%),B:51.2(2.21%),P:1e-21	Tpos:124.2,Tstd:62.9,Bpos:131.9,Bstd:74.2,StrandBias:0.1,Multiplicity:1.05
0.052	0.001	0.847	0.100
0.001	0.375	0.001	0.623
0.326	0.570	0.100	0.004
0.678	0.271	0.050	0.001
0.050	0.002	0.154	0.794
0.001	0.307	0.001	0.691
0.419	0.001	0.001	0.579
0.899	0.099	0.001	0.001
0.001	0.049	0.001	0.949
0.050	0.946	0.003	0.001
>MGTTAACGAT	3-MGTTAACGAT	10.467306	-39.084409	0	T:12.0(2.47%),B:0.7(0.03%),P:1e-16	Tpos:147.1,Tstd:60.5,Bpos:110.0,Bstd:0.0,StrandBias:0.7,Multiplicity:1.00
0.454	0.393	0.001	0.151
0.001	0.001	0.997	0.001
0.001	0.169	0.151	0.679
0.001	0.001	0.001	0.997
0.847	0.001	0.001	0.151
0.997	0.001	0.001	0.001
0.001	0.997	0.001	0.001
0.001	0.001	0.997	0.001
0.847	0.001	0.001	0.151
0.001	0.001	0.001	0.997
>CAATAAATCA	4-CAATAAATCA	9.385443	-36.758473	0	T:48.0(9.90%),B:54.1(2.33%),P:1e-15	Tpos:140.2,Tstd:69.3,Bpos:136.7,Bstd:63.1,StrandBias:0.0,Multiplicity:1.02
0.075	0.738	0.047	0.140
0.935	0.032	0.001	0.032
0.966	0.001	0.001	0.032
0.001	0.032	0.001	0.966
0.893	0.105	0.001	0.001
0.779	0.032	0.001	0.188
0.935	0.032	0.032	0.001
0.030	0.001	0.001	0.968
0.001	0.907	0.091	0.001
0.997	0.001	0.001	0.001
>TGCAACCAGA	5-TGCAACCAGA	10.446529	-35.673400	0	T:15.0(3.09%),B:3.1(0.13%),P:1e-15	Tpos:137.1,Tstd:74.1,Bpos:109.9,Bstd:67.7,StrandBias:-0.4,Multiplicity:1.07
0.083	0.001	0.083	0.833
0.001	0.082	0.916	0.001
0.083	0.833	0.001	0.083
0.916	0.001	0.082	0.001
0.997	0.001	0.001	0.001
0.001	0.997	0.001	0.001
0.001	0.833	0.083	0.083
0.916	0.001	0.001	0.082
0.001	0.083	0.833	0.083
0.997	0.001	0.001	0.001
>GGGCCATTAA	6-GGGCCATTAA	6.655425	-35.170521	0	T:88.0(18.14%),B:164.3(7.09%),P:1e-15	Tpos:118.8,Tstd:60.3,Bpos:123.8,Bstd:68.7,StrandBias:-0.5,Multiplicity:1.12
0.133	0.077	0.714	0.076
0.045	0.052	0.827	0.076
0.045	0.046	0.864	0.045
0.015	0.782	0.046	0.157
0.091	0.737	0.030	0.142
0.894	0.030	0.045	0.031
0.076	0.061	0.045	0.818
0.117	0.096	0.015	0.772
0.803	0.045	0.045	0.107
0.801	0.046	0.062	0.091
>CCGTCTCTCG	7-CCGTCTCTCG	9.703804	-34.417458	0	T:13.0(2.68%),B:2.5(0.11%),P:1e-14	Tpos:123.1,Tstd:68.4,Bpos:131.3,Bstd:84.3,StrandBias:0.2,Multiplicity:1.15
0.001	0.687	0.104	0.208
0.001	0.997	0.001	0.001
0.001	0.147	0.851	0.001
0.103	0.001	0.001	0.895
0.001	0.895	0.001	0.103
0.001	0.001	0.001	0.997
0.001	0.895	0.103	0.001
0.001	0.001	0.103	0.895
0.001	0.895	0.103	0.001
0.001	0.103	0.895	0.001
>CTTCAAATGA	8-CTTCAAATGA	6.797955	-28.909161	0	T:132.0(27.22%),B:336.6(14.52%),P:1e-12	Tpos:128.5,Tstd:71.0,Bpos:120.8,Bstd:78.7,StrandBias:-0.0,Multiplicity:1.13
0.066	0.828	0.035	0.071
0.084	0.054	0.075	0.787
0.054	0.035	0.075	0.836
0.089	0.728	0.071	0.112
0.855	0.063	0.021	0.061
0.806	0.089	0.042	0.063
0.830	0.028	0.073	0.069
0.057	0.094	0.054	0.795
0.102	0.075	0.727	0.096
0.813	0.049	0.070	0.068
>CCTTACCATG	9-CCTTACCATG	8.433064	-28.779586	0	T:21.0(4.33%),B:12.7(0.55%),P:1e-12	Tpos:125.3,Tstd:58.7,Bpos:172.0,Bstd:64.9,StrandBias:2.2,Multiplicity:1.13
0.031	0.845	0.062	0.062
0.124	0.676	0.031	0.169
0.062	0.031	0.031	0.876
0.031	0.031	0.062	0.876
0.968	0.001	0.001	0.030
0.062	0.814	0.062	0.062
0.095	0.694	0.073	0.138
0.717	0.157	0.064	0.062
0.064	0.031	0.001	0.904
0.062	0.166	0.648	0.124
>TCCTAGGAGA	10-TCCTAGGAGA	9.346424	-28.630725	0	T:14.0(2.89%),B:4.2(0.18%),P:1e-12	Tpos:126.4,Tstd:50.1,Bpos:178.9,Bstd:44.1,StrandBias:0.5,Multiplicity:1.00
0.001	0.001	0.001	0.997
0.001	0.926	0.070	0.003
0.069	0.929	0.001	0.001
0.137	0.066	0.001	0.796
0.865	0.001	0.001	0.133
0.001	0.001	0.862	0.136
0.291	0.001	0.707	0.001
0.865	0.001	0.001	0.133
0.234	0.162	0.401	0.204
0.712	0.150	0.137	0.001
>ACGTACGTAT	11-ACGTACGTAT	10.426990	-27.139968	0	T:9.0(1.86%),B:1.9(0.08%),P:1e-11	Tpos:127.2,Tstd:70.7,Bpos:114.6,Bstd:55.5,StrandBias:1.2,Multiplicity:1.22
0.911	0.087	0.001	0.001
0.088	0.615	0.088	0.209
0.001	0.001	0.911	0.087
0.001	0.001	0.001	0.997
0.997	0.001	0.001	0.001
0.087	0.911	0.001	0.001
0.088	0.088	0.736	0.088
0.001	0.001	0.001	0.997
0.997	0.001	0.001	0.001
0.001	0.001	0.001	0.997
>TGACAAATGG	12-TGACAAATGG	9.313364	-27.008628	0	T:30.0(6.19%),B:29.3(1.26%),P:1e-11	Tpos:119.4,Tstd:69.3,Bpos:112.6,Bstd:76.7,StrandBias:-1.2,Multiplicity:1.10
0.058	0.001	0.058	0.883
0.057	0.001	0.941	0.001
0.883	0.058	0.058	0.001
0.071	0.870	0.001	0.058
0.941	0.001	0.057	0.001
0.883	0.058	0.058	0.001
0.849	0.001	0.149	0.001
0.001	0.001	0.057	0.941
0.058	0.001	0.883	0.058
0.001	0.058	0.780	0.161
>TAATTAATTT	13-TAATTAATTT	10.822481	-24.743638	0	T:17.0(3.51%),B:9.9(0.43%),P:1e-10	Tpos:137.5,Tstd:60.7,Bpos:151.8,Bstd:55.4,StrandBias:0.0,Multiplicity:1.07
0.001	0.001	0.001	0.997
0.997	0.001	0.001	0.001
0.930	0.001	0.068	0.001
0.001	0.069	0.069	0.861
0.001	0.001	0.001	0.997
0.997	0.001	0.001	0.001
0.997	0.001	0.001	0.001
0.001	0.001	0.001	0.997
0.001	0.001	0.001	0.997
0.001	0.001	0.164	0.834
>GTCTAGCAAC	14-GTCTAGCAAC	10.681070	-24.281584	0	T:10.0(2.06%),B:2.8(0.12%),P:1e-10	Tpos:119.9,Tstd:66.1,Bpos:125.1,Bstd:58.9,StrandBias:1.4,Multiplicity:1.10
0.001	0.001	0.899	0.099
0.001	0.001	0.001	0.997
0.001	0.899	0.099	0.001
0.100	0.100	0.001	0.799
0.899	0.001	0.099	0.001
0.001	0.001	0.997	0.001
0.099	0.899	0.001	0.001
0.899	0.001	0.001	0.099
0.899	0.099	0.001	0.001
0.001	0.899	0.001	0.099
>GTAAAGTCTA	15-GTAAAGTCTA	8.217369	-24.281584	0	T:10.0(2.06%),B:2.7(0.12%),P:1e-10	Tpos:83.1,Tstd:69.7,Bpos:195.7,Bstd:33.2,StrandBias:-0.6,Multiplicity:1.00
0.056	0.226	0.540	0.178
0.183	0.038	0.056	0.723
0.564	0.226	0.191	0.019
0.735	0.038	0.177	0.050
0.664	0.044	0.202	0.090
0.038	0.232	0.558	0.172
0.059	0.195	0.006	0.740
0.221	0.683	0.046	0.050
0.235	0.044	0.038	0.683
0.504	0.195	0.025	0.276
>GAACCTCTTG	16-GAACCTCTTG	10.666616	-23.300763	0	T:11.0(2.27%),B:4.0(0.17%),P:1e-10	Tpos:98.7,Tstd:59.2,Bpos:175.3,Bstd:17.3,StrandBias:0.0,Multiplicity:1.09
0.001	0.001	0.997	0.001
0.899	0.099	0.001	0.001
0.899	0.001	0.001	0.099
0.001	0.997	0.001	0.001
0.001	0.899	0.099	0.001
0.001	0.001	0.099	0.899
0.001	0.799	0.100	0.100
0.099	0.001	0.001	0.899
0.001	0.001	0.001	0.997
0.001	0.100	0.799	0.100
>TGCGCACACG	17-TGCGCACACG	9.567201	-22.506905	0	T:16.0(3.30%),B:10.0(0.43%),P:1e-9	Tpos:114.1,Tstd:55.7,Bpos:105.9,Bstd:44.6,StrandBias:0.5,Multiplicity:1.06
0.001	0.001	0.001	0.997
0.001	0.001	0.997	0.001
0.001	0.820	0.178	0.001
0.001	0.001	0.997	0.001
0.001	0.997	0.001	0.001
0.820	0.001	0.178	0.001
0.178	0.643	0.178	0.001
0.941	0.001	0.057	0.001
0.034	0.787	0.178	0.001
0.001	0.001	0.997	0.001
>ACCAYCACCC	18-ACCAYCACCC	9.776637	-20.828264	0	T:19.0(3.92%),B:15.0(0.65%),P:1e-9	Tpos:94.4,Tstd:59.0,Bpos:112.9,Bstd:57.8,StrandBias:0.8,Multiplicity:1.22
0.997	0.001	0.001	0.001
0.269	0.729	0.001	0.001
0.001	0.913	0.001	0.085
0.997	0.001	0.001	0.001
0.001	0.460	0.001	0.538
0.001	0.815	0.001	0.183
0.844	0.154	0.001	0.001
0.001	0.922	0.001	0.076
0.001	0.997	0.001	0.001
0.097	0.901	0.001	0.001
>AAGCGGATGA	19-AAGCGGATGA	9.978302	-20.522847	0	T:12.0(2.47%),B:5.6(0.24%),P:1e-8	Tpos:155.6,Tstd:68.0,Bpos:151.2,Bstd:53.5,StrandBias:1.3,Multiplicity:1.42
0.817	0.061	0.061	0.061
0.997	0.001	0.001	0.001
0.060	0.001	0.938	0.001
0.145	0.550	0.244	0.061
0.001	0.001	0.997	0.001
0.001	0.060	0.938	0.001
0.997	0.001	0.001	0.001
0.060	0.001	0.001	0.938
0.001	0.001	0.997	0.001
0.877	0.061	0.001	0.061
>GTGAATAAGA	20-GTGAATAAGA	10.966447	-20.412657	0	T:10.0(2.06%),B:3.6(0.16%),P:1e-8	Tpos:119.9,Tstd:67.2,Bpos:225.7,Bstd:18.9,StrandBias:-0.5,Multiplicity:1.20
0.001	0.001	0.997	0.001
0.001	0.001	0.001	0.997
0.001	0.001	0.997	0.001
0.721	0.277	0.001	0.001
0.721	0.001	0.001	0.277
0.150	0.001	0.001	0.848
0.997	0.001	0.001	0.001
0.997	0.001	0.001	0.001
0.001	0.001	0.721	0.277
0.997	0.001	0.001	0.001
>GGCACTATTC	21-GGCACTATTC	10.842469	-19.699042	0	T:7.0(1.44%),B:0.6(0.03%),P:1e-8	Tpos:145.0,Tstd:47.2,Bpos:183.0,Bstd:0.0,StrandBias:2.0,Multiplicity:1.43
0.001	0.001	0.746	0.252
0.001	0.106	0.787	0.106
0.106	0.787	0.001	0.106
0.997	0.001	0.001	0.001
0.001	0.997	0.001	0.001
0.001	0.001	0.001	0.997
0.892	0.001	0.106	0.001
0.001	0.001	0.001	0.997
0.001	0.001	0.001	0.997
0.001	0.892	0.001	0.106
>CTACCTTATT	22-CTACCTTATT	8.688372	-18.010314	0	T:26.0(5.36%),B:33.2(1.43%),P:1e-7	Tpos:117.3,Tstd:68.7,Bpos:134.3,Bstd:77.0,StrandBias:-0.5,Multiplicity:1.16
0.068	0.930	0.001	0.001
0.163	0.001	0.069	0.767
0.930	0.068	0.001	0.001
0.001	0.997	0.001	0.001
0.068	0.930	0.001	0.001
0.068	0.001	0.001	0.930
0.001	0.001	0.001	0.997
0.835	0.001	0.001	0.163
0.001	0.001	0.001	0.997
0.001	0.001	0.163	0.835
>ATCCTAGCCT	23-ATCCTAGCCT	10.785449	-12.815513	0	T:8.0(1.65%),B:4.6(0.20%),P:1e-5	Tpos:122.3,Tstd:45.1,Bpos:113.5,Bstd:113.0,StrandBias:-0.7,Multiplicity:1.62
0.997	0.001	0.001	0.001
0.277	0.001	0.001	0.721
0.001	0.997	0.001	0.001
0.001	0.997	0.001	0.001
0.001	0.001	0.001	0.997
0.721	0.001	0.277	0.001
0.001	0.001	0.997	0.001
0.001	0.997	0.001	0.001
0.277	0.721	0.001	0.001
0.150	0.001	0.001	0.848
>TTTAAAAATG	24-TTTAAAAATG	10.296193	-12.367761	0	T:7.0(1.44%),B:3.9(0.17%),P:1e-5	Tpos:88.1,Tstd:59.1,Bpos:70.1,Bstd:62.7,StrandBias:0.7,Multiplicity:1.14
0.100	0.100	0.100	0.700
0.100	0.100	0.100	0.700
0.100	0.100	0.100	0.700
0.700	0.100	0.100	0.100
0.700	0.100	0.100	0.100
0.700	0.100	0.100	0.100
0.700	0.100	0.100	0.100
0.700	0.100	0.100	0.100
0.100	0.100	0.100	0.700
0.100	0.100	0.700	0.100
>TCCACCAATC	25-TCCACCAATC	7.298568	-7.217324	0	T:6.0(1.24%),B:5.7(0.25%),P:1e-3	Tpos:176.3,Tstd:41.5,Bpos:131.1,Bstd:23.4,StrandBias:-2.8,Multiplicity:2.67
0.038	0.001	0.001	0.960
0.001	0.997	0.001	0.001
0.001	0.960	0.001	0.038
0.997	0.001	0.001	0.001
0.001	0.997	0.001	0.001
0.001	0.997	0.001	0.001
0.997	0.001	0.001	0.001
0.997	0.001	0.001	0.001
0.001	0.001	0.001	0.997
0.001	0.997	0.001	0.001
