>TTAACAGGTACC	2-GGTACCTGTTAA	7.606848	-36.259765	0	T:48.0(23.53%),B:139.1(5.95%),P:1e-15
0.107	0.027	0.105	0.761
0.105	0.131	0.026	0.738
0.762	0.001	0.105	0.132
0.763	0.026	0.132	0.079
0.103	0.895	0.001	0.001
0.684	0.053	0.105	0.158
0.105	0.026	0.739	0.130
0.104	0.104	0.791	0.001
0.078	0.026	0.001	0.895
0.685	0.078	0.079	0.158
0.184	0.554	0.130	0.132
0.053	0.736	0.053	0.158
