>ATGGTTCATTTG	8-ATGGTTCATTTG,BestGuess:grh/dmmpmm(Pollard)/fly(0.659)	11.194196	-21.368996	0	T:5.0(5.49%),B:0.4(0.01%),P:1e-9
0.726	0.109	0.055	0.110
0.005	0.109	0.001	0.885
0.055	0.055	0.661	0.229
0.055	0.164	0.672	0.109
0.108	0.001	0.001	0.890
0.001	0.001	0.054	0.944
0.110	0.671	0.055	0.164
0.722	0.060	0.109	0.109
0.109	0.164	0.164	0.563
0.109	0.055	0.055	0.781
0.164	0.001	0.054	0.781
0.109	0.005	0.717	0.169
