>GTCTCCTAGGAA	10-GTCTCCTAGGAA	10.563766	-32.341110	0	T:12.0(2.96%),B:3.0(0.14%),P:1e-14
0.126	0.063	0.685	0.126
0.001	0.125	0.001	0.873
0.125	0.749	0.125	0.001
0.001	0.001	0.011	0.987
0.001	0.873	0.001	0.125
0.063	0.725	0.001	0.211
0.012	0.063	0.063	0.862
0.725	0.001	0.211	0.063
0.001	0.062	0.936	0.001
0.125	0.063	0.811	0.001
0.936	0.062	0.001	0.001
0.873	0.063	0.063	0.001
