>ATTAATCACCTT	8-ATTAATCACCTT	10.027427	-33.057154	0	T:28.0(6.90%),B:22.9(1.05%),P:1e-14
0.830	0.068	0.068	0.034
0.101	0.034	0.001	0.864
0.137	0.067	0.001	0.795
0.931	0.001	0.001	0.067
0.896	0.034	0.068	0.002
0.034	0.034	0.068	0.864
0.138	0.620	0.138	0.104
0.898	0.067	0.001	0.034
0.036	0.828	0.001	0.135
0.138	0.760	0.068	0.034
0.001	0.033	0.001	0.965
0.068	0.068	0.101	0.763
