>CATTCGTACGAA	3-CATTCGTACGAA,BestGuess:STAT6(Stat)/CD4-Stat6-ChIP-Seq(GSE22104)/Homer(0.669)	9.867188	-40.492267	0	T:12.0(2.96%),B:1.2(0.06%),P:1e-17
0.083	0.833	0.083	0.001
0.916	0.001	0.001	0.082
0.082	0.001	0.001	0.916
0.001	0.083	0.083	0.833
0.082	0.916	0.001	0.001
0.083	0.001	0.833	0.083
0.166	0.001	0.001	0.832
0.750	0.001	0.166	0.083
0.001	0.666	0.083	0.250
0.001	0.001	0.832	0.166
0.916	0.082	0.001	0.001
0.916	0.001	0.001	0.082
