>GTTTTATGTGGT	4-GTTTTATGTGGT,BestGuess:RUNX2(Runt)/PCa-RUNX2-ChIP-Seq(GSE33889)/Homer(0.725)	8.955534	-35.420681	0	T:34.0(12.69%),B:51.1(2.21%),P:1e-15
0.003	0.107	0.819	0.071
0.110	0.036	0.061	0.793
0.106	0.001	0.106	0.787
0.035	0.035	0.001	0.929
0.001	0.001	0.035	0.963
0.545	0.142	0.107	0.206
0.035	0.001	0.035	0.929
0.107	0.071	0.819	0.003
0.035	0.071	0.001	0.893
0.001	0.035	0.787	0.177
0.035	0.001	0.929	0.035
0.107	0.036	0.036	0.821
