>TTTTAGAATTCT	1-AGAATTCTAAAA	10.471709	-50.435914	0	T:15.0(5.60%),B:2.2(0.09%),P:1e-21
0.001	0.146	0.001	0.852
0.147	0.049	0.098	0.706
0.098	0.049	0.049	0.804
0.001	0.048	0.001	0.950
0.706	0.049	0.147	0.098
0.049	0.101	0.846	0.004
0.901	0.049	0.001	0.049
0.804	0.146	0.001	0.049
0.097	0.001	0.049	0.853
0.052	0.001	0.049	0.898
0.053	0.796	0.098	0.053
0.001	0.097	0.001	0.901
