>CCCGCAACCCGC	6-CCCGCAACCCGC	7.751568	-88.156589	0	T:55.0(4.00%),B:5.9(0.41%),P:1e-38
0.110	0.762	0.087	0.041
0.118	0.732	0.058	0.092
0.115	0.716	0.048	0.121
0.151	0.092	0.659	0.098
0.087	0.768	0.046	0.099
0.747	0.126	0.040	0.087
0.769	0.081	0.058	0.092
0.128	0.756	0.058	0.058
0.058	0.844	0.046	0.052
0.081	0.694	0.052	0.173
0.063	0.081	0.735	0.121
0.046	0.833	0.046	0.075
