>CCACCTGTADAC	2-CCACCTGTADAC	7.892269	-110.038456	0	T:39.0(2.83%),B:1.9(0.13%),P:1e-47
0.210	0.508	0.156	0.126
0.171	0.611	0.055	0.163
0.819	0.094	0.040	0.047
0.075	0.813	0.047	0.065
0.242	0.583	0.037	0.138
0.141	0.080	0.124	0.655
0.132	0.136	0.650	0.082
0.124	0.200	0.071	0.605
0.556	0.109	0.137	0.198
0.302	0.126	0.355	0.217
0.570	0.128	0.135	0.167
0.202	0.485	0.126	0.187
