>ACAGGTGGCGCA	3-ACAGGTGGCGCA	9.979641	-102.723805	0	T:45.0(3.27%),B:2.5(0.18%),P:1e-44
0.873	0.001	0.125	0.001
0.025	0.924	0.050	0.001
0.499	0.001	0.342	0.158
0.050	0.025	0.924	0.001
0.001	0.075	0.874	0.050
0.001	0.025	0.001	0.973
0.025	0.001	0.916	0.058
0.025	0.025	0.900	0.050
0.001	0.870	0.025	0.104
0.267	0.108	0.444	0.181
0.164	0.556	0.230	0.050
0.721	0.050	0.100	0.129
