>ACAWTTGYKGGT	11-ACCMRCAAWTGT	10.007642	-54.710981	0	T:29.0(2.11%),B:2.0(0.14%),P:1e-23
0.830	0.001	0.168	0.001
0.043	0.620	0.138	0.199
0.962	0.001	0.036	0.001
0.403	0.043	0.037	0.517
0.036	0.001	0.001	0.962
0.110	0.001	0.001	0.888
0.037	0.001	0.850	0.112
0.001	0.467	0.001	0.531
0.224	0.001	0.450	0.325
0.073	0.001	0.925	0.001
0.162	0.001	0.600	0.237
0.199	0.164	0.037	0.600
