>TAYGRCCACCAG	12-TAYGRCCACCAG	8.561732	-49.254726	0	T:27.0(1.96%),B:2.6(0.18%),P:1e-21
0.205	0.243	0.009	0.543
0.683	0.117	0.186	0.014
0.019	0.451	0.149	0.382
0.182	0.155	0.416	0.248
0.341	0.014	0.463	0.182
0.014	0.817	0.155	0.014
0.168	0.729	0.094	0.009
0.879	0.009	0.098	0.014
0.014	0.878	0.019	0.089
0.290	0.519	0.186	0.005
0.552	0.154	0.093	0.201
0.168	0.112	0.626	0.094
