>ATTAATTAATGA	23-ATTAATTAATGA	10.604258	-34.353065	0	T:28.0(2.03%),B:4.9(0.34%),P:1e-14
0.795	0.060	0.059	0.086
0.218	0.058	0.054	0.670
0.109	0.078	0.059	0.754
0.764	0.068	0.058	0.110
0.811	0.040	0.036	0.113
0.124	0.042	0.058	0.776
0.107	0.103	0.069	0.721
0.779	0.078	0.046	0.097
0.716	0.054	0.065	0.165
0.079	0.046	0.035	0.840
0.129	0.083	0.560	0.228
0.816	0.068	0.036	0.080
