>TACAGACTATGT	16-ACATAGTCTGTA	9.169980	-44.372441	0	T:20.0(1.45%),B:1.0(0.07%),P:1e-19
0.102	0.066	0.056	0.776
0.842	0.010	0.082	0.066
0.148	0.708	0.051	0.093
0.826	0.031	0.061	0.082
0.176	0.077	0.645	0.102
0.831	0.046	0.051	0.072
0.118	0.602	0.110	0.170
0.102	0.062	0.036	0.800
0.661	0.106	0.067	0.166
0.056	0.081	0.041	0.822
0.117	0.082	0.688	0.113
0.067	0.061	0.061	0.811
