>CGGCAGTGGATC	14-CGGCAGTGGATC,BestGuess:ZNF354C/MA0130.1/Jaspar(0.667)	8.023429	-47.483368	0	T:21.0(1.53%),B:1.9(0.13%),P:1e-20
0.029	0.825	0.059	0.087
0.149	0.128	0.613	0.110
0.097	0.078	0.746	0.079
0.129	0.706	0.058	0.107
0.823	0.039	0.039	0.099
0.117	0.078	0.754	0.051
0.117	0.068	0.080	0.735
0.058	0.019	0.815	0.108
0.098	0.068	0.776	0.058
0.715	0.070	0.058	0.157
0.098	0.049	0.061	0.792
0.108	0.722	0.050	0.120
