>TCAAAACATTTC	24-GAAATGTTTTGA	10.734335	-31.399980	0	T:20.0(1.45%),B:2.9(0.20%),P:1e-13
0.055	0.061	0.105	0.779
0.082	0.790	0.064	0.064
0.937	0.020	0.020	0.023
0.836	0.082	0.041	0.041
0.796	0.041	0.061	0.102
0.898	0.001	0.081	0.020
0.020	0.956	0.001	0.023
0.837	0.041	0.061	0.061
0.061	0.061	0.041	0.837
0.020	0.003	0.102	0.875
0.023	0.084	0.102	0.791
0.102	0.712	0.020	0.166
