>ACATAGTCTGTA	16-ACATAGTCTGTA,BestGuess:Tb_0216(RRM)/Trypanosoma_brucei-RNCMPT00216-PBM/HughesRNA(0.602)	9.169980	-44.372441	0	T:20.0(1.45%),B:1.0(0.07%),P:1e-19
0.811	0.061	0.061	0.067
0.113	0.688	0.082	0.117
0.822	0.041	0.081	0.056
0.166	0.067	0.106	0.661
0.800	0.036	0.062	0.102
0.170	0.110	0.602	0.118
0.072	0.051	0.046	0.831
0.102	0.645	0.077	0.176
0.082	0.061	0.031	0.826
0.093	0.051	0.708	0.148
0.066	0.082	0.010	0.842
0.776	0.056	0.066	0.102
