>TTTTGCAGGTTC	8-TTTTGCAGGTTC	9.219494	-83.564538	0	T:49.0(3.56%),B:4.7(0.33%),P:1e-36
0.029	0.059	0.029	0.883
0.029	0.122	0.059	0.790
0.028	0.001	0.001	0.970
0.029	0.059	0.029	0.883
0.001	0.029	0.912	0.058
0.001	0.911	0.087	0.001
0.870	0.063	0.001	0.066
0.062	0.059	0.743	0.136
0.029	0.218	0.724	0.029
0.058	0.001	0.062	0.879
0.088	0.125	0.133	0.654
0.121	0.672	0.132	0.075
