>TCCGTCGGAATG	15-TCCGTCGGAATG	7.818633	-46.581348	0	T:26.0(1.89%),B:2.8(0.19%),P:1e-20
0.071	0.103	0.047	0.779
0.072	0.758	0.081	0.089
0.064	0.738	0.103	0.095
0.119	0.110	0.676	0.095
0.096	0.042	0.057	0.805
0.157	0.613	0.111	0.119
0.088	0.071	0.745	0.096
0.150	0.102	0.653	0.095
0.791	0.095	0.050	0.064
0.825	0.032	0.055	0.088
0.049	0.056	0.071	0.824
0.094	0.032	0.810	0.064
