>GATCCACTGCCG	14-CGGCAGTGGATC	8.023429	-47.483368	0	T:21.0(1.53%),B:1.9(0.13%),P:1e-20
0.120	0.050	0.722	0.108
0.792	0.061	0.049	0.098
0.157	0.058	0.070	0.715
0.058	0.776	0.068	0.098
0.108	0.815	0.019	0.058
0.735	0.080	0.068	0.117
0.051	0.754	0.078	0.117
0.099	0.039	0.039	0.823
0.107	0.058	0.706	0.129
0.079	0.746	0.078	0.097
0.110	0.613	0.128	0.149
0.087	0.059	0.825	0.029
