>ACCMRCAAWTGT	11-ACCMRCAAWTGT,BestGuess:Aef1/dmmpmm(Bergman)/fly(0.657)	10.007642	-54.710981	0	T:29.0(2.11%),B:2.0(0.14%),P:1e-23
0.600	0.037	0.164	0.199
0.237	0.600	0.001	0.162
0.001	0.925	0.001	0.073
0.325	0.450	0.001	0.224
0.531	0.001	0.467	0.001
0.112	0.850	0.001	0.037
0.888	0.001	0.001	0.110
0.962	0.001	0.001	0.036
0.517	0.037	0.043	0.403
0.001	0.036	0.001	0.962
0.199	0.138	0.620	0.043
0.001	0.168	0.001	0.830
