>GAAATGTTTTGA	24-GAAATGTTTTGA,BestGuess:Pp_0229(RRM)/Physcomitrella_patens-RNCMPT00229-PBM/HughesRNA(0.749)	10.734335	-31.399980	0	T:20.0(1.45%),B:2.9(0.20%),P:1e-13
0.166	0.020	0.712	0.102
0.791	0.102	0.084	0.023
0.875	0.102	0.003	0.020
0.837	0.041	0.061	0.061
0.061	0.061	0.041	0.837
0.023	0.001	0.956	0.020
0.020	0.081	0.001	0.898
0.102	0.061	0.041	0.796
0.041	0.041	0.082	0.836
0.023	0.020	0.020	0.937
0.064	0.064	0.790	0.082
0.779	0.105	0.061	0.055
