>AAAGCTCCCCCC	16-GGGGGGAGCTTT	9.801425	-20.840661	0	T:8.0(2.47%),B:3.0(0.13%),P:1e-9
0.806	0.078	0.097	0.019
0.767	0.097	0.097	0.039
0.806	0.058	0.058	0.078
0.118	0.177	0.608	0.097
0.099	0.820	0.060	0.021
0.097	0.097	0.097	0.709
0.078	0.728	0.058	0.136
0.058	0.746	0.079	0.117
0.078	0.864	0.019	0.039
0.078	0.747	0.078	0.097
0.157	0.746	0.058	0.039
0.079	0.665	0.157	0.099
