>GCCCCGCCGGGT	7-ACCCGGCGGGGC	8.692663	-27.872283	0	T:10.0(3.09%),B:2.3(0.10%),P:1e-12
0.256	0.051	0.689	0.004
0.106	0.740	0.051	0.103
0.051	0.744	0.051	0.154
0.103	0.743	0.051	0.103
0.001	0.897	0.051	0.051
0.051	0.114	0.681	0.154
0.001	0.589	0.205	0.205
0.110	0.732	0.154	0.004
0.055	0.055	0.889	0.001
0.055	0.001	0.739	0.205
0.001	0.001	0.845	0.153
0.106	0.103	0.051	0.740
