>TAAATTATTTAT	11-TAAATTATTTAT,BestGuess:ATHB13/MA1212.1/Jaspar(0.784)	9.127503	-25.577680	0	T:50.0(15.43%),B:116.5(5.21%),P:1e-11
0.102	0.066	0.061	0.771
0.700	0.102	0.077	0.121
0.749	0.082	0.041	0.128
0.761	0.082	0.041	0.116
0.102	0.056	0.082	0.760
0.137	0.067	0.061	0.735
0.751	0.056	0.077	0.116
0.099	0.087	0.051	0.763
0.087	0.051	0.082	0.780
0.105	0.094	0.073	0.728
0.754	0.056	0.082	0.108
0.097	0.072	0.080	0.751
