>ACCCGGCGGGGC	7-ACCCGGCGGGGC,BestGuess:YDR026C(MacIsaac)/Yeast(0.691)	8.692663	-27.872283	0	T:10.0(3.09%),B:2.3(0.10%),P:1e-12
0.740	0.051	0.103	0.106
0.153	0.845	0.001	0.001
0.205	0.739	0.001	0.055
0.001	0.889	0.055	0.055
0.004	0.154	0.732	0.110
0.205	0.205	0.589	0.001
0.154	0.681	0.114	0.051
0.051	0.051	0.897	0.001
0.103	0.051	0.743	0.103
0.154	0.051	0.744	0.051
0.103	0.051	0.740	0.106
0.004	0.689	0.051	0.256
