>TTACCATGGCAA	1-TTACCATGGCAA	1.738632	-72.396752	0	T:118.0(29.06%),B:190.7(8.74%),P:1e-31	Tpos:120.8,Tstd:61.4,Bpos:129.8,Bstd:65.3,StrandBias:0.0,Multiplicity:1.27
0.001	0.080	0.001	0.918
0.081	0.081	0.001	0.837
0.837	0.081	0.081	0.001
0.001	0.997	0.001	0.001
0.001	0.918	0.001	0.080
0.997	0.001	0.001	0.001
0.080	0.001	0.001	0.918
0.001	0.001	0.997	0.001
0.080	0.001	0.918	0.001
0.001	0.918	0.080	0.001
0.918	0.001	0.001	0.080
0.997	0.001	0.001	0.001
>ATGAASGGCGCH	2-ATGAASGGCGCH	9.145968	-44.768983	0	T:13.0(3.20%),B:1.9(0.09%),P:1e-19	Tpos:102.6,Tstd:57.4,Bpos:101.0,Bstd:17.6,StrandBias:0.0,Multiplicity:1.08
0.792	0.001	0.101	0.106
0.001	0.001	0.095	0.903
0.302	0.001	0.696	0.001
0.604	0.106	0.001	0.289
0.709	0.195	0.095	0.001
0.217	0.387	0.290	0.106
0.001	0.195	0.609	0.195
0.289	0.001	0.709	0.001
0.022	0.687	0.290	0.001
0.001	0.094	0.904	0.001
0.001	0.997	0.001	0.001
0.320	0.384	0.012	0.284
>CATTCGTACGAA	3-CATTCGTACGAA	9.867188	-40.492267	0	T:12.0(2.96%),B:1.2(0.06%),P:1e-17	Tpos:141.4,Tstd:52.8,Bpos:103.0,Bstd:0.0,StrandBias:-0.7,Multiplicity:1.00
0.083	0.833	0.083	0.001
0.916	0.001	0.001	0.082
0.082	0.001	0.001	0.916
0.001	0.083	0.083	0.833
0.082	0.916	0.001	0.001
0.083	0.001	0.833	0.083
0.166	0.001	0.001	0.832
0.750	0.001	0.166	0.083
0.001	0.666	0.083	0.250
0.001	0.001	0.832	0.166
0.916	0.082	0.001	0.001
0.916	0.001	0.001	0.082
>GTTGCYTGGCAA	4-GTTGCYTGGCAA	9.026768	-36.514746	0	T:34.0(8.37%),B:30.1(1.38%),P:1e-15	Tpos:145.4,Tstd:58.1,Bpos:121.5,Bstd:61.5,StrandBias:0.3,Multiplicity:1.09
0.036	0.036	0.892	0.036
0.001	0.001	0.072	0.926
0.035	0.001	0.001	0.963
0.111	0.001	0.670	0.218
0.111	0.850	0.001	0.038
0.001	0.446	0.113	0.440
0.225	0.001	0.109	0.665
0.334	0.036	0.557	0.073
0.109	0.002	0.853	0.036
0.181	0.524	0.181	0.114
0.926	0.072	0.001	0.001
0.997	0.001	0.001	0.001
>GACACTCAAATG	5-GACACTCAAATG	10.857752	-35.925279	0	T:13.0(3.20%),B:2.0(0.09%),P:1e-15	Tpos:125.9,Tstd:58.8,Bpos:193.5,Bstd:2.1,StrandBias:0.2,Multiplicity:1.15
0.126	0.116	0.653	0.105
0.571	0.001	0.104	0.324
0.104	0.791	0.001	0.104
0.997	0.001	0.001	0.001
0.001	0.780	0.010	0.209
0.325	0.001	0.001	0.673
0.222	0.557	0.001	0.220
0.997	0.001	0.001	0.001
0.778	0.116	0.001	0.105
0.884	0.001	0.010	0.105
0.001	0.001	0.001	0.997
0.010	0.001	0.988	0.001
>TGACTTATTGCT	6-TGACTTATTGCT	10.678195	-35.925279	0	T:13.0(3.20%),B:2.6(0.12%),P:1e-15	Tpos:140.8,Tstd:69.5,Bpos:94.4,Bstd:40.8,StrandBias:0.2,Multiplicity:1.00
0.001	0.001	0.001	0.997
0.189	0.001	0.712	0.098
0.810	0.001	0.001	0.188
0.001	0.674	0.115	0.210
0.192	0.001	0.001	0.806
0.001	0.188	0.001	0.810
0.997	0.001	0.001	0.001
0.115	0.094	0.001	0.790
0.001	0.094	0.094	0.811
0.001	0.001	0.997	0.001
0.094	0.904	0.001	0.001
0.095	0.095	0.095	0.715
>CATAGTAACCAT	7-CATAGTAACCAT	8.821044	-34.654787	0	T:34.0(8.37%),B:32.6(1.50%),P:1e-15	Tpos:136.8,Tstd:65.5,Bpos:113.7,Bstd:59.4,StrandBias:-0.5,Multiplicity:1.04
0.046	0.755	0.153	0.046
0.858	0.096	0.045	0.001
0.108	0.091	0.091	0.710
0.817	0.046	0.091	0.046
0.045	0.001	0.953	0.001
0.137	0.142	0.001	0.720
0.858	0.045	0.001	0.096
0.953	0.045	0.001	0.001
0.137	0.817	0.001	0.045
0.001	0.908	0.001	0.090
0.817	0.001	0.091	0.091
0.050	0.091	0.001	0.858
>ATTAATCACCTT	8-ATTAATCACCTT	10.027427	-33.057154	0	T:28.0(6.90%),B:22.9(1.05%),P:1e-14	Tpos:117.5,Tstd:54.9,Bpos:146.8,Bstd:48.2,StrandBias:0.5,Multiplicity:1.12
0.830	0.068	0.068	0.034
0.101	0.034	0.001	0.864
0.137	0.067	0.001	0.795
0.931	0.001	0.001	0.067
0.896	0.034	0.068	0.002
0.034	0.034	0.068	0.864
0.138	0.620	0.138	0.104
0.898	0.067	0.001	0.034
0.036	0.828	0.001	0.135
0.138	0.760	0.068	0.034
0.001	0.033	0.001	0.965
0.068	0.068	0.101	0.763
>GATGATGAATTA	9-GATGATGAATTA	10.894533	-32.341110	0	T:12.0(2.96%),B:2.8(0.13%),P:1e-14	Tpos:150.6,Tstd:59.9,Bpos:128.3,Bstd:84.2,StrandBias:-0.8,Multiplicity:1.17
0.100	0.001	0.802	0.097
0.902	0.001	0.096	0.001
0.048	0.001	0.048	0.903
0.003	0.001	0.899	0.097
0.997	0.001	0.001	0.001
0.048	0.001	0.001	0.950
0.149	0.097	0.608	0.146
0.805	0.001	0.097	0.097
0.798	0.001	0.003	0.198
0.048	0.003	0.001	0.948
0.049	0.097	0.198	0.656
0.757	0.097	0.049	0.097
>GTCTCCTAGGAA	10-GTCTCCTAGGAA	10.563766	-32.341110	0	T:12.0(2.96%),B:3.0(0.14%),P:1e-14	Tpos:105.5,Tstd:44.5,Bpos:119.7,Bstd:13.0,StrandBias:0.5,Multiplicity:1.00
0.126	0.063	0.685	0.126
0.001	0.125	0.001	0.873
0.125	0.749	0.125	0.001
0.001	0.001	0.011	0.987
0.001	0.873	0.001	0.125
0.063	0.725	0.001	0.211
0.012	0.063	0.063	0.862
0.725	0.001	0.211	0.063
0.001	0.062	0.936	0.001
0.125	0.063	0.811	0.001
0.936	0.062	0.001	0.001
0.873	0.063	0.063	0.001
>GGGCAGGGTATT	11-GGGCAGGGTATT	10.749767	-28.185515	0	T:9.0(2.22%),B:1.7(0.08%),P:1e-12	Tpos:106.5,Tstd:80.7,Bpos:88.3,Bstd:40.0,StrandBias:0.0,Multiplicity:1.25
0.179	0.001	0.819	0.001
0.179	0.001	0.819	0.001
0.180	0.001	0.639	0.180
0.001	0.799	0.199	0.001
0.997	0.001	0.001	0.001
0.001	0.199	0.799	0.001
0.001	0.179	0.819	0.001
0.180	0.020	0.799	0.001
0.019	0.001	0.001	0.979
0.639	0.180	0.180	0.001
0.001	0.001	0.001	0.997
0.001	0.001	0.001	0.997
>TGACCACCATCC	12-TGACCACCATCC	11.162029	-25.426310	0	T:10.0(2.46%),B:2.8(0.13%),P:1e-11	Tpos:95.7,Tstd:48.7,Bpos:192.5,Bstd:45.6,StrandBias:0.8,Multiplicity:1.56
0.001	0.001	0.001	0.997
0.152	0.152	0.695	0.001
0.997	0.001	0.001	0.001
0.001	0.997	0.001	0.001
0.152	0.695	0.001	0.152
0.846	0.001	0.152	0.001
0.009	0.838	0.152	0.001
0.001	0.837	0.001	0.161
0.846	0.001	0.152	0.001
0.001	0.342	0.001	0.656
0.152	0.685	0.001	0.162
0.009	0.989	0.001	0.001
>TTTTTCACAMAG	13-TTTTTCACAMAG	11.403689	-25.426310	0	T:10.0(2.46%),B:2.2(0.10%),P:1e-11	Tpos:148.5,Tstd:60.9,Bpos:148.8,Bstd:33.6,StrandBias:-1.2,Multiplicity:1.00
0.265	0.001	0.001	0.733
0.131	0.001	0.001	0.867
0.001	0.001	0.001	0.997
0.001	0.275	0.001	0.723
0.001	0.001	0.001	0.997
0.001	0.590	0.001	0.408
0.857	0.001	0.001	0.141
0.001	0.838	0.142	0.019
0.725	0.001	0.001	0.273
0.416	0.429	0.145	0.010
0.867	0.001	0.001	0.131
0.001	0.019	0.838	0.142
>GCTTCATTTATC	14-GCTTCATTTATC	11.033855	-24.514648	0	T:13.0(3.20%),B:5.0(0.23%),P:1e-10	Tpos:129.4,Tstd:64.5,Bpos:132.9,Bstd:55.4,StrandBias:0.2,Multiplicity:1.00
0.001	0.079	0.681	0.239
0.001	0.832	0.088	0.079
0.248	0.159	0.009	0.584
0.079	0.159	0.001	0.761
0.001	0.910	0.001	0.088
0.997	0.001	0.001	0.001
0.001	0.001	0.079	0.919
0.079	0.001	0.001	0.919
0.001	0.001	0.001	0.997
0.919	0.001	0.001	0.079
0.001	0.001	0.158	0.840
0.159	0.681	0.159	0.001
>AAAACRTTAATR	15-AAAACRTTAATR	12.838904	-22.110701	0	T:9.0(2.22%),B:2.8(0.13%),P:1e-9	Tpos:141.8,Tstd:50.5,Bpos:193.0,Bstd:25.4,StrandBias:-0.3,Multiplicity:1.00
0.997	0.001	0.001	0.001
0.997	0.001	0.001	0.001
0.985	0.001	0.013	0.001
0.997	0.001	0.001	0.001
0.416	0.582	0.001	0.001
0.567	0.001	0.431	0.001
0.373	0.001	0.001	0.625
0.001	0.001	0.001	0.997
0.997	0.001	0.001	0.001
0.997	0.001	0.001	0.001
0.194	0.180	0.001	0.625
0.388	0.180	0.431	0.001
>CGGCACTATTCG	16-CGGCACTATTCG	10.142757	-20.505366	0	T:7.0(1.72%),B:1.3(0.06%),P:1e-8	Tpos:131.6,Tstd:55.7,Bpos:188.4,Bstd:4.4,StrandBias:1.7,Multiplicity:2.17
0.001	0.867	0.001	0.131
0.001	0.001	0.867	0.131
0.001	0.132	0.735	0.132
0.147	0.720	0.001	0.132
0.852	0.001	0.001	0.146
0.001	0.997	0.001	0.001
0.001	0.001	0.001	0.997
0.852	0.001	0.015	0.132
0.001	0.001	0.131	0.867
0.001	0.001	0.001	0.997
0.132	0.852	0.001	0.015
0.264	0.001	0.471	0.264
>CATGCGCGCGCA	17-CATGCGCGCGCA	11.620483	-20.505366	0	T:7.0(1.72%),B:0.0(0.00%),P:1e-8	Tpos:140.9,Tstd:51.5,Bpos:0.0,Bstd:0.0,StrandBias:-0.3,Multiplicity:1.14
0.001	0.940	0.042	0.017
0.982	0.001	0.016	0.001
0.001	0.140	0.001	0.858
0.001	0.001	0.997	0.001
0.001	0.997	0.001	0.001
0.001	0.001	0.997	0.001
0.001	0.609	0.389	0.001
0.001	0.389	0.609	0.001
0.001	0.997	0.001	0.001
0.001	0.001	0.997	0.001
0.001	0.997	0.001	0.001
0.850	0.141	0.001	0.008
>ACAACGAAAAAT	18-ACAACGAAAAAT	10.409522	-18.902186	0	T:8.0(1.97%),B:2.7(0.12%),P:1e-8	Tpos:118.4,Tstd:94.7,Bpos:96.9,Bstd:93.5,StrandBias:0.0,Multiplicity:1.00
0.700	0.100	0.100	0.100
0.100	0.700	0.100	0.100
0.700	0.100	0.100	0.100
0.700	0.100	0.100	0.100
0.100	0.700	0.100	0.100
0.100	0.100	0.700	0.100
0.700	0.100	0.100	0.100
0.700	0.100	0.100	0.100
0.700	0.100	0.100	0.100
0.700	0.100	0.100	0.100
0.700	0.100	0.100	0.100
0.100	0.100	0.100	0.700
>MKCGCRAATTAT	19-MKCGCRAATTAT	12.015897	-16.860452	0	T:6.0(1.48%),B:1.2(0.05%),P:1e-7	Tpos:153.7,Tstd:65.9,Bpos:88.5,Bstd:64.8,StrandBias:1.4,Multiplicity:1.83
0.445	0.553	0.001	0.001
0.001	0.001	0.462	0.536
0.001	0.701	0.297	0.001
0.001	0.001	0.780	0.218
0.001	0.997	0.001	0.001
0.437	0.001	0.561	0.001
0.780	0.218	0.001	0.001
0.997	0.001	0.001	0.001
0.001	0.001	0.001	0.997
0.001	0.333	0.001	0.665
0.997	0.001	0.001	0.001
0.001	0.001	0.001	0.997
>TGAGCCCHCAGA	20-TGAGCCCHCAGA	10.290021	-16.860452	0	T:6.0(1.48%),B:1.4(0.06%),P:1e-7	Tpos:136.0,Tstd:63.6,Bpos:223.0,Bstd:0.0,StrandBias:1.6,Multiplicity:2.00
0.001	0.001	0.001	0.997
0.001	0.001	0.718	0.280
0.997	0.001	0.001	0.001
0.001	0.001	0.981	0.017
0.001	0.997	0.001	0.001
0.297	0.701	0.001	0.001
0.001	0.718	0.001	0.280
0.421	0.281	0.018	0.281
0.017	0.702	0.001	0.280
0.981	0.001	0.017	0.001
0.001	0.001	0.997	0.001
0.997	0.001	0.001	0.001
>CTCATTTGTAAT	21-CTCATTTGTAAT	11.317215	-16.860452	0	T:6.0(1.48%),B:1.5(0.07%),P:1e-7	Tpos:94.3,Tstd:63.0,Bpos:32.0,Bstd:0.0,StrandBias:1.8,Multiplicity:1.50
0.146	0.703	0.049	0.102
0.107	0.097	0.049	0.747
0.049	0.805	0.049	0.097
0.902	0.001	0.096	0.001
0.048	0.001	0.048	0.903
0.097	0.048	0.001	0.854
0.001	0.001	0.001	0.997
0.053	0.001	0.849	0.097
0.048	0.001	0.001	0.950
0.655	0.146	0.097	0.102
0.903	0.001	0.048	0.048
0.097	0.097	0.049	0.757
>GRAACCTCTDAA	22-GRAACCTCTDAA	9.810293	-16.198739	0	T:9.0(2.22%),B:4.2(0.19%),P:1e-7	Tpos:119.6,Tstd:68.0,Bpos:165.9,Bstd:34.2,StrandBias:1.5,Multiplicity:1.67
0.021	0.001	0.977	0.001
0.432	0.001	0.566	0.001
0.997	0.001	0.001	0.001
0.612	0.001	0.386	0.001
0.001	0.997	0.001	0.001
0.001	0.997	0.001	0.001
0.001	0.022	0.136	0.841
0.001	0.997	0.001	0.001
0.001	0.001	0.001	0.997
0.303	0.001	0.383	0.313
0.713	0.001	0.285	0.001
0.898	0.100	0.001	0.001
>GGTGGATTGGTG	23-GGTGGATTGGTG	10.991028	-12.858074	0	T:6.0(1.48%),B:2.9(0.13%),P:1e-5	Tpos:171.1,Tstd:52.9,Bpos:42.6,Bstd:35.0,StrandBias:1.7,Multiplicity:2.83
0.001	0.280	0.718	0.001
0.282	0.001	0.716	0.001
0.001	0.122	0.001	0.876
0.282	0.001	0.437	0.280
0.066	0.001	0.932	0.001
0.997	0.001	0.001	0.001
0.001	0.001	0.001	0.997
0.001	0.001	0.001	0.997
0.001	0.001	0.997	0.001
0.001	0.341	0.657	0.001
0.001	0.001	0.001	0.997
0.001	0.282	0.652	0.065
>TATCTATCTTAT	24-TATCTATCTTAT	10.409522	-10.064643	0	T:4.0(0.99%),B:1.0(0.05%),P:1e-4	Tpos:133.1,Tstd:61.8,Bpos:39.0,Bstd:0.0,StrandBias:1.3,Multiplicity:1.75
0.100	0.100	0.100	0.700
0.700	0.100	0.100	0.100
0.100	0.100	0.100	0.700
0.100	0.700	0.100	0.100
0.100	0.100	0.100	0.700
0.700	0.100	0.100	0.100
0.100	0.100	0.100	0.700
0.100	0.700	0.100	0.100
0.100	0.100	0.100	0.700
0.100	0.100	0.100	0.700
0.700	0.100	0.100	0.100
0.100	0.100	0.100	0.700
>GAGGGAGGGGGG	25-GAGGGAGGGGGG	14.355671	-8.181884	0	T:5.0(1.23%),B:4.0(0.18%),P:1e-3	Tpos:177.8,Tstd:50.5,Bpos:146.1,Bstd:87.7,StrandBias:-2.3,Multiplicity:1.20
0.001	0.001	0.997	0.001
0.438	0.280	0.280	0.001
0.001	0.001	0.997	0.001
0.001	0.001	0.997	0.001
0.001	0.001	0.997	0.001
0.997	0.001	0.001	0.001
0.001	0.001	0.997	0.001
0.001	0.001	0.997	0.001
0.001	0.001	0.997	0.001
0.141	0.001	0.857	0.001
0.280	0.001	0.718	0.001
0.001	0.001	0.997	0.001
