>TAGCAACC	1-TAGCAACC	6.356894	-50.883505	0	T:105.0(25.86%),B:199.1(9.12%),P:1e-22	Tpos:125.4,Tstd:54.4,Bpos:134.7,Bstd:66.3,StrandBias:-0.1,Multiplicity:1.13
0.001	0.001	0.153	0.845
0.877	0.022	0.100	0.001
0.001	0.001	0.973	0.025
0.086	0.846	0.001	0.067
0.967	0.001	0.001	0.031
0.924	0.015	0.001	0.060
0.001	0.997	0.001	0.001
0.049	0.784	0.140	0.027
>ATAAATCA	2-ATAAATCA	7.772390	-44.165337	0	T:105.0(25.86%),B:218.7(10.03%),P:1e-19	Tpos:136.6,Tstd:62.2,Bpos:129.2,Bstd:74.9,StrandBias:-0.0,Multiplicity:1.18
0.952	0.001	0.046	0.001
0.001	0.001	0.001	0.997
0.556	0.279	0.001	0.164
0.997	0.001	0.001	0.001
0.952	0.001	0.046	0.001
0.001	0.001	0.001	0.997
0.001	0.853	0.145	0.001
0.997	0.001	0.001	0.001
>CCATGGNA	3-CCATGGNA	7.272248	-38.197524	0	T:96.0(23.65%),B:205.6(9.42%),P:1e-16	Tpos:120.0,Tstd:57.7,Bpos:120.8,Bstd:72.2,StrandBias:-0.2,Multiplicity:1.22
0.001	0.747	0.001	0.251
0.001	0.617	0.001	0.381
0.997	0.001	0.001	0.001
0.001	0.001	0.001	0.997
0.326	0.001	0.672	0.001
0.266	0.001	0.732	0.001
0.253	0.291	0.225	0.230
0.997	0.001	0.001	0.001
>TTGTCMTC	4-TTGTCMTC	6.321486	-26.440650	0	T:94.0(23.15%),B:241.2(11.06%),P:1e-11	Tpos:129.3,Tstd:62.1,Bpos:130.6,Bstd:76.2,StrandBias:0.7,Multiplicity:1.21
0.112	0.136	0.070	0.682
0.026	0.307	0.202	0.466
0.371	0.004	0.624	0.001
0.091	0.081	0.003	0.825
0.023	0.936	0.016	0.025
0.534	0.394	0.028	0.044
0.001	0.093	0.190	0.716
0.145	0.821	0.008	0.026
>GTAACCAT	5-GTAACCAT	8.397393	-26.354452	0	T:43.0(10.59%),B:67.6(3.10%),P:1e-11	Tpos:136.8,Tstd:61.5,Bpos:114.7,Bstd:67.2,StrandBias:-0.6,Multiplicity:1.06
0.001	0.001	0.997	0.001
0.001	0.047	0.001	0.951
0.845	0.153	0.001	0.001
0.783	0.111	0.001	0.105
0.001	0.997	0.001	0.001
0.001	0.925	0.073	0.001
0.875	0.001	0.001	0.123
0.001	0.001	0.001	0.997
>GGCAACGA	6-GGCAACGA	7.374074	-23.224585	0	T:36.0(8.87%),B:54.8(2.51%),P:1e-10	Tpos:122.7,Tstd:62.9,Bpos:129.7,Bstd:70.2,StrandBias:-0.6,Multiplicity:1.06
0.001	0.001	0.997	0.001
0.001	0.001	0.695	0.303
0.048	0.797	0.001	0.154
0.997	0.001	0.001	0.001
0.770	0.118	0.111	0.001
0.027	0.971	0.001	0.001
0.001	0.001	0.997	0.001
0.943	0.001	0.055	0.001
>CAATTTAT	7-CAATTTAT	7.010256	-22.581005	0	T:100.0(24.63%),B:283.1(12.98%),P:1e-9	Tpos:127.8,Tstd:71.6,Bpos:126.8,Bstd:80.8,StrandBias:-0.1,Multiplicity:1.17
0.057	0.846	0.096	0.001
0.745	0.231	0.001	0.023
0.954	0.001	0.044	0.001
0.034	0.033	0.001	0.932
0.027	0.001	0.037	0.935
0.067	0.042	0.100	0.791
0.929	0.069	0.001	0.001
0.001	0.046	0.001	0.952
>TAAGGTAG	8-TAAGGTAG	7.453919	-20.447610	0	T:28.0(6.90%),B:38.6(1.77%),P:1e-8	Tpos:123.7,Tstd:70.8,Bpos:143.8,Bstd:75.2,StrandBias:-0.2,Multiplicity:1.21
0.001	0.001	0.001	0.997
0.997	0.001	0.001	0.001
0.927	0.071	0.001	0.001
0.001	0.163	0.835	0.001
0.001	0.001	0.997	0.001
0.001	0.159	0.177	0.663
0.997	0.001	0.001	0.001
0.001	0.001	0.997	0.001
>GGTCATTA	9-GGTCATTA	7.528209	-20.439040	0	T:55.0(13.55%),B:121.6(5.57%),P:1e-8	Tpos:114.3,Tstd:54.4,Bpos:126.2,Bstd:71.4,StrandBias:-0.2,Multiplicity:1.14
0.001	0.124	0.874	0.001
0.063	0.001	0.838	0.098
0.001	0.224	0.001	0.774
0.001	0.943	0.055	0.001
0.997	0.001	0.001	0.001
0.001	0.027	0.001	0.971
0.001	0.055	0.001	0.943
0.997	0.001	0.001	0.001
>GTTATAGG	10-GTTATAGG	9.141554	-19.827461	0	T:18.0(4.43%),B:16.9(0.78%),P:1e-8	Tpos:123.1,Tstd:58.1,Bpos:99.0,Bstd:57.3,StrandBias:0.2,Multiplicity:1.06
0.001	0.001	0.997	0.001
0.001	0.001	0.001	0.997
0.001	0.001	0.001	0.997
0.796	0.202	0.001	0.001
0.001	0.001	0.001	0.997
0.997	0.001	0.001	0.001
0.001	0.001	0.997	0.001
0.001	0.280	0.718	0.001
>TTCCTABG	11-TTCCTABG	7.735985	-19.794438	0	T:32.0(7.88%),B:50.9(2.33%),P:1e-8	Tpos:144.3,Tstd:55.6,Bpos:136.6,Bstd:81.8,StrandBias:-0.4,Multiplicity:1.00
0.001	0.149	0.229	0.621
0.001	0.001	0.001	0.997
0.103	0.818	0.044	0.035
0.001	0.751	0.209	0.039
0.001	0.001	0.001	0.997
0.997	0.001	0.001	0.001
0.166	0.333	0.237	0.264
0.001	0.001	0.997	0.001
>CGTAGTAG	12-CGTAGTAG	8.061834	-18.118642	0	T:15.0(3.69%),B:12.4(0.57%),P:1e-7	Tpos:123.2,Tstd:71.9,Bpos:134.3,Bstd:60.5,StrandBias:0.6,Multiplicity:1.07
0.001	0.807	0.191	0.001
0.001	0.001	0.817	0.181
0.001	0.001	0.081	0.917
0.997	0.001	0.001	0.001
0.001	0.001	0.997	0.001
0.001	0.001	0.001	0.997
0.917	0.001	0.081	0.001
0.001	0.001	0.997	0.001
>ACKATTCG	13-ACKATTCG	7.376463	-17.128472	0	T:39.0(9.61%),B:78.6(3.60%),P:1e-7	Tpos:126.2,Tstd:71.9,Bpos:115.5,Bstd:77.3,StrandBias:-0.4,Multiplicity:1.08
0.997	0.001	0.001	0.001
0.001	0.942	0.001	0.056
0.123	0.131	0.403	0.342
0.897	0.001	0.001	0.101
0.001	0.042	0.001	0.956
0.001	0.001	0.010	0.988
0.176	0.822	0.001	0.001
0.001	0.002	0.888	0.109
>CTTRGTCC	14-CTTRGTCC	7.194700	-14.299634	0	T:13.0(3.20%),B:12.2(0.56%),P:1e-6	Tpos:102.3,Tstd:75.5,Bpos:108.1,Bstd:56.9,StrandBias:-1.3,Multiplicity:1.08
0.001	0.536	0.096	0.367
0.001	0.297	0.073	0.629
0.197	0.001	0.001	0.801
0.500	0.001	0.408	0.091
0.001	0.220	0.778	0.001
0.001	0.250	0.001	0.748
0.356	0.642	0.001	0.001
0.036	0.560	0.403	0.001
>GACCCCGA	15-GACCCCGA	9.845147	-13.720109	0	T:10.0(2.46%),B:7.9(0.36%),P:1e-5	Tpos:125.3,Tstd:63.4,Bpos:122.4,Bstd:44.1,StrandBias:-1.2,Multiplicity:1.00
0.001	0.001	0.997	0.001
0.997	0.001	0.001	0.001
0.001	0.997	0.001	0.001
0.001	0.997	0.001	0.001
0.001	0.997	0.001	0.001
0.001	0.997	0.001	0.001
0.001	0.294	0.704	0.001
0.997	0.001	0.001	0.001
>AGCGGGCT	16-AGCGGGCT	8.236954	-13.371050	0	T:5.0(1.23%),B:1.5(0.07%),P:1e-5	Tpos:118.8,Tstd:90.1,Bpos:34.1,Bstd:6.0,StrandBias:-0.6,Multiplicity:1.00
0.700	0.100	0.100	0.100
0.100	0.100	0.700	0.100
0.100	0.700	0.100	0.100
0.100	0.100	0.700	0.100
0.100	0.100	0.700	0.100
0.100	0.100	0.700	0.100
0.100	0.700	0.100	0.100
0.100	0.100	0.100	0.700
>CATCCCCT	17-CATCCCCT	7.450208	-12.022199	0	T:23.0(5.67%),B:42.9(1.97%),P:1e-5	Tpos:127.3,Tstd:58.3,Bpos:136.9,Bstd:69.6,StrandBias:-0.5,Multiplicity:1.23
0.001	0.997	0.001	0.001
0.997	0.001	0.001	0.001
0.001	0.001	0.001	0.997
0.166	0.709	0.124	0.001
0.001	0.997	0.001	0.001
0.001	0.837	0.161	0.001
0.001	0.997	0.001	0.001
0.001	0.001	0.001	0.997
>CAAGCTTC	18-CAAGCTTC	10.991361	-11.572837	0	T:11.0(2.71%),B:11.4(0.52%),P:1e-5	Tpos:109.3,Tstd:54.0,Bpos:141.0,Bstd:63.0,StrandBias:0.3,Multiplicity:1.00
0.001	0.997	0.001	0.001
0.997	0.001	0.001	0.001
0.925	0.073	0.001	0.001
0.001	0.001	0.997	0.001
0.001	0.997	0.001	0.001
0.001	0.001	0.001	0.997
0.001	0.001	0.001	0.997
0.001	0.997	0.001	0.001
>GAGTCTGA	19-GAGTCTGA	8.236954	-10.581304	0	T:6.0(1.48%),B:3.7(0.17%),P:1e-4	Tpos:152.5,Tstd:63.5,Bpos:46.7,Bstd:13.4,StrandBias:0.0,Multiplicity:1.00
0.100	0.100	0.700	0.100
0.700	0.100	0.100	0.100
0.100	0.100	0.700	0.100
0.100	0.100	0.100	0.700
0.100	0.700	0.100	0.100
0.100	0.100	0.100	0.700
0.100	0.100	0.700	0.100
0.700	0.100	0.100	0.100
>CAGGGTCC	20-CAGGGTCC	9.566122	-9.875247	0	T:7.0(1.72%),B:5.9(0.27%),P:1e-4	Tpos:124.8,Tstd:81.2,Bpos:135.4,Bstd:50.6,StrandBias:-0.3,Multiplicity:1.29
0.001	0.887	0.111	0.001
0.997	0.001	0.001	0.001
0.250	0.001	0.748	0.001
0.001	0.001	0.997	0.001
0.001	0.001	0.997	0.001
0.001	0.001	0.001	0.997
0.001	0.997	0.001	0.001
0.001	0.997	0.001	0.001
>GACTACCA	21-GACTACCA	7.656330	-8.524044	0	T:23.0(5.67%),B:53.8(2.47%),P:1e-3	Tpos:117.3,Tstd:66.5,Bpos:122.4,Bstd:69.0,StrandBias:0.1,Multiplicity:1.59
0.217	0.001	0.781	0.001
0.997	0.001	0.001	0.001
0.001	0.838	0.160	0.001
0.001	0.189	0.001	0.809
0.899	0.007	0.093	0.001
0.128	0.870	0.001	0.001
0.080	0.888	0.031	0.001
0.598	0.361	0.040	0.001
>TTGCTCTC	22-TTGCTCTC	8.236954	-7.046931	0	T:9.0(2.22%),B:13.5(0.62%),P:1e-3	Tpos:177.6,Tstd:53.5,Bpos:111.2,Bstd:64.7,StrandBias:2.2,Multiplicity:1.38
0.100	0.100	0.100	0.700
0.100	0.100	0.100	0.700
0.100	0.100	0.700	0.100
0.100	0.700	0.100	0.100
0.100	0.100	0.100	0.700
0.100	0.700	0.100	0.100
0.100	0.100	0.100	0.700
0.100	0.700	0.100	0.100
>GGCAGGGT	23-GGCAGGGT	9.969710	-6.116396	0	T:6.0(1.48%),B:7.3(0.33%),P:1e-2	Tpos:144.8,Tstd:60.5,Bpos:122.9,Bstd:70.6,StrandBias:0.6,Multiplicity:2.00
0.001	0.001	0.997	0.001
0.001	0.001	0.997	0.001
0.001	0.997	0.001	0.001
0.997	0.001	0.001	0.001
0.001	0.333	0.665	0.001
0.001	0.001	0.997	0.001
0.001	0.001	0.997	0.001
0.001	0.001	0.001	0.997
>CTGACCTT	24-CTGACCTT	8.236954	-4.955133	0	T:4.0(0.99%),B:4.2(0.19%),P:1e-2	Tpos:150.8,Tstd:48.5,Bpos:48.8,Bstd:29.7,StrandBias:10.0,Multiplicity:1.25
0.100	0.700	0.100	0.100
0.100	0.100	0.100	0.700
0.100	0.100	0.700	0.100
0.700	0.100	0.100	0.100
0.100	0.700	0.100	0.100
0.100	0.700	0.100	0.100
0.100	0.100	0.100	0.700
0.100	0.100	0.100	0.700
>CACCAATC	25-CACCAATC	8.957358	-3.790573	0	T:12.0(2.96%),B:33.3(1.53%),P:1e-1	Tpos:167.2,Tstd:51.1,Bpos:128.1,Bstd:68.1,StrandBias:-2.9,Multiplicity:2.08
0.001	0.997	0.001	0.001
0.997	0.001	0.001	0.001
0.001	0.997	0.001	0.001
0.001	0.997	0.001	0.001
0.997	0.001	0.001	0.001
0.997	0.001	0.001	0.001
0.001	0.001	0.121	0.877
0.001	0.997	0.001	0.001
