>CCATGGCAAC	1-CCATGGCAAC	6.620710	-94.107932	0	T:187.0(46.06%),B:373.9(17.14%),P:1e-40	Tpos:124.4,Tstd:58.5,Bpos:125.3,Bstd:66.9,StrandBias:-0.0,Multiplicity:1.58
0.152	0.501	0.149	0.198
0.001	0.726	0.001	0.272
0.578	0.096	0.126	0.200
0.074	0.001	0.001	0.924
0.404	0.001	0.594	0.001
0.135	0.001	0.863	0.001
0.213	0.450	0.075	0.262
0.791	0.001	0.010	0.198
0.914	0.001	0.084	0.001
0.156	0.701	0.001	0.142
>CATTTRTCAT	2-CATTTRTCAT	7.355651	-49.084433	0	T:108.0(26.60%),B:214.1(9.81%),P:1e-21	Tpos:129.2,Tstd:64.5,Bpos:132.1,Bstd:74.5,StrandBias:0.4,Multiplicity:1.12
0.084	0.722	0.110	0.084
0.641	0.055	0.248	0.056
0.027	0.083	0.001	0.889
0.147	0.085	0.001	0.767
0.087	0.262	0.001	0.650
0.453	0.001	0.545	0.001
0.001	0.001	0.001	0.997
0.001	0.887	0.111	0.001
0.793	0.001	0.001	0.205
0.112	0.126	0.110	0.652
>CCGGAAATCA	3-CCGGAAATCA	10.372629	-40.492267	0	T:12.0(2.96%),B:1.5(0.07%),P:1e-17	Tpos:150.9,Tstd:67.4,Bpos:99.8,Bstd:30.3,StrandBias:-0.2,Multiplicity:1.08
0.001	0.997	0.001	0.001
0.001	0.997	0.001	0.001
0.001	0.080	0.918	0.001
0.081	0.001	0.837	0.081
0.918	0.001	0.001	0.080
0.918	0.001	0.001	0.080
0.918	0.001	0.001	0.080
0.001	0.001	0.001	0.997
0.191	0.647	0.081	0.081
0.918	0.001	0.080	0.001
>TCCTAGGACA	4-TCCTAGGACA	8.068168	-39.595808	0	T:34.0(8.37%),B:27.2(1.25%),P:1e-17	Tpos:135.2,Tstd:57.4,Bpos:137.7,Bstd:67.4,StrandBias:0.4,Multiplicity:1.03
0.001	0.001	0.001	0.997
0.001	0.863	0.081	0.055
0.027	0.755	0.109	0.109
0.053	0.001	0.001	0.945
0.908	0.001	0.001	0.090
0.001	0.054	0.736	0.209
0.182	0.136	0.681	0.001
0.918	0.054	0.027	0.001
0.270	0.476	0.164	0.091
0.730	0.215	0.054	0.001
>CAATAAATCA	5-CAATAAATCA	7.794800	-38.520399	0	T:59.0(14.53%),B:87.7(4.02%),P:1e-16	Tpos:139.6,Tstd:70.4,Bpos:131.3,Bstd:68.9,StrandBias:-0.0,Multiplicity:1.10
0.073	0.583	0.191	0.153
0.645	0.171	0.020	0.164
0.706	0.010	0.030	0.254
0.020	0.101	0.010	0.869
0.667	0.172	0.030	0.131
0.715	0.134	0.010	0.141
0.702	0.151	0.114	0.033
0.131	0.020	0.090	0.759
0.040	0.757	0.153	0.050
0.771	0.010	0.118	0.101
>CTCCGTTACC	6-CTCCGTTACC	10.666616	-36.297956	0	T:11.0(2.71%),B:1.7(0.08%),P:1e-15	Tpos:129.5,Tstd:55.7,Bpos:93.3,Bstd:30.1,StrandBias:0.8,Multiplicity:1.10
0.001	0.899	0.001	0.099
0.100	0.001	0.100	0.799
0.001	0.899	0.001	0.099
0.001	0.899	0.001	0.099
0.001	0.099	0.899	0.001
0.001	0.001	0.001	0.997
0.001	0.001	0.001	0.997
0.997	0.001	0.001	0.001
0.001	0.799	0.100	0.100
0.001	0.899	0.001	0.099
>CATTAGGTCA	7-CATTAGGTCA	10.387016	-30.821365	0	T:13.0(3.20%),B:3.7(0.17%),P:1e-13	Tpos:139.4,Tstd:66.2,Bpos:159.7,Bstd:29.6,StrandBias:0.0,Multiplicity:1.08
0.080	0.918	0.001	0.001
0.837	0.081	0.001	0.081
0.001	0.001	0.001	0.997
0.081	0.001	0.081	0.837
0.918	0.001	0.001	0.080
0.081	0.191	0.727	0.001
0.001	0.001	0.997	0.001
0.001	0.081	0.081	0.837
0.001	0.997	0.001	0.001
0.997	0.001	0.001	0.001
>GTCTAGCAAC	8-GTCTAGCAAC	8.022085	-28.759872	0	T:20.0(4.93%),B:12.2(0.56%),P:1e-12	Tpos:102.5,Tstd:57.9,Bpos:135.2,Bstd:54.7,StrandBias:0.8,Multiplicity:1.06
0.035	0.035	0.857	0.073
0.035	0.140	0.070	0.755
0.105	0.822	0.072	0.001
0.003	0.035	0.140	0.822
0.824	0.140	0.035	0.001
0.140	0.035	0.720	0.105
0.001	0.929	0.069	0.001
0.857	0.001	0.070	0.072
0.647	0.073	0.140	0.140
0.035	0.787	0.035	0.143
>ACCATCACCM	9-ACCATCACCM	10.536040	-28.185515	0	T:9.0(2.22%),B:1.6(0.07%),P:1e-12	Tpos:142.1,Tstd:39.3,Bpos:92.3,Bstd:23.8,StrandBias:1.2,Multiplicity:1.11
0.997	0.001	0.001	0.001
0.152	0.846	0.001	0.001
0.001	0.846	0.001	0.152
0.997	0.001	0.001	0.001
0.001	0.158	0.001	0.840
0.001	0.997	0.001	0.001
0.657	0.171	0.001	0.171
0.001	0.657	0.171	0.171
0.001	0.997	0.001	0.001
0.460	0.538	0.001	0.001
>CTTTCGTACT	10-CTTTCGTACT	6.671982	-27.505980	0	T:76.0(18.72%),B:170.9(7.83%),P:1e-11	Tpos:144.6,Tstd:75.9,Bpos:128.7,Bstd:78.9,StrandBias:0.2,Multiplicity:1.05
0.044	0.862	0.023	0.071
0.082	0.023	0.047	0.848
0.023	0.060	0.012	0.905
0.084	0.047	0.082	0.787
0.116	0.780	0.066	0.038
0.095	0.031	0.704	0.170
0.031	0.066	0.070	0.833
0.747	0.035	0.078	0.140
0.094	0.739	0.047	0.120
0.055	0.070	0.070	0.805
>GGTCATTAAT	11-GGTCATTAAT	9.676304	-27.233252	0	T:27.0(6.65%),B:26.6(1.22%),P:1e-11	Tpos:114.8,Tstd:45.3,Bpos:116.6,Bstd:60.8,StrandBias:-1.2,Multiplicity:1.04
0.094	0.001	0.904	0.001
0.040	0.040	0.854	0.066
0.040	0.159	0.027	0.774
0.019	0.914	0.001	0.066
0.904	0.001	0.001	0.094
0.001	0.001	0.001	0.997
0.001	0.001	0.001	0.997
0.959	0.001	0.039	0.001
0.864	0.001	0.095	0.040
0.040	0.001	0.040	0.919
>CCGTCTCTCG	12-CCGTCTCTCG	10.756292	-25.426310	0	T:10.0(2.46%),B:2.7(0.12%),P:1e-11	Tpos:141.5,Tstd:63.5,Bpos:141.9,Bstd:86.7,StrandBias:-0.5,Multiplicity:1.20
0.001	0.735	0.132	0.132
0.001	0.997	0.001	0.001
0.001	0.168	0.830	0.001
0.131	0.001	0.001	0.867
0.001	0.867	0.001	0.131
0.001	0.001	0.001	0.997
0.001	0.997	0.001	0.001
0.001	0.001	0.131	0.867
0.001	0.867	0.131	0.001
0.001	0.131	0.867	0.001
>CGGCGGCTTC	13-CGGCGGCTTC	11.177851	-24.285558	0	T:8.0(1.97%),B:0.6(0.03%),P:1e-10	Tpos:113.0,Tstd:23.4,Bpos:68.0,Bstd:0.0,StrandBias:0.4,Multiplicity:1.17
0.001	0.997	0.001	0.001
0.370	0.001	0.628	0.001
0.001	0.001	0.997	0.001
0.001	0.997	0.001	0.001
0.001	0.001	0.997	0.001
0.001	0.156	0.842	0.001
0.001	0.842	0.001	0.156
0.001	0.001	0.001	0.997
0.001	0.001	0.001	0.997
0.001	0.842	0.156	0.001
>GTTACATCAA	14-GTTACATCAA	9.932833	-22.710259	0	T:16.0(3.94%),B:10.5(0.48%),P:1e-9	Tpos:128.1,Tstd:87.3,Bpos:106.1,Bstd:70.9,StrandBias:0.0,Multiplicity:1.12
0.001	0.001	0.997	0.001
0.001	0.084	0.084	0.831
0.001	0.001	0.001	0.997
0.550	0.001	0.084	0.365
0.001	0.915	0.001	0.083
0.915	0.001	0.083	0.001
0.001	0.001	0.001	0.997
0.012	0.682	0.096	0.210
0.915	0.001	0.083	0.001
0.915	0.001	0.083	0.001
>ATGARCGGCB	15-ATGARCGGCB	6.659475	-22.636591	0	T:20.0(4.93%),B:17.6(0.81%),P:1e-9	Tpos:108.4,Tstd:63.5,Bpos:123.3,Bstd:70.3,StrandBias:0.0,Multiplicity:1.00
0.875	0.031	0.039	0.055
0.008	0.243	0.031	0.718
0.202	0.204	0.375	0.219
0.640	0.227	0.086	0.047
0.496	0.047	0.410	0.047
0.323	0.549	0.057	0.071
0.165	0.094	0.488	0.253
0.345	0.023	0.601	0.031
0.290	0.441	0.073	0.196
0.070	0.289	0.395	0.246
>TCTGTCGCGG	16-TCTGTCGCGG	10.666616	-22.110701	0	T:9.0(2.22%),B:2.8(0.13%),P:1e-9	Tpos:118.7,Tstd:75.7,Bpos:103.1,Bstd:81.4,StrandBias:0.0,Multiplicity:1.11
0.100	0.100	0.001	0.799
0.100	0.799	0.100	0.001
0.001	0.001	0.001	0.997
0.001	0.001	0.997	0.001
0.001	0.099	0.001	0.899
0.001	0.899	0.001	0.099
0.001	0.001	0.997	0.001
0.099	0.899	0.001	0.001
0.099	0.001	0.899	0.001
0.099	0.001	0.899	0.001
>GCTTAAACTA	17-GCTTAAACTA	10.364930	-22.110701	0	T:9.0(2.22%),B:3.0(0.14%),P:1e-9	Tpos:112.6,Tstd:63.8,Bpos:143.9,Bstd:63.0,StrandBias:-1.8,Multiplicity:1.00
0.218	0.001	0.780	0.001
0.001	0.962	0.036	0.001
0.001	0.001	0.001	0.997
0.001	0.001	0.218	0.780
0.912	0.086	0.001	0.001
0.780	0.001	0.218	0.001
0.997	0.001	0.001	0.001
0.001	0.780	0.001	0.218
0.001	0.001	0.001	0.997
0.997	0.001	0.001	0.001
>GAGAGCAATC	18-GAGAGCAATC	9.872702	-22.110701	0	T:9.0(2.22%),B:2.7(0.13%),P:1e-9	Tpos:159.2,Tstd:57.6,Bpos:92.0,Bstd:18.0,StrandBias:-1.4,Multiplicity:1.22
0.001	0.001	0.997	0.001
0.997	0.001	0.001	0.001
0.001	0.001	0.997	0.001
0.997	0.001	0.001	0.001
0.001	0.001	0.997	0.001
0.152	0.846	0.001	0.001
0.846	0.001	0.001	0.152
0.846	0.001	0.152	0.001
0.152	0.152	0.152	0.544
0.014	0.928	0.057	0.001
>TCATCCTCCT	19-TCATCCTCCT	9.979550	-21.844818	0	T:12.0(2.96%),B:5.6(0.26%),P:1e-9	Tpos:113.0,Tstd:88.7,Bpos:153.3,Bstd:45.3,StrandBias:1.1,Multiplicity:1.08
0.001	0.001	0.001	0.997
0.001	0.997	0.001	0.001
0.649	0.198	0.152	0.001
0.001	0.001	0.001	0.997
0.001	0.997	0.001	0.001
0.001	0.695	0.152	0.152
0.001	0.001	0.001	0.997
0.001	0.997	0.001	0.001
0.001	0.667	0.152	0.180
0.001	0.001	0.152	0.846
>ATGCGCGCGC	20-ATGCGCGCGC	9.245578	-20.749149	0	T:20.0(4.93%),B:19.6(0.90%),P:1e-9	Tpos:130.6,Tstd:59.4,Bpos:119.9,Bstd:66.0,StrandBias:0.3,Multiplicity:1.15
0.974	0.001	0.024	0.001
0.001	0.152	0.001	0.846
0.001	0.160	0.838	0.001
0.152	0.695	0.001	0.152
0.001	0.001	0.846	0.152
0.001	0.997	0.001	0.001
0.001	0.152	0.846	0.001
0.001	0.997	0.001	0.001
0.152	0.001	0.846	0.001
0.001	0.997	0.001	0.001
>GGGTGGTGGT	21-GGGTGGTGGT	9.279637	-17.540364	0	T:13.0(3.20%),B:9.9(0.46%),P:1e-7	Tpos:100.1,Tstd:56.7,Bpos:160.5,Bstd:56.4,StrandBias:-1.7,Multiplicity:1.31
0.079	0.001	0.919	0.001
0.238	0.001	0.760	0.001
0.267	0.001	0.731	0.001
0.001	0.238	0.001	0.760
0.079	0.001	0.761	0.159
0.001	0.159	0.601	0.239
0.001	0.001	0.001	0.997
0.159	0.079	0.761	0.001
0.001	0.079	0.919	0.001
0.001	0.001	0.001	0.997
>TCGGCACTAT	22-TCGGCACTAT	10.686667	-16.860452	0	T:6.0(1.48%),B:1.9(0.09%),P:1e-7	Tpos:131.8,Tstd:60.9,Bpos:222.4,Bstd:15.6,StrandBias:1.6,Multiplicity:2.00
0.001	0.001	0.001	0.997
0.001	0.997	0.001	0.001
0.106	0.001	0.892	0.001
0.001	0.001	0.997	0.001
0.252	0.640	0.001	0.107
0.892	0.001	0.001	0.106
0.001	0.997	0.001	0.001
0.106	0.001	0.001	0.892
0.785	0.001	0.107	0.107
0.001	0.001	0.001	0.997
>GTGGCAGGGT	23-GTGGCAGGGT	9.991529	-13.679766	0	T:8.0(1.97%),B:4.6(0.21%),P:1e-5	Tpos:140.1,Tstd:63.3,Bpos:101.2,Bstd:74.4,StrandBias:1.2,Multiplicity:1.62
0.001	0.001	0.997	0.001
0.001	0.001	0.338	0.660
0.001	0.001	0.997	0.001
0.142	0.001	0.725	0.132
0.001	0.867	0.131	0.001
0.997	0.001	0.001	0.001
0.132	0.142	0.725	0.001
0.001	0.001	0.997	0.001
0.131	0.001	0.867	0.001
0.131	0.001	0.001	0.867
>AGGGAGRGWG	24-AGGGAGRGWG	10.182293	-7.057960	0	T:7.0(1.72%),B:8.4(0.38%),P:1e-3	Tpos:175.9,Tstd:70.2,Bpos:80.6,Bstd:61.7,StrandBias:-2.1,Multiplicity:1.43
0.997	0.001	0.001	0.001
0.218	0.001	0.780	0.001
0.001	0.218	0.780	0.001
0.001	0.218	0.780	0.001
0.997	0.001	0.001	0.001
0.001	0.001	0.780	0.218
0.450	0.001	0.548	0.001
0.001	0.001	0.997	0.001
0.548	0.001	0.001	0.450
0.001	0.001	0.997	0.001
>ATTGGTGGAT	25-ATTGGTGGAT	10.296193	-1.168044	0	T:1.0(0.25%),B:2.5(0.11%),P:1e0	Tpos:197.9,Tstd:30.3,Bpos:86.2,Bstd:65.9,StrandBias:10.0,Multiplicity:11.00
0.700	0.100	0.100	0.100
0.100	0.100	0.100	0.700
0.100	0.100	0.100	0.700
0.100	0.100	0.700	0.100
0.100	0.100	0.700	0.100
0.100	0.100	0.100	0.700
0.100	0.100	0.700	0.100
0.100	0.100	0.700	0.100
0.700	0.100	0.100	0.100
0.100	0.100	0.100	0.700
>TTACCATGGCAA	1-TTACCATGGCAA	1.738632	-72.396752	0	T:118.0(29.06%),B:190.7(8.74%),P:1e-31	Tpos:120.8,Tstd:61.4,Bpos:129.8,Bstd:65.3,StrandBias:0.0,Multiplicity:1.27
0.001	0.080	0.001	0.918
0.081	0.081	0.001	0.837
0.837	0.081	0.081	0.001
0.001	0.997	0.001	0.001
0.001	0.918	0.001	0.080
0.997	0.001	0.001	0.001
0.080	0.001	0.001	0.918
0.001	0.001	0.997	0.001
0.080	0.001	0.918	0.001
0.001	0.918	0.080	0.001
0.918	0.001	0.001	0.080
0.997	0.001	0.001	0.001
>ATGAASGGCGCH	2-ATGAASGGCGCH	9.145968	-44.768983	0	T:13.0(3.20%),B:1.9(0.09%),P:1e-19	Tpos:102.6,Tstd:57.4,Bpos:101.0,Bstd:17.6,StrandBias:0.0,Multiplicity:1.08
0.792	0.001	0.101	0.106
0.001	0.001	0.095	0.903
0.302	0.001	0.696	0.001
0.604	0.106	0.001	0.289
0.709	0.195	0.095	0.001
0.217	0.387	0.290	0.106
0.001	0.195	0.609	0.195
0.289	0.001	0.709	0.001
0.022	0.687	0.290	0.001
0.001	0.094	0.904	0.001
0.001	0.997	0.001	0.001
0.320	0.384	0.012	0.284
>CATTCGTACGAA	3-CATTCGTACGAA	9.867188	-40.492267	0	T:12.0(2.96%),B:1.2(0.06%),P:1e-17	Tpos:141.4,Tstd:52.8,Bpos:103.0,Bstd:0.0,StrandBias:-0.7,Multiplicity:1.00
0.083	0.833	0.083	0.001
0.916	0.001	0.001	0.082
0.082	0.001	0.001	0.916
0.001	0.083	0.083	0.833
0.082	0.916	0.001	0.001
0.083	0.001	0.833	0.083
0.166	0.001	0.001	0.832
0.750	0.001	0.166	0.083
0.001	0.666	0.083	0.250
0.001	0.001	0.832	0.166
0.916	0.082	0.001	0.001
0.916	0.001	0.001	0.082
>GTTGCYTGGCAA	4-GTTGCYTGGCAA	9.026768	-36.514746	0	T:34.0(8.37%),B:30.1(1.38%),P:1e-15	Tpos:145.4,Tstd:58.1,Bpos:121.5,Bstd:61.5,StrandBias:0.3,Multiplicity:1.09
0.036	0.036	0.892	0.036
0.001	0.001	0.072	0.926
0.035	0.001	0.001	0.963
0.111	0.001	0.670	0.218
0.111	0.850	0.001	0.038
0.001	0.446	0.113	0.440
0.225	0.001	0.109	0.665
0.334	0.036	0.557	0.073
0.109	0.002	0.853	0.036
0.181	0.524	0.181	0.114
0.926	0.072	0.001	0.001
0.997	0.001	0.001	0.001
>GACACTCAAATG	5-GACACTCAAATG	10.857752	-35.925279	0	T:13.0(3.20%),B:2.0(0.09%),P:1e-15	Tpos:125.9,Tstd:58.8,Bpos:193.5,Bstd:2.1,StrandBias:0.2,Multiplicity:1.15
0.126	0.116	0.653	0.105
0.571	0.001	0.104	0.324
0.104	0.791	0.001	0.104
0.997	0.001	0.001	0.001
0.001	0.780	0.010	0.209
0.325	0.001	0.001	0.673
0.222	0.557	0.001	0.220
0.997	0.001	0.001	0.001
0.778	0.116	0.001	0.105
0.884	0.001	0.010	0.105
0.001	0.001	0.001	0.997
0.010	0.001	0.988	0.001
>TGACTTATTGCT	6-TGACTTATTGCT	10.678195	-35.925279	0	T:13.0(3.20%),B:2.6(0.12%),P:1e-15	Tpos:140.8,Tstd:69.5,Bpos:94.4,Bstd:40.8,StrandBias:0.2,Multiplicity:1.00
0.001	0.001	0.001	0.997
0.189	0.001	0.712	0.098
0.810	0.001	0.001	0.188
0.001	0.674	0.115	0.210
0.192	0.001	0.001	0.806
0.001	0.188	0.001	0.810
0.997	0.001	0.001	0.001
0.115	0.094	0.001	0.790
0.001	0.094	0.094	0.811
0.001	0.001	0.997	0.001
0.094	0.904	0.001	0.001
0.095	0.095	0.095	0.715
>CATAGTAACCAT	7-CATAGTAACCAT	8.821044	-34.654787	0	T:34.0(8.37%),B:32.6(1.50%),P:1e-15	Tpos:136.8,Tstd:65.5,Bpos:113.7,Bstd:59.4,StrandBias:-0.5,Multiplicity:1.04
0.046	0.755	0.153	0.046
0.858	0.096	0.045	0.001
0.108	0.091	0.091	0.710
0.817	0.046	0.091	0.046
0.045	0.001	0.953	0.001
0.137	0.142	0.001	0.720
0.858	0.045	0.001	0.096
0.953	0.045	0.001	0.001
0.137	0.817	0.001	0.045
0.001	0.908	0.001	0.090
0.817	0.001	0.091	0.091
0.050	0.091	0.001	0.858
>ATTAATCACCTT	8-ATTAATCACCTT	10.027427	-33.057154	0	T:28.0(6.90%),B:22.9(1.05%),P:1e-14	Tpos:117.5,Tstd:54.9,Bpos:146.8,Bstd:48.2,StrandBias:0.5,Multiplicity:1.12
0.830	0.068	0.068	0.034
0.101	0.034	0.001	0.864
0.137	0.067	0.001	0.795
0.931	0.001	0.001	0.067
0.896	0.034	0.068	0.002
0.034	0.034	0.068	0.864
0.138	0.620	0.138	0.104
0.898	0.067	0.001	0.034
0.036	0.828	0.001	0.135
0.138	0.760	0.068	0.034
0.001	0.033	0.001	0.965
0.068	0.068	0.101	0.763
>GATGATGAATTA	9-GATGATGAATTA	10.894533	-32.341110	0	T:12.0(2.96%),B:2.8(0.13%),P:1e-14	Tpos:150.6,Tstd:59.9,Bpos:128.3,Bstd:84.2,StrandBias:-0.8,Multiplicity:1.17
0.100	0.001	0.802	0.097
0.902	0.001	0.096	0.001
0.048	0.001	0.048	0.903
0.003	0.001	0.899	0.097
0.997	0.001	0.001	0.001
0.048	0.001	0.001	0.950
0.149	0.097	0.608	0.146
0.805	0.001	0.097	0.097
0.798	0.001	0.003	0.198
0.048	0.003	0.001	0.948
0.049	0.097	0.198	0.656
0.757	0.097	0.049	0.097
>GTCTCCTAGGAA	10-GTCTCCTAGGAA	10.563766	-32.341110	0	T:12.0(2.96%),B:3.0(0.14%),P:1e-14	Tpos:105.5,Tstd:44.5,Bpos:119.7,Bstd:13.0,StrandBias:0.5,Multiplicity:1.00
0.126	0.063	0.685	0.126
0.001	0.125	0.001	0.873
0.125	0.749	0.125	0.001
0.001	0.001	0.011	0.987
0.001	0.873	0.001	0.125
0.063	0.725	0.001	0.211
0.012	0.063	0.063	0.862
0.725	0.001	0.211	0.063
0.001	0.062	0.936	0.001
0.125	0.063	0.811	0.001
0.936	0.062	0.001	0.001
0.873	0.063	0.063	0.001
>GGGCAGGGTATT	11-GGGCAGGGTATT	10.749767	-28.185515	0	T:9.0(2.22%),B:1.7(0.08%),P:1e-12	Tpos:106.5,Tstd:80.7,Bpos:88.3,Bstd:40.0,StrandBias:0.0,Multiplicity:1.25
0.179	0.001	0.819	0.001
0.179	0.001	0.819	0.001
0.180	0.001	0.639	0.180
0.001	0.799	0.199	0.001
0.997	0.001	0.001	0.001
0.001	0.199	0.799	0.001
0.001	0.179	0.819	0.001
0.180	0.020	0.799	0.001
0.019	0.001	0.001	0.979
0.639	0.180	0.180	0.001
0.001	0.001	0.001	0.997
0.001	0.001	0.001	0.997
>TGACCACCATCC	12-TGACCACCATCC	11.162029	-25.426310	0	T:10.0(2.46%),B:2.8(0.13%),P:1e-11	Tpos:95.7,Tstd:48.7,Bpos:192.5,Bstd:45.6,StrandBias:0.8,Multiplicity:1.56
0.001	0.001	0.001	0.997
0.152	0.152	0.695	0.001
0.997	0.001	0.001	0.001
0.001	0.997	0.001	0.001
0.152	0.695	0.001	0.152
0.846	0.001	0.152	0.001
0.009	0.838	0.152	0.001
0.001	0.837	0.001	0.161
0.846	0.001	0.152	0.001
0.001	0.342	0.001	0.656
0.152	0.685	0.001	0.162
0.009	0.989	0.001	0.001
>TTTTTCACAMAG	13-TTTTTCACAMAG	11.403689	-25.426310	0	T:10.0(2.46%),B:2.2(0.10%),P:1e-11	Tpos:148.5,Tstd:60.9,Bpos:148.8,Bstd:33.6,StrandBias:-1.2,Multiplicity:1.00
0.265	0.001	0.001	0.733
0.131	0.001	0.001	0.867
0.001	0.001	0.001	0.997
0.001	0.275	0.001	0.723
0.001	0.001	0.001	0.997
0.001	0.590	0.001	0.408
0.857	0.001	0.001	0.141
0.001	0.838	0.142	0.019
0.725	0.001	0.001	0.273
0.416	0.429	0.145	0.010
0.867	0.001	0.001	0.131
0.001	0.019	0.838	0.142
>GCTTCATTTATC	14-GCTTCATTTATC	11.033855	-24.514648	0	T:13.0(3.20%),B:5.0(0.23%),P:1e-10	Tpos:129.4,Tstd:64.5,Bpos:132.9,Bstd:55.4,StrandBias:0.2,Multiplicity:1.00
0.001	0.079	0.681	0.239
0.001	0.832	0.088	0.079
0.248	0.159	0.009	0.584
0.079	0.159	0.001	0.761
0.001	0.910	0.001	0.088
0.997	0.001	0.001	0.001
0.001	0.001	0.079	0.919
0.079	0.001	0.001	0.919
0.001	0.001	0.001	0.997
0.919	0.001	0.001	0.079
0.001	0.001	0.158	0.840
0.159	0.681	0.159	0.001
>AAAACRTTAATR	15-AAAACRTTAATR	12.838904	-22.110701	0	T:9.0(2.22%),B:2.8(0.13%),P:1e-9	Tpos:141.8,Tstd:50.5,Bpos:193.0,Bstd:25.4,StrandBias:-0.3,Multiplicity:1.00
0.997	0.001	0.001	0.001
0.997	0.001	0.001	0.001
0.985	0.001	0.013	0.001
0.997	0.001	0.001	0.001
0.416	0.582	0.001	0.001
0.567	0.001	0.431	0.001
0.373	0.001	0.001	0.625
0.001	0.001	0.001	0.997
0.997	0.001	0.001	0.001
0.997	0.001	0.001	0.001
0.194	0.180	0.001	0.625
0.388	0.180	0.431	0.001
>CGGCACTATTCG	16-CGGCACTATTCG	10.142757	-20.505366	0	T:7.0(1.72%),B:1.3(0.06%),P:1e-8	Tpos:131.6,Tstd:55.7,Bpos:188.4,Bstd:4.4,StrandBias:1.7,Multiplicity:2.17
0.001	0.867	0.001	0.131
0.001	0.001	0.867	0.131
0.001	0.132	0.735	0.132
0.147	0.720	0.001	0.132
0.852	0.001	0.001	0.146
0.001	0.997	0.001	0.001
0.001	0.001	0.001	0.997
0.852	0.001	0.015	0.132
0.001	0.001	0.131	0.867
0.001	0.001	0.001	0.997
0.132	0.852	0.001	0.015
0.264	0.001	0.471	0.264
>CATGCGCGCGCA	17-CATGCGCGCGCA	11.620483	-20.505366	0	T:7.0(1.72%),B:0.0(0.00%),P:1e-8	Tpos:140.9,Tstd:51.5,Bpos:0.0,Bstd:0.0,StrandBias:-0.3,Multiplicity:1.14
0.001	0.940	0.042	0.017
0.982	0.001	0.016	0.001
0.001	0.140	0.001	0.858
0.001	0.001	0.997	0.001
0.001	0.997	0.001	0.001
0.001	0.001	0.997	0.001
0.001	0.609	0.389	0.001
0.001	0.389	0.609	0.001
0.001	0.997	0.001	0.001
0.001	0.001	0.997	0.001
0.001	0.997	0.001	0.001
0.850	0.141	0.001	0.008
>ACAACGAAAAAT	18-ACAACGAAAAAT	10.409522	-18.902186	0	T:8.0(1.97%),B:2.7(0.12%),P:1e-8	Tpos:118.4,Tstd:94.7,Bpos:96.9,Bstd:93.5,StrandBias:0.0,Multiplicity:1.00
0.700	0.100	0.100	0.100
0.100	0.700	0.100	0.100
0.700	0.100	0.100	0.100
0.700	0.100	0.100	0.100
0.100	0.700	0.100	0.100
0.100	0.100	0.700	0.100
0.700	0.100	0.100	0.100
0.700	0.100	0.100	0.100
0.700	0.100	0.100	0.100
0.700	0.100	0.100	0.100
0.700	0.100	0.100	0.100
0.100	0.100	0.100	0.700
>MKCGCRAATTAT	19-MKCGCRAATTAT	12.015897	-16.860452	0	T:6.0(1.48%),B:1.2(0.05%),P:1e-7	Tpos:153.7,Tstd:65.9,Bpos:88.5,Bstd:64.8,StrandBias:1.4,Multiplicity:1.83
0.445	0.553	0.001	0.001
0.001	0.001	0.462	0.536
0.001	0.701	0.297	0.001
0.001	0.001	0.780	0.218
0.001	0.997	0.001	0.001
0.437	0.001	0.561	0.001
0.780	0.218	0.001	0.001
0.997	0.001	0.001	0.001
0.001	0.001	0.001	0.997
0.001	0.333	0.001	0.665
0.997	0.001	0.001	0.001
0.001	0.001	0.001	0.997
>TGAGCCCHCAGA	20-TGAGCCCHCAGA	10.290021	-16.860452	0	T:6.0(1.48%),B:1.4(0.06%),P:1e-7	Tpos:136.0,Tstd:63.6,Bpos:223.0,Bstd:0.0,StrandBias:1.6,Multiplicity:2.00
0.001	0.001	0.001	0.997
0.001	0.001	0.718	0.280
0.997	0.001	0.001	0.001
0.001	0.001	0.981	0.017
0.001	0.997	0.001	0.001
0.297	0.701	0.001	0.001
0.001	0.718	0.001	0.280
0.421	0.281	0.018	0.281
0.017	0.702	0.001	0.280
0.981	0.001	0.017	0.001
0.001	0.001	0.997	0.001
0.997	0.001	0.001	0.001
>CTCATTTGTAAT	21-CTCATTTGTAAT	11.317215	-16.860452	0	T:6.0(1.48%),B:1.5(0.07%),P:1e-7	Tpos:94.3,Tstd:63.0,Bpos:32.0,Bstd:0.0,StrandBias:1.8,Multiplicity:1.50
0.146	0.703	0.049	0.102
0.107	0.097	0.049	0.747
0.049	0.805	0.049	0.097
0.902	0.001	0.096	0.001
0.048	0.001	0.048	0.903
0.097	0.048	0.001	0.854
0.001	0.001	0.001	0.997
0.053	0.001	0.849	0.097
0.048	0.001	0.001	0.950
0.655	0.146	0.097	0.102
0.903	0.001	0.048	0.048
0.097	0.097	0.049	0.757
>GRAACCTCTDAA	22-GRAACCTCTDAA	9.810293	-16.198739	0	T:9.0(2.22%),B:4.2(0.19%),P:1e-7	Tpos:119.6,Tstd:68.0,Bpos:165.9,Bstd:34.2,StrandBias:1.5,Multiplicity:1.67
0.021	0.001	0.977	0.001
0.432	0.001	0.566	0.001
0.997	0.001	0.001	0.001
0.612	0.001	0.386	0.001
0.001	0.997	0.001	0.001
0.001	0.997	0.001	0.001
0.001	0.022	0.136	0.841
0.001	0.997	0.001	0.001
0.001	0.001	0.001	0.997
0.303	0.001	0.383	0.313
0.713	0.001	0.285	0.001
0.898	0.100	0.001	0.001
>GGTGGATTGGTG	23-GGTGGATTGGTG	10.991028	-12.858074	0	T:6.0(1.48%),B:2.9(0.13%),P:1e-5	Tpos:171.1,Tstd:52.9,Bpos:42.6,Bstd:35.0,StrandBias:1.7,Multiplicity:2.83
0.001	0.280	0.718	0.001
0.282	0.001	0.716	0.001
0.001	0.122	0.001	0.876
0.282	0.001	0.437	0.280
0.066	0.001	0.932	0.001
0.997	0.001	0.001	0.001
0.001	0.001	0.001	0.997
0.001	0.001	0.001	0.997
0.001	0.001	0.997	0.001
0.001	0.341	0.657	0.001
0.001	0.001	0.001	0.997
0.001	0.282	0.652	0.065
>TATCTATCTTAT	24-TATCTATCTTAT	10.409522	-10.064643	0	T:4.0(0.99%),B:1.0(0.05%),P:1e-4	Tpos:133.1,Tstd:61.8,Bpos:39.0,Bstd:0.0,StrandBias:1.3,Multiplicity:1.75
0.100	0.100	0.100	0.700
0.700	0.100	0.100	0.100
0.100	0.100	0.100	0.700
0.100	0.700	0.100	0.100
0.100	0.100	0.100	0.700
0.700	0.100	0.100	0.100
0.100	0.100	0.100	0.700
0.100	0.700	0.100	0.100
0.100	0.100	0.100	0.700
0.100	0.100	0.100	0.700
0.700	0.100	0.100	0.100
0.100	0.100	0.100	0.700
>GAGGGAGGGGGG	25-GAGGGAGGGGGG	14.355671	-8.181884	0	T:5.0(1.23%),B:4.0(0.18%),P:1e-3	Tpos:177.8,Tstd:50.5,Bpos:146.1,Bstd:87.7,StrandBias:-2.3,Multiplicity:1.20
0.001	0.001	0.997	0.001
0.438	0.280	0.280	0.001
0.001	0.001	0.997	0.001
0.001	0.001	0.997	0.001
0.001	0.001	0.997	0.001
0.997	0.001	0.001	0.001
0.001	0.001	0.997	0.001
0.001	0.001	0.997	0.001
0.001	0.001	0.997	0.001
0.141	0.001	0.857	0.001
0.280	0.001	0.718	0.001
0.001	0.001	0.997	0.001
>GTTGCC	1-GTTGCC	5.918612	-32.830650	0	T:218.0(53.69%),B:759.5(34.81%),P:1e-14	Tpos:126.5,Tstd:61.0,Bpos:124.5,Bstd:71.1,StrandBias:0.1,Multiplicity:1.58
0.001	0.001	0.997	0.001
0.001	0.001	0.001	0.997
0.001	0.001	0.001	0.997
0.169	0.001	0.829	0.001
0.001	0.843	0.001	0.155
0.001	0.713	0.001	0.285
>GTTACT	2-GTTACT	5.788885	-20.441657	0	T:204.0(50.25%),B:778.9(35.70%),P:1e-8	Tpos:126.2,Tstd:70.2,Bpos:124.8,Bstd:76.1,StrandBias:0.1,Multiplicity:1.37
0.190	0.001	0.808	0.001
0.001	0.001	0.001	0.997
0.154	0.001	0.001	0.844
0.997	0.001	0.001	0.001
0.001	0.997	0.001	0.001
0.118	0.001	0.169	0.712
>GGTGAT	3-GGTGAT	5.906981	-9.652089	0	T:156.0(38.42%),B:642.4(29.44%),P:1e-4	Tpos:129.1,Tstd:62.8,Bpos:127.6,Bstd:76.9,StrandBias:-0.4,Multiplicity:1.41
0.001	0.001	0.997	0.001
0.412	0.001	0.586	0.001
0.001	0.001	0.001	0.997
0.001	0.155	0.843	0.001
0.997	0.001	0.001	0.001
0.001	0.001	0.001	0.997
>TCCTAG	4-TCCTAG	6.761647	-8.728366	0	T:74.0(18.23%),B:261.7(12.00%),P:1e-3	Tpos:118.6,Tstd:56.8,Bpos:124.5,Bstd:67.5,StrandBias:-0.4,Multiplicity:1.18
0.001	0.001	0.001	0.997
0.001	0.997	0.001	0.001
0.001	0.834	0.164	0.001
0.001	0.001	0.001	0.997
0.997	0.001	0.001	0.001
0.001	0.256	0.742	0.001
>AAGACA	5-AAGACA	6.177716	-7.108823	0	T:92.0(22.66%),B:360.3(16.51%),P:1e-3	Tpos:124.2,Tstd:66.3,Bpos:125.8,Bstd:81.7,StrandBias:0.2,Multiplicity:1.16
0.700	0.100	0.100	0.100
0.700	0.100	0.100	0.100
0.100	0.100	0.700	0.100
0.700	0.100	0.100	0.100
0.100	0.700	0.100	0.100
0.700	0.100	0.100	0.100
>TAGCAACC	1-TAGCAACC	6.356894	-50.883505	0	T:105.0(25.86%),B:199.1(9.12%),P:1e-22	Tpos:125.4,Tstd:54.4,Bpos:134.7,Bstd:66.3,StrandBias:-0.1,Multiplicity:1.13
0.001	0.001	0.153	0.845
0.877	0.022	0.100	0.001
0.001	0.001	0.973	0.025
0.086	0.846	0.001	0.067
0.967	0.001	0.001	0.031
0.924	0.015	0.001	0.060
0.001	0.997	0.001	0.001
0.049	0.784	0.140	0.027
>ATAAATCA	2-ATAAATCA	7.772390	-44.165337	0	T:105.0(25.86%),B:218.7(10.03%),P:1e-19	Tpos:136.6,Tstd:62.2,Bpos:129.2,Bstd:74.9,StrandBias:-0.0,Multiplicity:1.18
0.952	0.001	0.046	0.001
0.001	0.001	0.001	0.997
0.556	0.279	0.001	0.164
0.997	0.001	0.001	0.001
0.952	0.001	0.046	0.001
0.001	0.001	0.001	0.997
0.001	0.853	0.145	0.001
0.997	0.001	0.001	0.001
>CCATGGNA	3-CCATGGNA	7.272248	-38.197524	0	T:96.0(23.65%),B:205.6(9.42%),P:1e-16	Tpos:120.0,Tstd:57.7,Bpos:120.8,Bstd:72.2,StrandBias:-0.2,Multiplicity:1.22
0.001	0.747	0.001	0.251
0.001	0.617	0.001	0.381
0.997	0.001	0.001	0.001
0.001	0.001	0.001	0.997
0.326	0.001	0.672	0.001
0.266	0.001	0.732	0.001
0.253	0.291	0.225	0.230
0.997	0.001	0.001	0.001
>TTGTCMTC	4-TTGTCMTC	6.321486	-26.440650	0	T:94.0(23.15%),B:241.2(11.06%),P:1e-11	Tpos:129.3,Tstd:62.1,Bpos:130.6,Bstd:76.2,StrandBias:0.7,Multiplicity:1.21
0.112	0.136	0.070	0.682
0.026	0.307	0.202	0.466
0.371	0.004	0.624	0.001
0.091	0.081	0.003	0.825
0.023	0.936	0.016	0.025
0.534	0.394	0.028	0.044
0.001	0.093	0.190	0.716
0.145	0.821	0.008	0.026
>GTAACCAT	5-GTAACCAT	8.397393	-26.354452	0	T:43.0(10.59%),B:67.6(3.10%),P:1e-11	Tpos:136.8,Tstd:61.5,Bpos:114.7,Bstd:67.2,StrandBias:-0.6,Multiplicity:1.06
0.001	0.001	0.997	0.001
0.001	0.047	0.001	0.951
0.845	0.153	0.001	0.001
0.783	0.111	0.001	0.105
0.001	0.997	0.001	0.001
0.001	0.925	0.073	0.001
0.875	0.001	0.001	0.123
0.001	0.001	0.001	0.997
>GGCAACGA	6-GGCAACGA	7.374074	-23.224585	0	T:36.0(8.87%),B:54.8(2.51%),P:1e-10	Tpos:122.7,Tstd:62.9,Bpos:129.7,Bstd:70.2,StrandBias:-0.6,Multiplicity:1.06
0.001	0.001	0.997	0.001
0.001	0.001	0.695	0.303
0.048	0.797	0.001	0.154
0.997	0.001	0.001	0.001
0.770	0.118	0.111	0.001
0.027	0.971	0.001	0.001
0.001	0.001	0.997	0.001
0.943	0.001	0.055	0.001
>CAATTTAT	7-CAATTTAT	7.010256	-22.581005	0	T:100.0(24.63%),B:283.1(12.98%),P:1e-9	Tpos:127.8,Tstd:71.6,Bpos:126.8,Bstd:80.8,StrandBias:-0.1,Multiplicity:1.17
0.057	0.846	0.096	0.001
0.745	0.231	0.001	0.023
0.954	0.001	0.044	0.001
0.034	0.033	0.001	0.932
0.027	0.001	0.037	0.935
0.067	0.042	0.100	0.791
0.929	0.069	0.001	0.001
0.001	0.046	0.001	0.952
>TAAGGTAG	8-TAAGGTAG	7.453919	-20.447610	0	T:28.0(6.90%),B:38.6(1.77%),P:1e-8	Tpos:123.7,Tstd:70.8,Bpos:143.8,Bstd:75.2,StrandBias:-0.2,Multiplicity:1.21
0.001	0.001	0.001	0.997
0.997	0.001	0.001	0.001
0.927	0.071	0.001	0.001
0.001	0.163	0.835	0.001
0.001	0.001	0.997	0.001
0.001	0.159	0.177	0.663
0.997	0.001	0.001	0.001
0.001	0.001	0.997	0.001
>GGTCATTA	9-GGTCATTA	7.528209	-20.439040	0	T:55.0(13.55%),B:121.6(5.57%),P:1e-8	Tpos:114.3,Tstd:54.4,Bpos:126.2,Bstd:71.4,StrandBias:-0.2,Multiplicity:1.14
0.001	0.124	0.874	0.001
0.063	0.001	0.838	0.098
0.001	0.224	0.001	0.774
0.001	0.943	0.055	0.001
0.997	0.001	0.001	0.001
0.001	0.027	0.001	0.971
0.001	0.055	0.001	0.943
0.997	0.001	0.001	0.001
>GTTATAGG	10-GTTATAGG	9.141554	-19.827461	0	T:18.0(4.43%),B:16.9(0.78%),P:1e-8	Tpos:123.1,Tstd:58.1,Bpos:99.0,Bstd:57.3,StrandBias:0.2,Multiplicity:1.06
0.001	0.001	0.997	0.001
0.001	0.001	0.001	0.997
0.001	0.001	0.001	0.997
0.796	0.202	0.001	0.001
0.001	0.001	0.001	0.997
0.997	0.001	0.001	0.001
0.001	0.001	0.997	0.001
0.001	0.280	0.718	0.001
>TTCCTABG	11-TTCCTABG	7.735985	-19.794438	0	T:32.0(7.88%),B:50.9(2.33%),P:1e-8	Tpos:144.3,Tstd:55.6,Bpos:136.6,Bstd:81.8,StrandBias:-0.4,Multiplicity:1.00
0.001	0.149	0.229	0.621
0.001	0.001	0.001	0.997
0.103	0.818	0.044	0.035
0.001	0.751	0.209	0.039
0.001	0.001	0.001	0.997
0.997	0.001	0.001	0.001
0.166	0.333	0.237	0.264
0.001	0.001	0.997	0.001
>CGTAGTAG	12-CGTAGTAG	8.061834	-18.118642	0	T:15.0(3.69%),B:12.4(0.57%),P:1e-7	Tpos:123.2,Tstd:71.9,Bpos:134.3,Bstd:60.5,StrandBias:0.6,Multiplicity:1.07
0.001	0.807	0.191	0.001
0.001	0.001	0.817	0.181
0.001	0.001	0.081	0.917
0.997	0.001	0.001	0.001
0.001	0.001	0.997	0.001
0.001	0.001	0.001	0.997
0.917	0.001	0.081	0.001
0.001	0.001	0.997	0.001
>ACKATTCG	13-ACKATTCG	7.376463	-17.128472	0	T:39.0(9.61%),B:78.6(3.60%),P:1e-7	Tpos:126.2,Tstd:71.9,Bpos:115.5,Bstd:77.3,StrandBias:-0.4,Multiplicity:1.08
0.997	0.001	0.001	0.001
0.001	0.942	0.001	0.056
0.123	0.131	0.403	0.342
0.897	0.001	0.001	0.101
0.001	0.042	0.001	0.956
0.001	0.001	0.010	0.988
0.176	0.822	0.001	0.001
0.001	0.002	0.888	0.109
>CTTRGTCC	14-CTTRGTCC	7.194700	-14.299634	0	T:13.0(3.20%),B:12.2(0.56%),P:1e-6	Tpos:102.3,Tstd:75.5,Bpos:108.1,Bstd:56.9,StrandBias:-1.3,Multiplicity:1.08
0.001	0.536	0.096	0.367
0.001	0.297	0.073	0.629
0.197	0.001	0.001	0.801
0.500	0.001	0.408	0.091
0.001	0.220	0.778	0.001
0.001	0.250	0.001	0.748
0.356	0.642	0.001	0.001
0.036	0.560	0.403	0.001
>GACCCCGA	15-GACCCCGA	9.845147	-13.720109	0	T:10.0(2.46%),B:7.9(0.36%),P:1e-5	Tpos:125.3,Tstd:63.4,Bpos:122.4,Bstd:44.1,StrandBias:-1.2,Multiplicity:1.00
0.001	0.001	0.997	0.001
0.997	0.001	0.001	0.001
0.001	0.997	0.001	0.001
0.001	0.997	0.001	0.001
0.001	0.997	0.001	0.001
0.001	0.997	0.001	0.001
0.001	0.294	0.704	0.001
0.997	0.001	0.001	0.001
>AGCGGGCT	16-AGCGGGCT	8.236954	-13.371050	0	T:5.0(1.23%),B:1.5(0.07%),P:1e-5	Tpos:118.8,Tstd:90.1,Bpos:34.1,Bstd:6.0,StrandBias:-0.6,Multiplicity:1.00
0.700	0.100	0.100	0.100
0.100	0.100	0.700	0.100
0.100	0.700	0.100	0.100
0.100	0.100	0.700	0.100
0.100	0.100	0.700	0.100
0.100	0.100	0.700	0.100
0.100	0.700	0.100	0.100
0.100	0.100	0.100	0.700
>CATCCCCT	17-CATCCCCT	7.450208	-12.022199	0	T:23.0(5.67%),B:42.9(1.97%),P:1e-5	Tpos:127.3,Tstd:58.3,Bpos:136.9,Bstd:69.6,StrandBias:-0.5,Multiplicity:1.23
0.001	0.997	0.001	0.001
0.997	0.001	0.001	0.001
0.001	0.001	0.001	0.997
0.166	0.709	0.124	0.001
0.001	0.997	0.001	0.001
0.001	0.837	0.161	0.001
0.001	0.997	0.001	0.001
0.001	0.001	0.001	0.997
>CAAGCTTC	18-CAAGCTTC	10.991361	-11.572837	0	T:11.0(2.71%),B:11.4(0.52%),P:1e-5	Tpos:109.3,Tstd:54.0,Bpos:141.0,Bstd:63.0,StrandBias:0.3,Multiplicity:1.00
0.001	0.997	0.001	0.001
0.997	0.001	0.001	0.001
0.925	0.073	0.001	0.001
0.001	0.001	0.997	0.001
0.001	0.997	0.001	0.001
0.001	0.001	0.001	0.997
0.001	0.001	0.001	0.997
0.001	0.997	0.001	0.001
>GAGTCTGA	19-GAGTCTGA	8.236954	-10.581304	0	T:6.0(1.48%),B:3.7(0.17%),P:1e-4	Tpos:152.5,Tstd:63.5,Bpos:46.7,Bstd:13.4,StrandBias:0.0,Multiplicity:1.00
0.100	0.100	0.700	0.100
0.700	0.100	0.100	0.100
0.100	0.100	0.700	0.100
0.100	0.100	0.100	0.700
0.100	0.700	0.100	0.100
0.100	0.100	0.100	0.700
0.100	0.100	0.700	0.100
0.700	0.100	0.100	0.100
>CAGGGTCC	20-CAGGGTCC	9.566122	-9.875247	0	T:7.0(1.72%),B:5.9(0.27%),P:1e-4	Tpos:124.8,Tstd:81.2,Bpos:135.4,Bstd:50.6,StrandBias:-0.3,Multiplicity:1.29
0.001	0.887	0.111	0.001
0.997	0.001	0.001	0.001
0.250	0.001	0.748	0.001
0.001	0.001	0.997	0.001
0.001	0.001	0.997	0.001
0.001	0.001	0.001	0.997
0.001	0.997	0.001	0.001
0.001	0.997	0.001	0.001
>GACTACCA	21-GACTACCA	7.656330	-8.524044	0	T:23.0(5.67%),B:53.8(2.47%),P:1e-3	Tpos:117.3,Tstd:66.5,Bpos:122.4,Bstd:69.0,StrandBias:0.1,Multiplicity:1.59
0.217	0.001	0.781	0.001
0.997	0.001	0.001	0.001
0.001	0.838	0.160	0.001
0.001	0.189	0.001	0.809
0.899	0.007	0.093	0.001
0.128	0.870	0.001	0.001
0.080	0.888	0.031	0.001
0.598	0.361	0.040	0.001
>TTGCTCTC	22-TTGCTCTC	8.236954	-7.046931	0	T:9.0(2.22%),B:13.5(0.62%),P:1e-3	Tpos:177.6,Tstd:53.5,Bpos:111.2,Bstd:64.7,StrandBias:2.2,Multiplicity:1.38
0.100	0.100	0.100	0.700
0.100	0.100	0.100	0.700
0.100	0.100	0.700	0.100
0.100	0.700	0.100	0.100
0.100	0.100	0.100	0.700
0.100	0.700	0.100	0.100
0.100	0.100	0.100	0.700
0.100	0.700	0.100	0.100
>GGCAGGGT	23-GGCAGGGT	9.969710	-6.116396	0	T:6.0(1.48%),B:7.3(0.33%),P:1e-2	Tpos:144.8,Tstd:60.5,Bpos:122.9,Bstd:70.6,StrandBias:0.6,Multiplicity:2.00
0.001	0.001	0.997	0.001
0.001	0.001	0.997	0.001
0.001	0.997	0.001	0.001
0.997	0.001	0.001	0.001
0.001	0.333	0.665	0.001
0.001	0.001	0.997	0.001
0.001	0.001	0.997	0.001
0.001	0.001	0.001	0.997
>CTGACCTT	24-CTGACCTT	8.236954	-4.955133	0	T:4.0(0.99%),B:4.2(0.19%),P:1e-2	Tpos:150.8,Tstd:48.5,Bpos:48.8,Bstd:29.7,StrandBias:10.0,Multiplicity:1.25
0.100	0.700	0.100	0.100
0.100	0.100	0.100	0.700
0.100	0.100	0.700	0.100
0.700	0.100	0.100	0.100
0.100	0.700	0.100	0.100
0.100	0.700	0.100	0.100
0.100	0.100	0.100	0.700
0.100	0.100	0.100	0.700
>CACCAATC	25-CACCAATC	8.957358	-3.790573	0	T:12.0(2.96%),B:33.3(1.53%),P:1e-1	Tpos:167.2,Tstd:51.1,Bpos:128.1,Bstd:68.1,StrandBias:-2.9,Multiplicity:2.08
0.001	0.997	0.001	0.001
0.997	0.001	0.001	0.001
0.001	0.997	0.001	0.001
0.001	0.997	0.001	0.001
0.997	0.001	0.001	0.001
0.997	0.001	0.001	0.001
0.001	0.001	0.121	0.877
0.001	0.997	0.001	0.001
