>CCATGGCAAC	1-CCATGGCAAC	6.620710	-94.107932	0	T:187.0(46.06%),B:373.9(17.14%),P:1e-40	Tpos:124.4,Tstd:58.5,Bpos:125.3,Bstd:66.9,StrandBias:-0.0,Multiplicity:1.58
0.152	0.501	0.149	0.198
0.001	0.726	0.001	0.272
0.578	0.096	0.126	0.200
0.074	0.001	0.001	0.924
0.404	0.001	0.594	0.001
0.135	0.001	0.863	0.001
0.213	0.450	0.075	0.262
0.791	0.001	0.010	0.198
0.914	0.001	0.084	0.001
0.156	0.701	0.001	0.142
>CATTTRTCAT	2-CATTTRTCAT	7.355651	-49.084433	0	T:108.0(26.60%),B:214.1(9.81%),P:1e-21	Tpos:129.2,Tstd:64.5,Bpos:132.1,Bstd:74.5,StrandBias:0.4,Multiplicity:1.12
0.084	0.722	0.110	0.084
0.641	0.055	0.248	0.056
0.027	0.083	0.001	0.889
0.147	0.085	0.001	0.767
0.087	0.262	0.001	0.650
0.453	0.001	0.545	0.001
0.001	0.001	0.001	0.997
0.001	0.887	0.111	0.001
0.793	0.001	0.001	0.205
0.112	0.126	0.110	0.652
>CCGGAAATCA	3-CCGGAAATCA	10.372629	-40.492267	0	T:12.0(2.96%),B:1.5(0.07%),P:1e-17	Tpos:150.9,Tstd:67.4,Bpos:99.8,Bstd:30.3,StrandBias:-0.2,Multiplicity:1.08
0.001	0.997	0.001	0.001
0.001	0.997	0.001	0.001
0.001	0.080	0.918	0.001
0.081	0.001	0.837	0.081
0.918	0.001	0.001	0.080
0.918	0.001	0.001	0.080
0.918	0.001	0.001	0.080
0.001	0.001	0.001	0.997
0.191	0.647	0.081	0.081
0.918	0.001	0.080	0.001
>TCCTAGGACA	4-TCCTAGGACA	8.068168	-39.595808	0	T:34.0(8.37%),B:27.2(1.25%),P:1e-17	Tpos:135.2,Tstd:57.4,Bpos:137.7,Bstd:67.4,StrandBias:0.4,Multiplicity:1.03
0.001	0.001	0.001	0.997
0.001	0.863	0.081	0.055
0.027	0.755	0.109	0.109
0.053	0.001	0.001	0.945
0.908	0.001	0.001	0.090
0.001	0.054	0.736	0.209
0.182	0.136	0.681	0.001
0.918	0.054	0.027	0.001
0.270	0.476	0.164	0.091
0.730	0.215	0.054	0.001
>CAATAAATCA	5-CAATAAATCA	7.794800	-38.520399	0	T:59.0(14.53%),B:87.7(4.02%),P:1e-16	Tpos:139.6,Tstd:70.4,Bpos:131.3,Bstd:68.9,StrandBias:-0.0,Multiplicity:1.10
0.073	0.583	0.191	0.153
0.645	0.171	0.020	0.164
0.706	0.010	0.030	0.254
0.020	0.101	0.010	0.869
0.667	0.172	0.030	0.131
0.715	0.134	0.010	0.141
0.702	0.151	0.114	0.033
0.131	0.020	0.090	0.759
0.040	0.757	0.153	0.050
0.771	0.010	0.118	0.101
>CTCCGTTACC	6-CTCCGTTACC	10.666616	-36.297956	0	T:11.0(2.71%),B:1.7(0.08%),P:1e-15	Tpos:129.5,Tstd:55.7,Bpos:93.3,Bstd:30.1,StrandBias:0.8,Multiplicity:1.10
0.001	0.899	0.001	0.099
0.100	0.001	0.100	0.799
0.001	0.899	0.001	0.099
0.001	0.899	0.001	0.099
0.001	0.099	0.899	0.001
0.001	0.001	0.001	0.997
0.001	0.001	0.001	0.997
0.997	0.001	0.001	0.001
0.001	0.799	0.100	0.100
0.001	0.899	0.001	0.099
>CATTAGGTCA	7-CATTAGGTCA	10.387016	-30.821365	0	T:13.0(3.20%),B:3.7(0.17%),P:1e-13	Tpos:139.4,Tstd:66.2,Bpos:159.7,Bstd:29.6,StrandBias:0.0,Multiplicity:1.08
0.080	0.918	0.001	0.001
0.837	0.081	0.001	0.081
0.001	0.001	0.001	0.997
0.081	0.001	0.081	0.837
0.918	0.001	0.001	0.080
0.081	0.191	0.727	0.001
0.001	0.001	0.997	0.001
0.001	0.081	0.081	0.837
0.001	0.997	0.001	0.001
0.997	0.001	0.001	0.001
>GTCTAGCAAC	8-GTCTAGCAAC	8.022085	-28.759872	0	T:20.0(4.93%),B:12.2(0.56%),P:1e-12	Tpos:102.5,Tstd:57.9,Bpos:135.2,Bstd:54.7,StrandBias:0.8,Multiplicity:1.06
0.035	0.035	0.857	0.073
0.035	0.140	0.070	0.755
0.105	0.822	0.072	0.001
0.003	0.035	0.140	0.822
0.824	0.140	0.035	0.001
0.140	0.035	0.720	0.105
0.001	0.929	0.069	0.001
0.857	0.001	0.070	0.072
0.647	0.073	0.140	0.140
0.035	0.787	0.035	0.143
>ACCATCACCM	9-ACCATCACCM	10.536040	-28.185515	0	T:9.0(2.22%),B:1.6(0.07%),P:1e-12	Tpos:142.1,Tstd:39.3,Bpos:92.3,Bstd:23.8,StrandBias:1.2,Multiplicity:1.11
0.997	0.001	0.001	0.001
0.152	0.846	0.001	0.001
0.001	0.846	0.001	0.152
0.997	0.001	0.001	0.001
0.001	0.158	0.001	0.840
0.001	0.997	0.001	0.001
0.657	0.171	0.001	0.171
0.001	0.657	0.171	0.171
0.001	0.997	0.001	0.001
0.460	0.538	0.001	0.001
>CTTTCGTACT	10-CTTTCGTACT	6.671982	-27.505980	0	T:76.0(18.72%),B:170.9(7.83%),P:1e-11	Tpos:144.6,Tstd:75.9,Bpos:128.7,Bstd:78.9,StrandBias:0.2,Multiplicity:1.05
0.044	0.862	0.023	0.071
0.082	0.023	0.047	0.848
0.023	0.060	0.012	0.905
0.084	0.047	0.082	0.787
0.116	0.780	0.066	0.038
0.095	0.031	0.704	0.170
0.031	0.066	0.070	0.833
0.747	0.035	0.078	0.140
0.094	0.739	0.047	0.120
0.055	0.070	0.070	0.805
>GGTCATTAAT	11-GGTCATTAAT	9.676304	-27.233252	0	T:27.0(6.65%),B:26.6(1.22%),P:1e-11	Tpos:114.8,Tstd:45.3,Bpos:116.6,Bstd:60.8,StrandBias:-1.2,Multiplicity:1.04
0.094	0.001	0.904	0.001
0.040	0.040	0.854	0.066
0.040	0.159	0.027	0.774
0.019	0.914	0.001	0.066
0.904	0.001	0.001	0.094
0.001	0.001	0.001	0.997
0.001	0.001	0.001	0.997
0.959	0.001	0.039	0.001
0.864	0.001	0.095	0.040
0.040	0.001	0.040	0.919
>CCGTCTCTCG	12-CCGTCTCTCG	10.756292	-25.426310	0	T:10.0(2.46%),B:2.7(0.12%),P:1e-11	Tpos:141.5,Tstd:63.5,Bpos:141.9,Bstd:86.7,StrandBias:-0.5,Multiplicity:1.20
0.001	0.735	0.132	0.132
0.001	0.997	0.001	0.001
0.001	0.168	0.830	0.001
0.131	0.001	0.001	0.867
0.001	0.867	0.001	0.131
0.001	0.001	0.001	0.997
0.001	0.997	0.001	0.001
0.001	0.001	0.131	0.867
0.001	0.867	0.131	0.001
0.001	0.131	0.867	0.001
>CGGCGGCTTC	13-CGGCGGCTTC	11.177851	-24.285558	0	T:8.0(1.97%),B:0.6(0.03%),P:1e-10	Tpos:113.0,Tstd:23.4,Bpos:68.0,Bstd:0.0,StrandBias:0.4,Multiplicity:1.17
0.001	0.997	0.001	0.001
0.370	0.001	0.628	0.001
0.001	0.001	0.997	0.001
0.001	0.997	0.001	0.001
0.001	0.001	0.997	0.001
0.001	0.156	0.842	0.001
0.001	0.842	0.001	0.156
0.001	0.001	0.001	0.997
0.001	0.001	0.001	0.997
0.001	0.842	0.156	0.001
>GTTACATCAA	14-GTTACATCAA	9.932833	-22.710259	0	T:16.0(3.94%),B:10.5(0.48%),P:1e-9	Tpos:128.1,Tstd:87.3,Bpos:106.1,Bstd:70.9,StrandBias:0.0,Multiplicity:1.12
0.001	0.001	0.997	0.001
0.001	0.084	0.084	0.831
0.001	0.001	0.001	0.997
0.550	0.001	0.084	0.365
0.001	0.915	0.001	0.083
0.915	0.001	0.083	0.001
0.001	0.001	0.001	0.997
0.012	0.682	0.096	0.210
0.915	0.001	0.083	0.001
0.915	0.001	0.083	0.001
>ATGARCGGCB	15-ATGARCGGCB	6.659475	-22.636591	0	T:20.0(4.93%),B:17.6(0.81%),P:1e-9	Tpos:108.4,Tstd:63.5,Bpos:123.3,Bstd:70.3,StrandBias:0.0,Multiplicity:1.00
0.875	0.031	0.039	0.055
0.008	0.243	0.031	0.718
0.202	0.204	0.375	0.219
0.640	0.227	0.086	0.047
0.496	0.047	0.410	0.047
0.323	0.549	0.057	0.071
0.165	0.094	0.488	0.253
0.345	0.023	0.601	0.031
0.290	0.441	0.073	0.196
0.070	0.289	0.395	0.246
>TCTGTCGCGG	16-TCTGTCGCGG	10.666616	-22.110701	0	T:9.0(2.22%),B:2.8(0.13%),P:1e-9	Tpos:118.7,Tstd:75.7,Bpos:103.1,Bstd:81.4,StrandBias:0.0,Multiplicity:1.11
0.100	0.100	0.001	0.799
0.100	0.799	0.100	0.001
0.001	0.001	0.001	0.997
0.001	0.001	0.997	0.001
0.001	0.099	0.001	0.899
0.001	0.899	0.001	0.099
0.001	0.001	0.997	0.001
0.099	0.899	0.001	0.001
0.099	0.001	0.899	0.001
0.099	0.001	0.899	0.001
>GCTTAAACTA	17-GCTTAAACTA	10.364930	-22.110701	0	T:9.0(2.22%),B:3.0(0.14%),P:1e-9	Tpos:112.6,Tstd:63.8,Bpos:143.9,Bstd:63.0,StrandBias:-1.8,Multiplicity:1.00
0.218	0.001	0.780	0.001
0.001	0.962	0.036	0.001
0.001	0.001	0.001	0.997
0.001	0.001	0.218	0.780
0.912	0.086	0.001	0.001
0.780	0.001	0.218	0.001
0.997	0.001	0.001	0.001
0.001	0.780	0.001	0.218
0.001	0.001	0.001	0.997
0.997	0.001	0.001	0.001
>GAGAGCAATC	18-GAGAGCAATC	9.872702	-22.110701	0	T:9.0(2.22%),B:2.7(0.13%),P:1e-9	Tpos:159.2,Tstd:57.6,Bpos:92.0,Bstd:18.0,StrandBias:-1.4,Multiplicity:1.22
0.001	0.001	0.997	0.001
0.997	0.001	0.001	0.001
0.001	0.001	0.997	0.001
0.997	0.001	0.001	0.001
0.001	0.001	0.997	0.001
0.152	0.846	0.001	0.001
0.846	0.001	0.001	0.152
0.846	0.001	0.152	0.001
0.152	0.152	0.152	0.544
0.014	0.928	0.057	0.001
>TCATCCTCCT	19-TCATCCTCCT	9.979550	-21.844818	0	T:12.0(2.96%),B:5.6(0.26%),P:1e-9	Tpos:113.0,Tstd:88.7,Bpos:153.3,Bstd:45.3,StrandBias:1.1,Multiplicity:1.08
0.001	0.001	0.001	0.997
0.001	0.997	0.001	0.001
0.649	0.198	0.152	0.001
0.001	0.001	0.001	0.997
0.001	0.997	0.001	0.001
0.001	0.695	0.152	0.152
0.001	0.001	0.001	0.997
0.001	0.997	0.001	0.001
0.001	0.667	0.152	0.180
0.001	0.001	0.152	0.846
>ATGCGCGCGC	20-ATGCGCGCGC	9.245578	-20.749149	0	T:20.0(4.93%),B:19.6(0.90%),P:1e-9	Tpos:130.6,Tstd:59.4,Bpos:119.9,Bstd:66.0,StrandBias:0.3,Multiplicity:1.15
0.974	0.001	0.024	0.001
0.001	0.152	0.001	0.846
0.001	0.160	0.838	0.001
0.152	0.695	0.001	0.152
0.001	0.001	0.846	0.152
0.001	0.997	0.001	0.001
0.001	0.152	0.846	0.001
0.001	0.997	0.001	0.001
0.152	0.001	0.846	0.001
0.001	0.997	0.001	0.001
>GGGTGGTGGT	21-GGGTGGTGGT	9.279637	-17.540364	0	T:13.0(3.20%),B:9.9(0.46%),P:1e-7	Tpos:100.1,Tstd:56.7,Bpos:160.5,Bstd:56.4,StrandBias:-1.7,Multiplicity:1.31
0.079	0.001	0.919	0.001
0.238	0.001	0.760	0.001
0.267	0.001	0.731	0.001
0.001	0.238	0.001	0.760
0.079	0.001	0.761	0.159
0.001	0.159	0.601	0.239
0.001	0.001	0.001	0.997
0.159	0.079	0.761	0.001
0.001	0.079	0.919	0.001
0.001	0.001	0.001	0.997
>TCGGCACTAT	22-TCGGCACTAT	10.686667	-16.860452	0	T:6.0(1.48%),B:1.9(0.09%),P:1e-7	Tpos:131.8,Tstd:60.9,Bpos:222.4,Bstd:15.6,StrandBias:1.6,Multiplicity:2.00
0.001	0.001	0.001	0.997
0.001	0.997	0.001	0.001
0.106	0.001	0.892	0.001
0.001	0.001	0.997	0.001
0.252	0.640	0.001	0.107
0.892	0.001	0.001	0.106
0.001	0.997	0.001	0.001
0.106	0.001	0.001	0.892
0.785	0.001	0.107	0.107
0.001	0.001	0.001	0.997
>GTGGCAGGGT	23-GTGGCAGGGT	9.991529	-13.679766	0	T:8.0(1.97%),B:4.6(0.21%),P:1e-5	Tpos:140.1,Tstd:63.3,Bpos:101.2,Bstd:74.4,StrandBias:1.2,Multiplicity:1.62
0.001	0.001	0.997	0.001
0.001	0.001	0.338	0.660
0.001	0.001	0.997	0.001
0.142	0.001	0.725	0.132
0.001	0.867	0.131	0.001
0.997	0.001	0.001	0.001
0.132	0.142	0.725	0.001
0.001	0.001	0.997	0.001
0.131	0.001	0.867	0.001
0.131	0.001	0.001	0.867
>AGGGAGRGWG	24-AGGGAGRGWG	10.182293	-7.057960	0	T:7.0(1.72%),B:8.4(0.38%),P:1e-3	Tpos:175.9,Tstd:70.2,Bpos:80.6,Bstd:61.7,StrandBias:-2.1,Multiplicity:1.43
0.997	0.001	0.001	0.001
0.218	0.001	0.780	0.001
0.001	0.218	0.780	0.001
0.001	0.218	0.780	0.001
0.997	0.001	0.001	0.001
0.001	0.001	0.780	0.218
0.450	0.001	0.548	0.001
0.001	0.001	0.997	0.001
0.548	0.001	0.001	0.450
0.001	0.001	0.997	0.001
>ATTGGTGGAT	25-ATTGGTGGAT	10.296193	-1.168044	0	T:1.0(0.25%),B:2.5(0.11%),P:1e0	Tpos:197.9,Tstd:30.3,Bpos:86.2,Bstd:65.9,StrandBias:10.0,Multiplicity:11.00
0.700	0.100	0.100	0.100
0.100	0.100	0.100	0.700
0.100	0.100	0.100	0.700
0.100	0.100	0.700	0.100
0.100	0.100	0.700	0.100
0.100	0.100	0.100	0.700
0.100	0.100	0.700	0.100
0.100	0.100	0.700	0.100
0.700	0.100	0.100	0.100
0.100	0.100	0.100	0.700
