>KMKATAASWY	ARCH1_1_GCGATAAGAC,BestGuess_srp	11.0050875923803
0.032	0.016	0.648	0.304
0.284	0.560	0.079	0.077
0.016	0.002	0.688	0.294
0.795	0.079	0.047	0.079
0.244	0.016	0.176	0.564
0.665	0.079	0.240	0.016
0.889	0.047	0.032	0.032
0.001	0.364	0.577	0.058
0.570	0.100	0.016	0.314
0.032	0.648	0.016	0.304
>WGATAANA	ARCH2_TRPS1	10.4346040182161
0.732	0.001	0.001	0.266
0.001	0.001	0.997	0.001
0.997	0.001	0.001	0.001
0.001	0.001	0.001	0.997
0.895	0.001	0.001	0.103
0.889	0.001	0.109	0.001
0.257	0.245	0.437	0.060
0.548	0.228	0.187	0.037
>CYGWTAAS	ARCH3_Unknown5	9.91036177153902
0.045	0.607	0.149	0.199
0.006	0.348	0.040	0.606
0.001	0.001	0.997	0.001
0.653	0.001	0.066	0.280
0.003	0.001	0.121	0.875
0.993	0.001	0.001	0.005
0.879	0.001	0.119	0.001
0.061	0.476	0.462	0.001
>	ARCH4_PQM_1	11.6732871459159
0.185	0.541	0.119	0.155
0.237	0.118	0.001	0.645
0.001	0.001	0.999	0.001
0.999	0.001	0.001	0.001
0.001	0.001	0.001	0.999
0.995	0.001	0.001	0.004
0.996	0.001	0.002	0.002
0.136	0.436	0.409	0.018
0.627	0.153	0.153	0.068
>AGATGNNNAGATAR	ARCH5_GATA3	16.9253927579528
0.817	0.001	0.001	0.181
0.001	0.001	0.997	0.001
0.981	0.017	0.001	0.001
0.001	0.001	0.001	0.997
0.027	0.245	0.538	0.190
0.227	0.145	0.246	0.382
0.301	0.127	0.336	0.236
0.227	0.200	0.382	0.190
0.836	0.001	0.001	0.162
0.001	0.001	0.997	0.001
0.997	0.001	0.001	0.001
0.001	0.001	0.001	0.997
0.872	0.001	0.001	0.126
0.637	0.001	0.272	0.090
>GATA	ARCH6_GATA	5.47183570900963
0.057	0.060	0.830	0.053
0.904	0.008	0.044	0.045
0.043	0.058	0.032	0.868
0.691	0.042	0.032	0.235
>GATWA	ARCH7_GATA2	6.53879962901809
0.026	0.011	0.943	0.020
0.931	0.018	0.009	0.042
0.021	0.020	0.005	0.954
0.653	0.067	0.028	0.252
0.542	0.110	0.158	0.190
>GATAAS	ARCH8_GATA2	8.795722525733
0.002	0.008	0.988	0.002
0.997	0.000	0.000	0.003
0.000	0.000	0.000	1.000
0.983	0.009	0.000	0.009
0.939	0.058	0.000	0.003
0.077	0.273	0.572	0.078
>GATAAGATAAS	ARCH9_GATA2	15.5444726248077
0.000	0.086	0.914	0.000
0.865	0.009	0.072	0.054
0.014	0.083	0.018	0.885
0.941	0.000	0.010	0.049
1.000	0.000	0.000	0.000
0.000	0.000	1.000	0.000
0.946	0.000	0.044	0.010
0.005	0.000	0.005	0.990
0.865	0.032	0.018	0.086
0.706	0.081	0.088	0.125
0.078	0.394	0.486	0.041
>	ARCH10_GATA2	15.4845196876568
0.587	0.161	0.000	0.252
0.008	0.009	0.976	0.007
0.979	0.005	0.008	0.008
0.002	0.009	0.003	0.986
0.959	0.014	0.009	0.018
0.985	0.014	0.000	0.000
0.000	0.315	0.685	0.000
0.948	0.024	0.026	0.002
0.043	0.029	0.040	0.888
0.059	0.887	0.043	0.011
0.293	0.012	0.095	0.599
>GATAAS	ARCH11_GATA2	8.866952696282
0.000	0.000	1.000	0.000
0.990	0.000	0.010	0.000
0.000	0.000	0.000	1.000
1.000	0.000	0.000	0.000
0.983	0.000	0.000	0.017
0.000	0.565	0.374	0.061
>GATAAS	ARCH12_GATA2	7.67362106747575
0.000	0.000	1.000	0.000
1.000	0.000	0.000	0.000
0.000	0.000	0.000	1.000
0.846	0.095	0.011	0.048
0.532	0.198	0.119	0.152
0.010	0.445	0.387	0.158
>SWGATAAG	ARCH13_GATA	10.702853862043
0.079	0.520	0.325	0.077
0.648	0.056	0.000	0.296
0.002	0.000	0.998	0.000
1.000	0.000	0.000	0.000
0.000	0.000	0.000	1.000
0.944	0.000	0.000	0.056
0.859	0.002	0.122	0.017
0.099	0.209	0.654	0.037
>AGATAAGA	ARCH14_GATA	11.6720751404009
0.863	0.012	0.012	0.113
0.011	0.005	0.980	0.003
0.979	0.007	0.008	0.007
0.018	0.007	0.014	0.961
0.941	0.010	0.011	0.038
0.958	0.004	0.018	0.019
0.051	0.096	0.831	0.023
0.672	0.100	0.191	0.037
>WGATAAGRNAA	ARCH15_GATA	13.7843350738686
0.728	0.000	0.006	0.266
0.000	0.000	1.000	0.000
0.994	0.000	0.000	0.006
0.010	0.002	0.000	0.988
0.918	0.010	0.008	0.064
0.950	0.004	0.028	0.018
0.036	0.108	0.848	0.008
0.600	0.102	0.264	0.034
0.232	0.144	0.162	0.462
0.522	0.130	0.144	0.204
0.502	0.130	0.196	0.172
>AGATAANAA	ARCH16_GATA	10.831188544133
0.728	0.018	0.008	0.246
0.006	0.000	0.992	0.002
0.988	0.006	0.004	0.002
0.018	0.020	0.050	0.912
0.868	0.022	0.006	0.104
0.744	0.038	0.180	0.038
0.202	0.306	0.428	0.064
0.510	0.234	0.230	0.026
0.530	0.096	0.140	0.234
>KCGATARBR	ARCH17_GATA	10.4987846965523
0.047	0.062	0.500	0.391
0.219	0.594	0.000	0.188
0.000	0.000	1.000	0.000
1.000	0.000	0.000	0.000
0.125	0.000	0.000	0.875
1.000	0.000	0.000	0.000
0.734	0.000	0.266	0.000
0.000	0.297	0.406	0.297
0.484	0.172	0.328	0.016
>	ARCH18_	15.9303040532427
0.111	0.232	0.031	0.626
0.030	0.000	0.024	0.946
0.911	0.000	0.071	0.018
0.018	0.000	0.000	0.982
0.000	0.982	0.000	0.018
0.053	0.018	0.000	0.930
0.030	0.000	0.000	0.970
0.738	0.000	0.262	0.000
0.000	0.000	0.018	0.982
0.024	0.959	0.000	0.018
0.191	0.065	0.024	0.720
>TTATCTTGT	ARCH19_	13.8490466538083
0.000	0.188	0.062	0.750
0.062	0.000	0.000	0.938
1.000	0.000	0.000	0.000
0.000	0.000	0.000	1.000
0.000	1.000	0.000	0.000
0.000	0.000	0.000	1.000
0.062	0.000	0.000	0.938
0.000	0.000	1.000	0.000
0.000	0.000	0.000	1.000
>MNAGATAANR	ARCH20_	12.057311163788
0.467	0.400	0.067	0.067
0.133	0.267	0.200	0.400
0.733	0.133	0.000	0.133
0.000	0.000	1.000	0.000
1.000	0.000	0.000	0.000
0.000	0.000	0.000	1.000
0.933	0.067	0.000	0.000
1.000	0.000	0.000	0.000
0.200	0.267	0.467	0.067
0.600	0.067	0.333	0.000
>GAGATAANA	ARCH21_	10.944422546797
0.244	0.122	0.561	0.073
0.634	0.146	0.049	0.171
0.000	0.000	1.000	0.000
1.000	0.000	0.000	0.000
0.000	0.000	0.000	1.000
0.756	0.122	0.024	0.098
0.829	0.049	0.000	0.122
0.146	0.195	0.366	0.293
0.659	0.049	0.146	0.146
>KNMTTATC	ARCH22_	9.75748233905141
0.000	0.111	0.444	0.444
0.222	0.333	0.222	0.222
0.300	0.600	0.100	0.000
0.000	0.000	0.000	1.000
0.000	0.000	0.000	1.000
1.000	0.000	0.000	0.000
0.000	0.000	0.000	1.000
0.000	0.818	0.182	0.000
>CTNAGTRATC	ARCH23_8_CTBAGTGATC,BestGuess_GATA1	11.5444214797306
0.128	0.680	0.001	0.191
0.171	0.128	0.106	0.595
0.065	0.322	0.364	0.249
0.606	0.064	0.130	0.200
0.206	0.170	0.623	0.001
0.078	0.001	0.001	0.920
0.256	0.001	0.558	0.185
0.997	0.001	0.001	0.001
0.001	0.001	0.001	0.997
0.001	0.805	0.193	0.001
>GCTWACTCAC	ARCH24_3_GCTTACTCAC,BestGuess_CAD1	14.7925837419744
0.001	0.001	0.997	0.001
0.001	0.997	0.001	0.001
0.001	0.001	0.137	0.861
0.308	0.001	0.001	0.690
0.861	0.001	0.001	0.137
0.001	0.997	0.001	0.001
0.001	0.001	0.001	0.997
0.137	0.861	0.001	0.001
0.997	0.001	0.001	0.001
0.001	0.861	0.001	0.137
>TCATTCACA	ARCH25_zf-C2H2	12.8760383713976
0.000	0.000	0.182	0.818
0.091	0.909	0.000	0.000
1.000	0.000	0.000	0.000
0.000	0.091	0.000	0.909
0.000	0.000	0.000	1.000
0.091	0.727	0.000	0.182
1.000	0.000	0.000	0.000
0.000	0.818	0.000	0.182
0.700	0.200	0.100	0.000
>CTTAGAKCGC	ARCH26_9_CTTAGATCGC,BestGuess_pan	14.4819217980559
0.001	0.997	0.001	0.001
0.001	0.001	0.001	0.997
0.001	0.154	0.001	0.844
0.844	0.001	0.001	0.154
0.154	0.001	0.844	0.001
0.997	0.001	0.001	0.001
0.001	0.001	0.308	0.690
0.001	0.796	0.179	0.024
0.001	0.001	0.997	0.001
0.154	0.844	0.001	0.001
>GYRATGCMTY	ARCH27_12_GTGATGCMTT,BestGuess_YAP5	12.9347030286063
0.001	0.001	0.997	0.001
0.001	0.341	0.001	0.657
0.342	0.128	0.529	0.001
0.876	0.001	0.122	0.001
0.001	0.001	0.001	0.997
0.001	0.246	0.752	0.001
0.001	0.997	0.001	0.001
0.498	0.370	0.131	0.001
0.001	0.001	0.001	0.997
0.001	0.346	0.001	0.652
>MGTCRGYCAK	ARCH28_6_MGTCRGCCAK,BestGuess_pho	12.3612561487642
0.569	0.429	0.001	0.001
0.209	0.001	0.581	0.209
0.001	0.219	0.001	0.779
0.001	0.990	0.001	0.008
0.474	0.105	0.419	0.001
0.001	0.043	0.955	0.001
0.001	0.735	0.001	0.263
0.001	0.997	0.001	0.001
0.987	0.001	0.011	0.001
0.001	0.001	0.464	0.534
>GTCAYCGRTGAC	ARCH29_FOS_FOSB_FOSL1	15.5726629802546
0.056	0.132	0.788	0.024
0.050	0.000	0.097	0.854
0.067	0.891	0.042	0.000
0.943	0.027	0.025	0.005
0.024	0.365	0.032	0.579
0.073	0.685	0.081	0.161
0.150	0.121	0.637	0.092
0.600	0.060	0.294	0.046
0.000	0.036	0.040	0.924
0.017	0.011	0.972	0.000
0.823	0.078	0.028	0.071
0.045	0.724	0.131	0.100
>ATGCATGA	ARCH30_zf-C2H2	11.5745111231042
0.541	0.107	0.179	0.174
0.019	0.185	0.019	0.777
0.000	0.000	1.000	0.000
0.000	1.000	0.000	0.000
1.000	0.000	0.000	0.000
0.000	0.000	0.000	1.000
0.000	0.000	1.000	0.000
0.880	0.040	0.040	0.040
>RATGCAKY	ARCH31_zf-C2H2	10.0087829927643
0.294	0.156	0.513	0.037
0.681	0.249	0.000	0.071
0.000	0.000	0.000	1.000
0.070	0.000	0.930	0.000
0.000	0.930	0.000	0.070
1.000	0.000	0.000	0.000
0.100	0.030	0.278	0.592
0.070	0.535	0.070	0.325
>	ARCH32_	11.0137954511831
0.077	0.391	0.472	0.060
0.127	0.554	0.286	0.032
0.173	0.232	0.563	0.032
0.969	0.016	0.016	0.000
0.016	0.000	0.016	0.969
0.016	0.861	0.061	0.063
0.291	0.092	0.571	0.045
0.861	0.016	0.047	0.077
0.015	0.061	0.016	0.909
>CGAAATGGTA	ARCH33_10_CGAAATGGTA,BestGuess_AT2G	14.3008106792775
0.001	0.893	0.001	0.105
0.001	0.105	0.893	0.001
0.893	0.001	0.001	0.105
0.997	0.001	0.001	0.001
0.997	0.001	0.001	0.001
0.001	0.001	0.001	0.997
0.001	0.105	0.893	0.001
0.211	0.001	0.577	0.211
0.001	0.122	0.122	0.755
0.893	0.105	0.001	0.001
>CTTCAAATGA	ARCH34_8_CTTCAAATGA,BestGuess_gl	13.3296648816333
0.066	0.828	0.035	0.071
0.084	0.054	0.075	0.787
0.054	0.035	0.075	0.836
0.089	0.728	0.071	0.112
0.855	0.063	0.021	0.061
0.806	0.089	0.042	0.063
0.830	0.028	0.073	0.069
0.057	0.094	0.054	0.795
0.102	0.075	0.727	0.096
0.813	0.049	0.070	0.068
>GCAGGGAWTTWA	ARCH35_18_GCAGGGATTTTA,BestGuess_Gf	16.5912708904666
0.001	0.001	0.997	0.001
0.001	0.997	0.001	0.001
0.997	0.001	0.001	0.001
0.222	0.185	0.592	0.001
0.185	0.001	0.592	0.222
0.001	0.001	0.814	0.184
0.997	0.001	0.001	0.001
0.369	0.001	0.001	0.629
0.001	0.001	0.001	0.997
0.001	0.001	0.001	0.997
0.369	0.001	0.001	0.629
0.997	0.001	0.001	0.001
>ATCMTWTGYG	ARCH36_3_ATCATTTGTG,BestGuess_twi	14.5090151508439
0.997	0.001	0.001	0.001
0.001	0.001	0.001	0.997
0.001	0.997	0.001	0.001
0.640	0.358	0.001	0.001
0.001	0.001	0.001	0.997
0.358	0.001	0.001	0.640
0.001	0.001	0.001	0.997
0.001	0.001	0.997	0.001
0.001	0.281	0.001	0.717
0.001	0.001	0.997	0.001
>AAATCW	ARCH37_zf-C2H2	7.5560703368363
0.538	0.200	0.150	0.113
0.927	0.004	0.005	0.064
0.980	0.001	0.005	0.013
0.027	0.020	0.016	0.937
0.026	0.925	0.031	0.019
0.424	0.103	0.065	0.408
>MAATCACWG	ARCH38_zf-C2H2	10.3528395201664
0.528	0.302	0.132	0.038
1.000	0.000	0.000	0.000
1.000	0.000	0.000	0.000
0.019	0.000	0.019	0.962
0.019	0.981	0.000	0.000
0.585	0.132	0.038	0.245
0.151	0.528	0.208	0.113
0.358	0.208	0.038	0.396
0.132	0.245	0.528	0.094
>	ARCH39_zf-C2H2	12.8472415198676
0.645	0.201	0.094	0.060
0.981	0.015	0.001	0.003
0.986	0.007	0.006	0.001
0.002	0.093	0.018	0.887
0.002	0.994	0.002	0.002
0.654	0.032	0.011	0.302
0.067	0.679	0.236	0.018
0.484	0.025	0.128	0.362
0.086	0.059	0.812	0.043
0.095	0.678	0.038	0.189
>RTCACTTT	ARCH40_zf-C2H2	12.0642386515097
0.556	0.000	0.444	0.000
0.000	0.000	0.000	1.000
0.000	1.000	0.000	0.000
1.000	0.000	0.000	0.000
0.000	1.000	0.000	0.000
0.000	0.000	0.000	1.000
0.000	0.000	0.000	1.000
0.000	0.000	0.000	1.000
>ATAWYCYNYAYR	ARCH41_7_ATAWYCTSTAYA,BestGuess_KAN	12.6367223637921
0.997	0.001	0.001	0.001
0.071	0.075	0.069	0.785
0.930	0.001	0.068	0.001
0.434	0.001	0.069	0.497
0.072	0.420	0.002	0.506
0.148	0.564	0.217	0.071
0.002	0.356	0.001	0.641
0.073	0.358	0.360	0.209
0.001	0.422	0.001	0.576
0.857	0.069	0.001	0.073
0.001	0.431	0.146	0.422
0.710	0.001	0.287	0.002
>GATCGTWTCGCG	ARCH42_5_GATCGTATCGCG,BestGuess_RBM	16.5770722455196
0.001	0.001	0.844	0.154
0.997	0.001	0.001	0.001
0.001	0.001	0.001	0.997
0.154	0.691	0.001	0.154
0.001	0.001	0.828	0.170
0.001	0.001	0.001	0.997
0.536	0.154	0.001	0.309
0.154	0.017	0.001	0.828
0.001	0.691	0.154	0.154
0.001	0.154	0.844	0.001
0.154	0.844	0.001	0.001
0.001	0.001	0.997	0.001
>GGTACAACCK	ARCH43_19_GGTACAACCT,BestGuess_At5g	14.2160315946821
0.001	0.001	0.866	0.132
0.066	0.001	0.932	0.001
0.199	0.067	0.067	0.667
0.932	0.066	0.001	0.001
0.120	0.846	0.001	0.033
0.997	0.001	0.001	0.001
0.932	0.001	0.066	0.001
0.001	0.932	0.001	0.066
0.132	0.866	0.001	0.001
0.001	0.001	0.277	0.721
>TGGTNCAKTCCA	ARCH44_PRDM10	14.4427041340437
0.046	0.001	0.026	0.927
0.007	0.004	0.983	0.006
0.038	0.007	0.951	0.004
0.153	0.081	0.165	0.601
0.460	0.139	0.140	0.261
0.031	0.551	0.188	0.230
0.619	0.170	0.023	0.188
0.082	0.102	0.274	0.542
0.113	0.179	0.098	0.610
0.002	0.992	0.004	0.002
0.002	0.972	0.002	0.024
0.665	0.105	0.013	0.217
>GADTATTATGGGATGK	ARCH45_zf-C2H2	21.9288271981598
0.129	0.023	0.651	0.198
0.561	0.194	0.202	0.042
0.255	0.155	0.322	0.268
0.006	0.011	0.004	0.979
0.997	0.000	0.002	0.001
0.000	0.001	0.001	0.998
0.000	0.000	0.002	0.998
0.998	0.000	0.002	0.000
0.001	0.000	0.001	0.998
0.000	0.000	1.000	0.000
0.000	0.000	0.997	0.003
0.001	0.000	0.982	0.017
0.949	0.031	0.008	0.012
0.001	0.000	0.001	0.998
0.092	0.000	0.908	0.000
0.001	0.100	0.469	0.430
>	ARCH46_zf-C2H2	17.4826058936353
0.028	0.086	0.007	0.878
1.000	0.000	0.000	0.000
0.001	0.009	0.000	0.991
0.000	0.001	0.001	0.999
0.991	0.008	0.001	0.000
0.000	0.026	0.002	0.972
0.010	0.000	0.972	0.018
0.000	0.000	1.000	0.000
0.012	0.005	0.779	0.204
0.530	0.173	0.124	0.173
0.012	0.005	0.000	0.983
0.284	0.002	0.684	0.029
>	ARCH47_CSD	10.6447172208198
0.000	0.000	0.999	0.001
0.652	0.000	0.335	0.013
0.067	0.006	0.001	0.926
0.175	0.001	0.824	0.000
0.054	0.002	0.728	0.216
0.330	0.034	0.145	0.490
0.700	0.023	0.226	0.051
0.095	0.731	0.068	0.106
0.425	0.070	0.363	0.142
>CATGMGAGAAMW	ARCH48_Myb	14.8701021101388
0.125	0.625	0.250	0.000
0.750	0.000	0.250	0.000
0.062	0.000	0.000	0.938
0.000	0.000	1.000	0.000
0.438	0.438	0.125	0.000
0.000	0.000	0.875	0.125
1.000	0.000	0.000	0.000
0.000	0.000	0.875	0.125
1.000	0.000	0.000	0.000
0.812	0.000	0.000	0.188
0.500	0.438	0.062	0.000
0.438	0.188	0.000	0.375
>KNBKNGAAGAWTY	ARCH49_Myb	14.713534655725
0.111	0.000	0.278	0.611
0.222	0.167	0.444	0.167
0.056	0.278	0.278	0.389
0.000	0.222	0.500	0.278
0.333	0.167	0.278	0.222
0.000	0.000	1.000	0.000
0.889	0.000	0.000	0.111
1.000	0.000	0.000	0.000
0.000	0.000	1.000	0.000
1.000	0.000	0.000	0.000
0.444	0.000	0.000	0.556
0.000	0.000	0.000	1.000
0.000	0.278	0.056	0.667
>RTGGTATAT	ARCH50_zf-C2H2	13.5079798373976
0.639	0.086	0.263	0.012
0.001	0.012	0.033	0.955
0.097	0.001	0.902	0.001
0.012	0.001	0.987	0.001
0.001	0.001	0.001	0.997
0.994	0.001	0.004	0.001
0.001	0.001	0.001	0.997
0.997	0.001	0.001	0.001
0.001	0.033	0.068	0.898
>GAAYNTTCY	ARCH51_	10.0982559901207
0.000	0.000	1.000	0.000
0.689	0.111	0.089	0.111
0.644	0.133	0.089	0.133
0.182	0.477	0.045	0.295
0.333	0.200	0.311	0.156
0.133	0.044	0.022	0.800
0.089	0.044	0.022	0.844
0.000	1.000	0.000	0.000
0.111	0.267	0.089	0.533
>CAGCAGTGGNCA	ARCH52_8_CAGCAGTGGGCA,BestGuess_BOR	16.5887648120688
0.001	0.997	0.001	0.001
0.874	0.001	0.124	0.001
0.125	0.125	0.625	0.125
0.001	0.997	0.001	0.001
0.749	0.125	0.001	0.125
0.001	0.001	0.997	0.001
0.001	0.001	0.001	0.997
0.001	0.001	0.749	0.249
0.124	0.001	0.874	0.001
0.125	0.250	0.500	0.125
0.001	0.997	0.001	0.001
0.874	0.001	0.124	0.001
>	ARCH53_zf-C2H2	18.1941285546661
0.053	0.332	0.539	0.076
0.022	0.580	0.016	0.381
0.084	0.022	0.794	0.099
0.051	0.818	0.036	0.095
0.002	0.986	0.002	0.010
0.354	0.585	0.028	0.033
0.005	0.564	0.006	0.425
0.003	0.995	0.001	0.001
0.029	0.055	0.017	0.900
0.300	0.069	0.508	0.122
0.014	0.333	0.624	0.029
0.084	0.156	0.019	0.741
0.002	0.001	0.993	0.005
0.043	0.045	0.838	0.073
0.136	0.565	0.070	0.230
>	ARCH54_zf-C2H2	16.9927128528695
0.024	0.555	0.009	0.412
0.093	0.029	0.746	0.132
0.059	0.805	0.031	0.105
0.002	0.985	0.000	0.013
0.379	0.562	0.021	0.039
0.006	0.539	0.006	0.450
0.014	0.955	0.001	0.031
0.039	0.065	0.016	0.880
0.333	0.049	0.448	0.171
0.010	0.335	0.628	0.027
0.065	0.116	0.013	0.806
0.001	0.000	0.995	0.003
0.063	0.047	0.823	0.067
0.102	0.597	0.052	0.250
>	ARCH55_zf-C2H2	17.8924882593996
0.065	0.009	0.858	0.069
0.054	0.838	0.034	0.074
0.003	0.991	0.001	0.005
0.386	0.541	0.043	0.031
0.005	0.617	0.004	0.374
0.003	0.983	0.006	0.008
0.022	0.069	0.036	0.872
0.246	0.081	0.557	0.116
0.010	0.352	0.614	0.024
0.070	0.190	0.013	0.727
0.001	0.002	0.990	0.007
0.038	0.044	0.840	0.079
0.123	0.587	0.075	0.214
0.167	0.505	0.177	0.151
0.403	0.138	0.381	0.079
>	ARCH56_zf-C2H2	14.6553097791533
0.011	0.549	0.007	0.432
0.112	0.020	0.757	0.111
0.055	0.766	0.045	0.134
0.004	0.984	0.001	0.011
0.385	0.561	0.029	0.026
0.008	0.513	0.009	0.469
0.001	0.994	0.002	0.003
0.026	0.034	0.016	0.924
0.383	0.048	0.441	0.128
0.011	0.303	0.651	0.034
0.067	0.100	0.011	0.822
0.000	0.000	0.996	0.004
>CCCTAWAGGGTG	ARCH57_9_CCCTATAGGGTG,BestGuess_CAr	16.5035720906397
0.001	0.997	0.001	0.001
0.001	0.997	0.001	0.001
0.118	0.763	0.001	0.118
0.001	0.001	0.001	0.997
0.853	0.145	0.001	0.001
0.353	0.001	0.001	0.645
0.997	0.001	0.001	0.001
0.236	0.001	0.645	0.118
0.117	0.001	0.881	0.001
0.001	0.001	0.763	0.235
0.118	0.001	0.118	0.763
0.118	0.001	0.763	0.118
>TCCTAGRANA	ARCH58_10_TCCTAGGAGA,BestGuess_PB01	13.1682589648174
0.001	0.001	0.001	0.997
0.001	0.926	0.070	0.003
0.069	0.929	0.001	0.001
0.137	0.066	0.001	0.796
0.865	0.001	0.001	0.133
0.001	0.001	0.862	0.136
0.291	0.001	0.707	0.001
0.865	0.001	0.001	0.133
0.234	0.162	0.401	0.204
0.712	0.150	0.137	0.001
>AWCCTRGCMT	ARCH59_23_ATCCTAGCCT,BestGuess_G3BP	14.5928325661902
0.997	0.001	0.001	0.001
0.277	0.001	0.001	0.721
0.001	0.997	0.001	0.001
0.001	0.997	0.001	0.001
0.001	0.001	0.001	0.997
0.721	0.001	0.277	0.001
0.001	0.001	0.997	0.001
0.001	0.997	0.001	0.001
0.277	0.721	0.001	0.001
0.150	0.001	0.001	0.848
>RCGGWWR	ARCH60_	7.22937520379755
0.355	0.057	0.494	0.094
0.094	0.742	0.001	0.164
0.176	0.018	0.713	0.094
0.168	0.020	0.709	0.103
0.585	0.000	0.012	0.404
0.264	0.053	0.038	0.644
0.474	0.096	0.297	0.133
>TACCCTGTA	ARCH61_zf-C2H2	13.3252110237812
0.000	0.000	0.000	1.000
0.889	0.000	0.000	0.111
0.111	0.889	0.000	0.000
0.000	1.000	0.000	0.000
0.000	1.000	0.000	0.000
0.000	0.000	0.000	1.000
0.111	0.000	0.889	0.000
0.000	0.222	0.111	0.667
0.889	0.000	0.111	0.000
>CTCCCATCC	ARCH62_zf-C2H2	13.7565796433116
0.018	0.890	0.050	0.042
0.026	0.002	0.002	0.970
0.002	0.938	0.042	0.018
0.002	0.962	0.002	0.034
0.010	0.978	0.002	0.010
0.858	0.018	0.002	0.122
0.002	0.010	0.002	0.986
0.002	0.962	0.002	0.034
0.002	0.954	0.002	0.042
>TTATCGTAAAAG	ARCH63_10_TTATCGTAAAAG,BestGuess_HO	16.4187578481057
0.191	0.095	0.001	0.713
0.001	0.001	0.095	0.903
0.997	0.001	0.001	0.001
0.001	0.001	0.095	0.903
0.001	0.997	0.001	0.001
0.190	0.001	0.808	0.001
0.009	0.105	0.191	0.695
0.617	0.191	0.001	0.191
0.903	0.001	0.001	0.095
0.997	0.001	0.001	0.001
0.809	0.001	0.095	0.095
0.105	0.105	0.694	0.096
>GTCCTTTTTT	ARCH64_16_GTCCTTTTTT,BestGuess_Nab2	14.6849362677157
0.001	0.060	0.938	0.001
0.001	0.061	0.033	0.905
0.001	0.877	0.061	0.061
0.061	0.705	0.001	0.233
0.001	0.001	0.001	0.997
0.001	0.061	0.061	0.877
0.061	0.061	0.001	0.877
0.001	0.060	0.001	0.938
0.001	0.060	0.001	0.938
0.060	0.001	0.001	0.938
>GAATKTCTTTCT	ARCH65_2_GAATGTCTTTCT,BestGuess_Tb	16.0154085860042
0.201	0.100	0.698	0.001
0.992	0.006	0.001	0.001
0.795	0.104	0.097	0.004
0.001	0.096	0.001	0.902
0.001	0.003	0.609	0.387
0.097	0.001	0.200	0.702
0.100	0.699	0.001	0.200
0.001	0.001	0.001	0.997
0.097	0.003	0.097	0.803
0.001	0.001	0.096	0.902
0.097	0.798	0.004	0.101
0.001	0.196	0.001	0.802
>GGMAKTTTTATG	ARCH66_16_GGMAKTTTTATG,BestGuess_ca	16.392326172583
0.001	0.001	0.997	0.001
0.001	0.001	0.997	0.001
0.538	0.460	0.001	0.001
0.749	0.001	0.249	0.001
0.001	0.001	0.538	0.460
0.001	0.230	0.001	0.768
0.018	0.001	0.001	0.980
0.001	0.001	0.001	0.997
0.001	0.230	0.001	0.768
0.749	0.249	0.001	0.001
0.001	0.001	0.001	0.997
0.001	0.001	0.997	0.001
>ACAACGAAAAAT	ARCH67_12_ACAACGAAAAAT,BestGuess_PB	14.1716624397037
0.700	0.100	0.100	0.100
0.100	0.700	0.100	0.100
0.700	0.100	0.100	0.100
0.700	0.100	0.100	0.100
0.100	0.700	0.100	0.100
0.100	0.100	0.700	0.100
0.700	0.100	0.100	0.100
0.700	0.100	0.100	0.100
0.700	0.100	0.100	0.100
0.700	0.100	0.100	0.100
0.700	0.100	0.100	0.100
0.100	0.100	0.100	0.700
>ATATTTCTTTCA	ARCH68_11_ATATTTCTTTCA,BestGuess_AT	17.9871623137953
0.868	0.001	0.001	0.130
0.001	0.001	0.001	0.997
0.916	0.001	0.082	0.001
0.001	0.001	0.001	0.997
0.001	0.001	0.001	0.997
0.001	0.001	0.001	0.997
0.131	0.737	0.001	0.131
0.131	0.001	0.131	0.737
0.001	0.001	0.130	0.868
0.001	0.001	0.001	0.997
0.001	0.997	0.001	0.001
0.997	0.001	0.001	0.001
>TTTGSTGAAAMA	ARCH69_13_TTTGCTGAAAMA,BestGuess_AT	16.3189730056159
0.001	0.001	0.001	0.997
0.186	0.001	0.001	0.812
0.001	0.001	0.001	0.997
0.001	0.001	0.812	0.186
0.001	0.593	0.390	0.016
0.186	0.001	0.001	0.812
0.202	0.001	0.796	0.001
0.997	0.001	0.001	0.001
0.812	0.186	0.001	0.001
0.997	0.001	0.001	0.001
0.374	0.439	0.001	0.187
0.997	0.001	0.001	0.001
>TGTTTTACAGCG	ARCH70_4_TGTTTTACAGCG,BestGuess_Rho	18.4413260473546
0.223	0.001	0.001	0.775
0.001	0.001	0.997	0.001
0.001	0.001	0.001	0.997
0.001	0.001	0.001	0.997
0.001	0.001	0.001	0.997
0.149	0.001	0.074	0.776
0.997	0.001	0.001	0.001
0.001	0.997	0.001	0.001
0.924	0.074	0.001	0.001
0.001	0.001	0.997	0.001
0.001	0.997	0.001	0.001
0.001	0.001	0.997	0.001
>TGTACGGA	ARCH71_SPL3	12.5708802795038
0.011	0.097	0.017	0.875
0.001	0.001	0.997	0.001
0.001	0.001	0.001	0.997
0.997	0.001	0.001	0.001
0.001	0.997	0.001	0.001
0.001	0.001	0.997	0.001
0.001	0.001	0.997	0.001
0.997	0.001	0.001	0.001
>ANAAAACAAAAG	ARCH72_1_AGAAAACAAAAG,BestGuess_fkh	16.2446215993942
0.790	0.001	0.001	0.208
0.124	0.209	0.458	0.209
0.997	0.001	0.001	0.001
0.790	0.001	0.208	0.001
0.997	0.001	0.001	0.001
0.997	0.001	0.001	0.001
0.008	0.990	0.001	0.001
0.997	0.001	0.001	0.001
0.790	0.208	0.001	0.001
0.583	0.208	0.001	0.208
0.988	0.001	0.001	0.010
0.208	0.135	0.656	0.001
>GTTTKCKYACAA	ARCH73_5_GTTTKCKYACAA,BestGuess_AT5	16.7163262460324
0.001	0.001	0.997	0.001
0.001	0.029	0.001	0.969
0.001	0.001	0.001	0.997
0.001	0.001	0.001	0.997
0.089	0.001	0.455	0.455
0.001	0.969	0.001	0.029
0.001	0.001	0.543	0.455
0.001	0.455	0.001	0.543
0.997	0.001	0.001	0.001
0.001	0.997	0.001	0.001
0.997	0.001	0.001	0.001
0.997	0.001	0.001	0.001
>AMAAYA	ARCH74_islike_FOXL1	6.87275183597116
0.677	0.099	0.120	0.105
0.608	0.285	0.000	0.107
0.786	0.093	0.000	0.120
0.709	0.094	0.000	0.198
0.097	0.500	0.093	0.310
0.833	0.025	0.025	0.118
>TTTWATGKSTTTT	ARCH75_Homeodomains	16.7988053100036
0.097	0.029	0.118	0.757
0.000	0.012	0.006	0.982
0.021	0.008	0.002	0.969
0.334	0.013	0.025	0.628
0.963	0.000	0.015	0.021
0.008	0.000	0.002	0.990
0.012	0.000	0.986	0.002
0.101	0.119	0.311	0.469
0.105	0.328	0.513	0.054
0.057	0.106	0.021	0.816
0.075	0.011	0.095	0.819
0.072	0.064	0.078	0.785
0.124	0.164	0.092	0.621
>CTGTCCRAAAA	ARCH76_zf-C2H2	14.697667151798
0.214	0.652	0.123	0.011
0.000	0.168	0.000	0.832
0.000	0.000	1.000	0.000
0.000	0.011	0.000	0.989
0.159	0.805	0.028	0.008
0.005	0.947	0.047	0.002
0.511	0.015	0.277	0.196
0.897	0.006	0.007	0.091
0.962	0.000	0.000	0.038
0.972	0.000	0.000	0.028
0.507	0.059	0.210	0.224
>	ARCH77_Homeodomains	16.317665688695
0.319	0.110	0.567	0.005
0.017	0.035	0.003	0.946
0.018	0.945	0.000	0.036
0.148	0.001	0.850	0.001
0.000	0.007	0.002	0.991
0.670	0.012	0.016	0.303
0.940	0.000	0.004	0.056
0.928	0.043	0.005	0.024
0.484	0.161	0.122	0.232
0.209	0.326	0.212	0.252
0.164	0.068	0.295	0.473
0.179	0.038	0.062	0.721
0.396	0.032	0.062	0.510
0.750	0.012	0.040	0.198
>AANNBYAAAAAAAT	ARCH78_Forkhead	15.9886607168151
0.591	0.182	0.227	0.000
0.545	0.136	0.182	0.136
0.364	0.136	0.364	0.136
0.455	0.227	0.273	0.045
0.091	0.364	0.273	0.273
0.045	0.409	0.182	0.364
0.909	0.000	0.091	0.000
1.000	0.000	0.000	0.000
1.000	0.000	0.000	0.000
1.000	0.000	0.000	0.000
1.000	0.000	0.000	0.000
1.000	0.000	0.000	0.000
1.000	0.000	0.000	0.000
0.182	0.045	0.182	0.591
>MCATMAWACWWAA	ARCH79_Myb	15.3818150439598
0.267	0.533	0.200	0.000
0.000	0.812	0.000	0.188
0.875	0.000	0.062	0.062
0.000	0.062	0.000	0.938
0.500	0.312	0.000	0.188
0.938	0.000	0.062	0.000
0.625	0.000	0.062	0.312
0.938	0.062	0.000	0.000
0.000	0.812	0.000	0.188
0.500	0.000	0.188	0.312
0.500	0.062	0.062	0.375
0.733	0.133	0.133	0.000
0.667	0.200	0.133	0.000
>AARAATCARARGT	ARCH80_zf-C4_Nuclear_receptors	16.0189547422943
0.786	0.214	0.000	0.000
0.643	0.214	0.071	0.071
0.571	0.000	0.286	0.143
0.571	0.071	0.143	0.214
0.786	0.000	0.143	0.071
0.143	0.071	0.000	0.786
0.000	0.857	0.000	0.143
0.929	0.000	0.071	0.000
0.643	0.000	0.357	0.000
1.000	0.000	0.000	0.000
0.357	0.071	0.571	0.000
0.000	0.143	0.857	0.000
0.214	0.000	0.143	0.643
>CYTTTTKKTTTT	ARCH81_zf-C2H2	15.5676346225933
0.040	0.544	0.243	0.173
0.001	0.610	0.001	0.388
0.021	0.224	0.036	0.720
0.001	0.024	0.017	0.958
0.106	0.067	0.001	0.825
0.060	0.024	0.036	0.880
0.032	0.009	0.626	0.333
0.103	0.028	0.259	0.610
0.040	0.103	0.087	0.771
0.001	0.001	0.001	0.997
0.001	0.001	0.001	0.997
0.001	0.063	0.001	0.935
>	ARCH82_MADS-box_SRF	13.9218528905873
0.145	0.673	0.041	0.140
0.008	0.411	0.003	0.578
0.748	0.102	0.031	0.119
0.702	0.020	0.106	0.172
0.914	0.005	0.044	0.037
0.903	0.005	0.014	0.078
0.908	0.004	0.009	0.079
0.040	0.014	0.004	0.942
0.947	0.004	0.046	0.003
0.180	0.055	0.735	0.029
0.411	0.394	0.079	0.116
>GRCTYTTAWTTT	ARCH83_zf-C2H2	15.743231778158
0.142	0.045	0.730	0.083
0.589	0.042	0.347	0.023
0.010	0.982	0.007	0.001
0.001	0.013	0.001	0.985
0.045	0.309	0.010	0.636
0.013	0.079	0.017	0.891
0.004	0.001	0.001	0.994
0.938	0.032	0.020	0.010
0.262	0.067	0.013	0.658
0.045	0.133	0.086	0.737
0.105	0.120	0.101	0.674
0.086	0.123	0.070	0.721
>	ARCH84_MADS-box_SRF	13.1131123204098
0.138	0.663	0.054	0.145
0.020	0.449	0.002	0.529
0.680	0.126	0.045	0.149
0.737	0.027	0.097	0.139
0.919	0.011	0.045	0.025
0.903	0.005	0.007	0.086
0.909	0.005	0.009	0.077
0.056	0.015	0.016	0.913
0.929	0.001	0.069	0.002
0.190	0.045	0.729	0.035
>TGATTWKMYTGSKT	ARCH85_zf-C2H2	16.2457986777956
0.015	0.038	0.107	0.840
0.023	0.080	0.777	0.120
0.703	0.045	0.018	0.235
0.003	0.000	0.018	0.980
0.008	0.035	0.015	0.942
0.310	0.020	0.083	0.588
0.000	0.078	0.413	0.510
0.370	0.525	0.003	0.102
0.033	0.408	0.003	0.557
0.005	0.090	0.040	0.865
0.003	0.040	0.837	0.120
0.003	0.440	0.505	0.053
0.045	0.063	0.408	0.485
0.053	0.055	0.065	0.827
>CTCTAAAAATAACYCY	ARCH86_	22.9289256084618
0.000	0.600	0.200	0.200
0.000	0.000	0.200	0.800
0.000	0.800	0.000	0.200
0.000	0.000	0.000	1.000
1.000	0.000	0.000	0.000
1.000	0.000	0.000	0.000
1.000	0.000	0.000	0.000
1.000	0.000	0.000	0.000
1.000	0.000	0.000	0.000
0.000	0.000	0.000	1.000
1.000	0.000	0.000	0.000
1.000	0.000	0.000	0.000
0.000	1.000	0.000	0.000
0.000	0.400	0.000	0.600
0.000	0.800	0.000	0.200
0.000	0.400	0.000	0.600
>WKCTAWAAATAGM	ARCH87_	17.0109289731943
0.474	0.053	0.158	0.316
0.105	0.000	0.526	0.368
0.000	0.868	0.026	0.105
0.000	0.000	0.000	1.000
1.000	0.000	0.000	0.000
0.395	0.000	0.000	0.605
0.789	0.000	0.000	0.211
0.868	0.000	0.000	0.132
0.974	0.000	0.000	0.026
0.000	0.000	0.000	1.000
1.000	0.000	0.000	0.000
0.079	0.000	0.921	0.000
0.526	0.316	0.079	0.079
>AGTCTACGCA	ARCH88_12_AGTCTACGCA,BestGuess_ZSCA	14.8314433684024
0.918	0.080	0.001	0.001
0.001	0.001	0.884	0.114
0.001	0.001	0.114	0.884
0.001	0.884	0.114	0.001
0.115	0.115	0.001	0.769
0.997	0.001	0.001	0.001
0.001	0.884	0.001	0.114
0.001	0.001	0.997	0.001
0.001	0.997	0.001	0.001
0.884	0.001	0.001	0.114
>CTTTGCGCGT	ARCH89_16_CTTTGCGCGT,BestGuess_SWI6	15.3420722223893
0.001	0.776	0.001	0.222
0.001	0.001	0.001	0.997
0.001	0.001	0.001	0.997
0.001	0.001	0.001	0.997
0.001	0.001	0.997	0.001
0.001	0.997	0.001	0.001
0.001	0.001	0.997	0.001
0.001	0.997	0.001	0.001
0.001	0.222	0.776	0.001
0.001	0.001	0.001	0.997
>CKTCKTCTYY	ARCH90_Unknown4	11.6044778485212
0.083	0.736	0.094	0.087
0.081	0.057	0.409	0.452
0.001	0.093	0.143	0.763
0.001	0.976	0.001	0.022
0.051	0.001	0.504	0.444
0.001	0.001	0.001	0.997
0.001	0.939	0.001	0.059
0.119	0.125	0.185	0.571
0.001	0.337	0.001	0.661
0.031	0.525	0.001	0.443
>TYGKGYGCRHTS	ARCH91_2_TTGTGCGCAHTG,BestGuess_RCS	15.7101846126584
0.001	0.001	0.001	0.997
0.001	0.312	0.001	0.686
0.001	0.001	0.997	0.001
0.001	0.061	0.313	0.625
0.001	0.001	0.997	0.001
0.001	0.686	0.001	0.312
0.001	0.001	0.997	0.001
0.001	0.968	0.001	0.030
0.686	0.001	0.312	0.001
0.313	0.313	0.001	0.374
0.001	0.001	0.001	0.997
0.001	0.312	0.686	0.001
>GTGTGCG	ARCH92_zf-C2H2	8.61057919499538
0.115	0.119	0.739	0.027
0.139	0.124	0.027	0.710
0.181	0.000	0.818	0.000
0.000	0.194	0.116	0.691
0.213	0.000	0.568	0.219
0.000	0.814	0.000	0.185
0.181	0.000	0.818	0.000
>CGCGTA	ARCH93_	8.21293668173458
0.057	0.714	0.057	0.172
0.139	0.024	0.813	0.024
0.000	0.999	0.000	0.000
0.000	0.000	0.999	0.000
0.132	0.089	0.094	0.685
0.779	0.000	0.089	0.132
>WAGATTCATWWG	ARCH94_12_WAGATTCATAWG,BestGuess_TE	16.3905616252769
0.552	0.001	0.001	0.446
0.997	0.001	0.001	0.001
0.001	0.001	0.997	0.001
0.997	0.001	0.001	0.001
0.001	0.001	0.223	0.775
0.223	0.223	0.001	0.553
0.001	0.997	0.001	0.001
0.997	0.001	0.001	0.001
0.001	0.001	0.001	0.997
0.722	0.001	0.001	0.276
0.552	0.001	0.001	0.446
0.001	0.001	0.997	0.001
>AAGTGTATTTTG	ARCH95_1_AAGTGTATTTTG,BestGuess_MAL	16.4846309438611
0.892	0.001	0.001	0.106
0.785	0.001	0.001	0.213
0.001	0.001	0.892	0.106
0.001	0.106	0.001	0.892
0.214	0.001	0.672	0.113
0.106	0.001	0.001	0.892
0.774	0.107	0.006	0.113
0.001	0.001	0.001	0.997
0.107	0.107	0.001	0.785
0.214	0.001	0.214	0.571
0.001	0.006	0.113	0.880
0.001	0.001	0.997	0.001
>CTACCTTATT	ARCH96_22_CTACCTTATT,BestGuess_dof4	14.8776482585087
0.068	0.930	0.001	0.001
0.163	0.001	0.069	0.767
0.930	0.068	0.001	0.001
0.001	0.997	0.001	0.001
0.068	0.930	0.001	0.001
0.068	0.001	0.001	0.930
0.001	0.001	0.001	0.997
0.835	0.001	0.001	0.163
0.001	0.001	0.001	0.997
0.001	0.001	0.163	0.835
>AWAAAG	ARCH97_dof45	8.0212322362196
0.601	0.042	0.149	0.208
0.463	0.039	0.047	0.451
0.997	0.001	0.001	0.001
0.997	0.001	0.001	0.001
0.989	0.001	0.003	0.007
0.015	0.004	0.976	0.005
>ACCTAMY	ARCH98_AT3G10580	9.63838768316544
0.816	0.001	0.181	0.002
0.038	0.960	0.001	0.001
0.001	0.997	0.001	0.001
0.076	0.005	0.011	0.908
0.997	0.001	0.001	0.001
0.655	0.343	0.001	0.001
0.119	0.581	0.001	0.299
>ARYAATCTAMST	ARCH99_10_ARYAATCTACST,BestGuess_At	14.9378297493071
0.771	0.227	0.001	0.001
0.528	0.001	0.470	0.001
0.001	0.455	0.017	0.527
0.997	0.001	0.001	0.001
0.997	0.001	0.001	0.001
0.001	0.001	0.001	0.997
0.001	0.751	0.018	0.230
0.001	0.001	0.016	0.982
0.527	0.001	0.227	0.245
0.278	0.720	0.001	0.001
0.001	0.473	0.455	0.071
0.001	0.017	0.001	0.981
>GATGAAWATA	ARCH100_14_GATGAATATA,BestGuess_Pit1	14.7290813315291
0.001	0.001	0.997	0.001
0.997	0.001	0.001	0.001
0.001	0.001	0.001	0.997
0.001	0.001	0.997	0.001
0.793	0.103	0.001	0.103
0.793	0.103	0.103	0.001
0.380	0.001	0.001	0.618
0.997	0.001	0.001	0.001
0.001	0.001	0.001	0.997
0.896	0.001	0.102	0.001
>ACAAAATAAGCC	ARCH101_20_ACAAAATAAGCC,BestGuess_Hu	16.5086370399411
0.776	0.001	0.106	0.117
0.001	0.786	0.001	0.212
0.893	0.105	0.001	0.001
0.787	0.001	0.106	0.106
0.997	0.001	0.001	0.001
0.997	0.001	0.001	0.001
0.106	0.212	0.001	0.681
0.893	0.105	0.001	0.001
0.786	0.001	0.001	0.212
0.011	0.106	0.670	0.213
0.001	0.997	0.001	0.001
0.222	0.776	0.001	0.001
>WWTYAMAT	ARCH102_islike_FOXL1	9.07454024365273
0.570	0.080	0.080	0.270
0.694	0.000	0.000	0.305
0.000	0.000	0.000	0.999
0.106	0.509	0.000	0.385
0.928	0.024	0.024	0.024
0.257	0.553	0.047	0.143
0.715	0.095	0.095	0.095
0.214	0.119	0.119	0.548
>ATTTGTGT	ARCH103_zf-C4_Nuclear_receptors	9.99948903552431
0.674	0.078	0.078	0.171
0.047	0.047	0.047	0.860
0.088	0.000	0.186	0.725
0.089	0.000	0.000	0.910
0.210	0.000	0.700	0.089
0.000	0.000	0.000	1.000
0.133	0.045	0.657	0.165
0.215	0.122	0.122	0.541
>YTATGTANT	ARCH104_	11.2277230308719
0.038	0.256	0.108	0.598
0.069	0.030	0.013	0.887
0.963	0.000	0.037	0.000
0.000	0.000	0.034	0.966
0.130	0.008	0.841	0.021
0.000	0.001	0.000	0.999
0.793	0.018	0.167	0.021
0.165	0.385	0.089	0.361
0.224	0.119	0.108	0.549
>	ARCH105_zf-C2H2	10.7752504232614
0.310	0.464	0.207	0.019
0.024	0.366	0.006	0.604
0.793	0.003	0.102	0.102
0.008	0.016	0.000	0.976
0.908	0.002	0.089	0.001
0.019	0.714	0.180	0.086
0.539	0.043	0.416	0.001
0.065	0.038	0.025	0.872
0.091	0.222	0.034	0.654
>TAAYGYATGCA	ARCH106_	13.2215763855495
0.050	0.093	0.027	0.830
0.631	0.091	0.127	0.151
0.945	0.029	0.026	0.000
0.082	0.277	0.073	0.567
0.129	0.052	0.586	0.233
0.196	0.292	0.049	0.463
0.970	0.008	0.022	0.000
0.043	0.142	0.018	0.797
0.000	0.000	0.927	0.073
0.000	0.827	0.081	0.092
0.530	0.047	0.235	0.188
>RTYCNWCTAAYG	ARCH107_zf-C2H2	13.4003653984568
0.500	0.000	0.500	0.000
0.200	0.100	0.000	0.700
0.200	0.300	0.000	0.500
0.000	0.700	0.100	0.200
0.300	0.200	0.300	0.200
0.300	0.100	0.000	0.600
0.000	1.000	0.000	0.000
0.100	0.000	0.100	0.800
1.000	0.000	0.000	0.000
1.000	0.000	0.000	0.000
0.100	0.500	0.000	0.400
0.200	0.000	0.800	0.000
>YTMATGAAWAWW	ARCH108_	13.5803034392509
0.082	0.444	0.121	0.354
0.233	0.142	0.045	0.579
0.401	0.447	0.126	0.026
0.660	0.107	0.000	0.233
0.084	0.000	0.000	0.916
0.016	0.000	0.984	0.000
0.570	0.165	0.136	0.129
0.919	0.000	0.000	0.081
0.272	0.000	0.049	0.680
0.880	0.000	0.032	0.087
0.262	0.000	0.000	0.738
0.534	0.000	0.155	0.311
>GGATTAGCTT	ARCH109_13_GGATTAGCTT,BestGuess_DPRX	13.2060926048279
0.132	0.001	0.682	0.185
0.093	0.028	0.823	0.056
0.809	0.029	0.001	0.161
0.028	0.029	0.057	0.886
0.001	0.001	0.001	0.997
0.657	0.028	0.080	0.235
0.056	0.001	0.753	0.190
0.136	0.690	0.076	0.098
0.085	0.001	0.028	0.886
0.001	0.140	0.043	0.816
>CATAATCGTC	ARCH110_5_CATAATCGTC,BestGuess_ems	14.8723473506359
0.001	0.997	0.001	0.001
0.997	0.001	0.001	0.001
0.001	0.001	0.142	0.856
0.856	0.001	0.001	0.142
0.856	0.142	0.001	0.001
0.001	0.001	0.001	0.997
0.001	0.997	0.001	0.001
0.142	0.001	0.856	0.001
0.001	0.142	0.001	0.856
0.142	0.856	0.001	0.001
>TKGATTAGCGCT	ARCH111_22_TKGATTAGCGCT,BestGuess_pr	16.4581009078764
0.185	0.001	0.185	0.629
0.185	0.001	0.407	0.407
0.001	0.001	0.997	0.001
0.997	0.001	0.001	0.001
0.001	0.001	0.001	0.997
0.001	0.001	0.001	0.997
0.814	0.001	0.001	0.184
0.001	0.001	0.814	0.184
0.001	0.997	0.001	0.001
0.001	0.185	0.592	0.222
0.001	0.997	0.001	0.001
0.001	0.001	0.001	0.997
>RGATAATCY	ARCH112_PRD_DMBX1	11.7069479479089
0.291	0.109	0.521	0.078
0.070	0.070	0.787	0.072
0.666	0.186	0.040	0.108
0.000	0.009	0.004	0.987
0.830	0.084	0.086	0.000
0.987	0.013	0.000	0.000
0.012	0.002	0.066	0.920
0.080	0.854	0.035	0.032
0.061	0.593	0.080	0.266
>CGTTAATCC	ARCH113_PRD_DMBX1	12.0983301143344
0.071	0.709	0.026	0.194
0.092	0.169	0.719	0.020
0.215	0.198	0.076	0.511
0.031	0.007	0.000	0.962
0.939	0.007	0.043	0.011
0.994	0.002	0.000	0.003
0.007	0.002	0.140	0.850
0.034	0.896	0.036	0.034
0.023	0.816	0.038	0.124
>	ARCH114_PRD_DMBX1	12.1117267810355
0.638	0.107	0.163	0.092
0.069	0.070	0.828	0.032
0.714	0.253	0.006	0.027
0.000	0.000	0.000	1.000
0.665	0.146	0.096	0.094
1.000	0.000	0.000	0.000
0.000	0.000	0.019	0.981
0.103	0.859	0.013	0.025
0.021	0.651	0.032	0.295
>RYARAAATCTCT	ARCH115_1_ACAGAAATCTCT,BestGuess_LCL	16.0916855051595
0.595	0.118	0.286	0.001
0.001	0.500	0.213	0.286
0.903	0.001	0.095	0.001
0.286	0.001	0.522	0.191
0.997	0.001	0.001	0.001
0.997	0.001	0.001	0.001
0.903	0.095	0.001	0.001
0.001	0.001	0.001	0.997
0.001	0.808	0.001	0.190
0.001	0.095	0.001	0.903
0.001	0.997	0.001	0.001
0.190	0.001	0.001	0.808
>WYYRGATCYR	ARCH116_GATA4	10.2632902303754
0.397	0.120	0.071	0.412
0.146	0.277	0.093	0.484
0.023	0.502	0.078	0.397
0.496	0.141	0.293	0.070
0.128	0.001	0.870	0.001
0.997	0.001	0.001	0.001
0.001	0.001	0.001	0.997
0.004	0.888	0.001	0.107
0.093	0.314	0.126	0.468
0.400	0.107	0.415	0.078
>ANCAGATCT	ARCH117_GATA14	10.8048607264552
0.608	0.079	0.067	0.246
0.165	0.271	0.158	0.406
0.091	0.526	0.169	0.214
0.623	0.123	0.208	0.046
0.055	0.030	0.914	0.001
0.922	0.023	0.041	0.014
0.018	0.019	0.027	0.936
0.003	0.963	0.010	0.024
0.049	0.117	0.046	0.788
>AGAACTACCG	ARCH118_1_AGAACTACCG,BestGuess_Rbm42	14.8416553120904
0.997	0.001	0.001	0.001
0.166	0.001	0.832	0.001
0.832	0.001	0.001	0.166
0.832	0.001	0.166	0.001
0.001	0.997	0.001	0.001
0.001	0.001	0.001	0.997
0.997	0.001	0.001	0.001
0.001	0.832	0.001	0.166
0.001	0.997	0.001	0.001
0.001	0.001	0.832	0.166
>RSATACGATTGS	ARCH119_11_RSATACGATTGC,BestGuess_RB	15.6585406647534
0.449	0.001	0.549	0.001
0.217	0.448	0.333	0.001
0.997	0.001	0.001	0.001
0.001	0.001	0.001	0.997
0.997	0.001	0.001	0.001
0.001	0.902	0.001	0.096
0.218	0.001	0.780	0.001
0.565	0.001	0.217	0.217
0.217	0.001	0.001	0.781
0.001	0.001	0.001	0.997
0.012	0.001	0.986	0.001
0.001	0.666	0.332	0.001
>SGAANGTGMWTT	ARCH120_2_SGAAAGTGMTTT,BestGuess_TEA	13.7200085876331
0.001	0.375	0.438	0.187
0.187	0.019	0.793	0.001
0.792	0.188	0.019	0.001
0.997	0.001	0.001	0.001
0.397	0.187	0.207	0.209
0.187	0.187	0.606	0.020
0.001	0.001	0.001	0.997
0.001	0.001	0.771	0.227
0.374	0.395	0.001	0.230
0.393	0.001	0.001	0.605
0.001	0.001	0.001	0.997
0.001	0.209	0.001	0.789
>ATGGATCTGA	ARCH121_21_ATGGATCTGA,BestGuess_AGP1	13.3087778350363
0.853	0.039	0.069	0.039
0.131	0.059	0.050	0.760
0.077	0.039	0.825	0.059
0.060	0.039	0.841	0.060
0.761	0.092	0.088	0.059
0.048	0.020	0.060	0.872
0.103	0.653	0.089	0.155
0.059	0.068	0.049	0.824
0.049	0.114	0.777	0.060
0.853	0.059	0.001	0.087
>RKWATAGATACC	ARCH122_3_GGAATAGATACC,BestGuess_PH0	15.0478970945047
0.292	0.001	0.610	0.097
0.013	0.001	0.694	0.292
0.609	0.001	0.001	0.389
0.707	0.097	0.001	0.195
0.097	0.001	0.097	0.805
0.709	0.097	0.097	0.097
0.001	0.096	0.902	0.001
0.902	0.001	0.001	0.096
0.001	0.097	0.097	0.805
0.805	0.001	0.097	0.097
0.097	0.709	0.097	0.097
0.097	0.805	0.097	0.001
>TACMGTA	ARCH123_zf-C2H2	9.45773720597864
0.054	0.142	0.093	0.711
0.999	0.000	0.000	0.001
0.002	0.930	0.001	0.068
0.342	0.500	0.064	0.094
0.108	0.001	0.888	0.004
0.052	0.006	0.010	0.932
0.824	0.056	0.054	0.066
>TACKGTA	ARCH124_zf-C2H2	9.25948835466289
0.050	0.028	0.042	0.879
0.869	0.029	0.019	0.083
0.024	0.866	0.022	0.089
0.047	0.072	0.473	0.407
0.047	0.017	0.890	0.046
0.025	0.002	0.004	0.968
0.732	0.083	0.116	0.068
>AWNTGTAACA	ARCH125_zf-C4_Nuclear_receptors	12.4247478989729
0.823	0.063	0.008	0.105
0.597	0.004	0.004	0.394
0.113	0.430	0.222	0.235
0.005	0.225	0.216	0.555
0.078	0.000	0.922	0.000
0.000	0.000	0.134	0.866
0.957	0.033	0.004	0.006
0.702	0.029	0.091	0.178
0.002	0.968	0.000	0.030
0.737	0.000	0.245	0.018
>RGNTTTCTGTTK	ARCH126_zf-C2H2	15.6699445253015
0.467	0.015	0.460	0.058
0.015	0.003	0.955	0.027
0.197	0.292	0.391	0.120
0.156	0.032	0.022	0.790
0.001	0.001	0.001	0.998
0.010	0.015	0.056	0.919
0.001	0.998	0.001	0.001
0.001	0.001	0.001	0.998
0.001	0.020	0.938	0.041
0.027	0.005	0.001	0.967
0.001	0.001	0.001	0.998
0.118	0.096	0.446	0.340
>AAGMACTGTACT	ARCH127_zf-C2H2	16.0102092979799
0.914	0.070	0.008	0.008
0.914	0.008	0.070	0.008
0.008	0.195	0.789	0.008
0.414	0.508	0.039	0.039
0.945	0.008	0.039	0.008
0.008	0.914	0.008	0.070
0.070	0.039	0.070	0.820
0.008	0.008	0.789	0.195
0.008	0.008	0.008	0.977
0.758	0.008	0.133	0.102
0.008	0.789	0.008	0.195
0.102	0.227	0.008	0.664
>AAGATAACGT	ARCH128_14_AAGATAACGT,BestGuess_GATA	14.8045668481304
0.936	0.062	0.001	0.001
0.936	0.001	0.001	0.062
0.001	0.062	0.936	0.001
0.936	0.001	0.062	0.001
0.001	0.001	0.001	0.997
0.929	0.001	0.069	0.001
0.875	0.062	0.001	0.062
0.033	0.904	0.001	0.062
0.062	0.144	0.793	0.001
0.063	0.063	0.063	0.811
>STTGCCTTAT	ARCH129_11_CTTGCCTTAT,BestGuess_SD00	15.1726538960397
0.001	0.708	0.290	0.001
0.001	0.001	0.001	0.997
0.001	0.001	0.001	0.997
0.145	0.001	0.853	0.001
0.001	0.853	0.001	0.145
0.001	0.997	0.001	0.001
0.001	0.001	0.001	0.997
0.001	0.001	0.001	0.997
0.997	0.001	0.001	0.001
0.001	0.001	0.001	0.997
>CCTCA	ARCH130_zf-C2H2	6.93271159866351
0.223	0.757	0.000	0.020
0.003	0.971	0.015	0.011
0.010	0.002	0.001	0.986
0.008	0.965	0.000	0.026
0.576	0.180	0.152	0.091
>ACCGTKAGAC	ARCH131_15_ACCGTTAGAC,BestGuess_OVOL	14.7161913971473
0.879	0.001	0.001	0.119
0.120	0.759	0.001	0.120
0.001	0.997	0.001	0.001
0.001	0.001	0.997	0.001
0.001	0.119	0.001	0.879
0.001	0.120	0.278	0.601
0.997	0.001	0.001	0.001
0.001	0.001	0.997	0.001
0.997	0.001	0.001	0.001
0.001	0.997	0.001	0.001
>TGACCGTTAC	ARCH132_	14.6397180142962
0.175	0.062	0.113	0.650
0.055	0.000	0.945	0.000
0.897	0.000	0.103	0.000
0.000	1.000	0.000	0.000
0.000	1.000	0.000	0.000
0.068	0.051	0.881	0.000
0.050	0.033	0.050	0.867
0.037	0.000	0.000	0.963
0.867	0.017	0.083	0.033
0.000	0.929	0.054	0.018
>YAACGG	ARCH133_	8.64627658861728
0.000	0.448	0.000	0.552
1.000	0.000	0.000	0.000
1.000	0.000	0.000	0.000
0.000	1.000	0.000	0.000
0.000	0.034	0.828	0.138
0.000	0.000	1.000	0.000
>YYTTYCYA	ARCH134_zf-C2H2	8.61845605882937
0.076	0.259	0.076	0.590
0.076	0.476	0.076	0.373
0.025	0.227	0.117	0.631
0.000	0.205	0.000	0.795
0.000	0.297	0.000	0.703
0.000	0.814	0.000	0.186
0.000	0.274	0.112	0.614
0.586	0.137	0.046	0.232
>	ARCH135_zf-C2H2	11.7846495579972
0.103	0.201	0.123	0.573
0.169	0.110	0.194	0.527
0.139	0.054	0.040	0.768
0.000	0.000	0.010	0.990
0.000	0.981	0.000	0.019
0.023	0.042	0.016	0.919
0.520	0.014	0.465	0.001
0.000	0.003	0.995	0.002
0.969	0.016	0.000	0.015
>	ARCH136_STAT	12.1959466553328
0.006	0.020	0.003	0.971
0.028	0.017	0.005	0.950
0.008	0.985	0.001	0.006
0.040	0.518	0.005	0.437
0.000	0.171	0.175	0.654
0.393	0.010	0.552	0.045
0.001	0.004	0.989	0.006
0.924	0.007	0.013	0.056
