>CCYSGAGGC	1-CCTCGAGGCH,BestGuess:XBP1	12.5028235056561
0.001	0.839	0.159	0.001
0.001	0.997	0.001	0.001
0.001	0.398	0.001	0.600
0.001	0.675	0.323	0.001
0.001	0.001	0.997	0.001
0.997	0.001	0.001	0.001
0.001	0.001	0.997	0.001
0.001	0.001	0.997	0.001
0.001	0.596	0.244	0.159
>	AP-2gamma__AP-2alpha	13.1988233233675
0.008	0.400	0.577	0.016
0.001	0.997	0.001	0.001
0.001	0.959	0.001	0.040
0.005	0.303	0.005	0.688
0.052	0.472	0.382	0.095
0.733	0.011	0.236	0.019
0.060	0.001	0.938	0.001
0.001	0.001	0.997	0.001
0.009	0.417	0.570	0.005
0.228	0.527	0.061	0.184
0.600	0.119	0.129	0.151
>KYCCCWGGGG	EBF1	12.4764491585756
0.067	0.170	0.263	0.500
0.021	0.618	0.075	0.286
0.012	0.930	0.001	0.057
0.021	0.862	0.001	0.116
0.038	0.917	0.001	0.044
0.537	0.055	0.003	0.405
0.146	0.006	0.770	0.078
0.179	0.001	0.794	0.026
0.019	0.001	0.979	0.001
0.210	0.045	0.724	0.021
>TGGCCCTGGC	25-TGGCCCTGGC,BestGuess:SKN7	13.3751594365112
0.076	0.049	0.016	0.859
0.063	0.113	0.761	0.063
0.108	0.063	0.780	0.049
0.016	0.810	0.111	0.063
0.079	0.837	0.021	0.063
0.076	0.765	0.034	0.125
0.110	0.016	0.032	0.842
0.110	0.018	0.761	0.111
0.049	0.079	0.759	0.113
0.047	0.856	0.063	0.034
>ACTTAGCCCA	7-ACTTAGCCCA,BestGuess:PCF	14.817046882249
0.908	0.090	0.001	0.001
0.001	0.908	0.001	0.090
0.090	0.001	0.001	0.908
0.091	0.091	0.001	0.817
0.908	0.090	0.001	0.001
0.001	0.001	0.997	0.001
0.090	0.908	0.001	0.001
0.090	0.908	0.001	0.001
0.001	0.908	0.001	0.090
0.908	0.090	0.001	0.001
>	MYB94__MYB30	12.568665878964
0.501	0.053	0.116	0.330
0.324	0.001	0.621	0.054
0.043	0.002	0.741	0.214
0.018	0.040	0.014	0.927
0.556	0.004	0.355	0.085
0.002	0.001	0.995	0.002
0.010	0.004	0.226	0.760
0.007	0.002	0.002	0.990
0.117	0.006	0.865	0.011
0.205	0.034	0.663	0.099
>GCWCTCCGTA	8-GCWCTCCGTA,BestGuess:SPL3	13.2324536236259
0.001	0.001	0.997	0.001
0.001	0.904	0.001	0.094
0.524	0.001	0.001	0.474
0.094	0.904	0.001	0.001
0.095	0.001	0.127	0.777
0.001	0.904	0.094	0.001
0.095	0.809	0.095	0.001
0.190	0.001	0.611	0.198
0.189	0.001	0.001	0.809
0.809	0.001	0.095	0.095
>WCAGTGCGCW	25-ACAGTGCGCW,BestGuess:DAL82	13.1002865171942
0.633	0.001	0.001	0.365
0.181	0.575	0.001	0.243
0.997	0.001	0.001	0.001
0.001	0.184	0.814	0.001
0.001	0.184	0.001	0.814
0.003	0.001	0.995	0.001
0.001	0.814	0.001	0.184
0.003	0.001	0.995	0.001
0.001	0.995	0.001	0.003
0.394	0.001	0.181	0.424
>CMMTRTGCGC	3-CACTATGCGC,BestGuess:DAL82	14.5315849962691
0.001	0.997	0.001	0.001
0.666	0.332	0.001	0.001
0.332	0.666	0.001	0.001
0.001	0.001	0.001	0.997
0.666	0.001	0.332	0.001
0.001	0.001	0.001	0.997
0.001	0.001	0.997	0.001
0.001	0.997	0.001	0.001
0.001	0.001	0.997	0.001
0.001	0.997	0.001	0.001
>TGCTACAATC	9-TGCTACAATC,BestGuess:DMRTA2	14.6688220094407
0.001	0.001	0.001	0.997
0.001	0.001	0.997	0.001
0.133	0.733	0.133	0.001
0.133	0.001	0.133	0.733
0.866	0.132	0.001	0.001
0.038	0.945	0.016	0.001
0.997	0.001	0.001	0.001
0.866	0.132	0.001	0.001
0.001	0.001	0.001	0.997
0.001	0.866	0.001	0.132
>RASAAANATA	9-GAGAAACATA,BestGuess:Tb_0253	12.0982202276011
0.264	0.001	0.721	0.014
0.702	0.162	0.012	0.124
0.012	0.275	0.575	0.138
0.814	0.012	0.162	0.012
0.810	0.001	0.188	0.001
0.827	0.001	0.012	0.160
0.212	0.491	0.047	0.251
0.776	0.012	0.001	0.211
0.001	0.001	0.063	0.935
0.620	0.160	0.001	0.219
>TGGTNCAKTCCA	PRDM10	14.4427041340437
0.046	0.001	0.026	0.927
0.007	0.004	0.983	0.006
0.038	0.007	0.951	0.004
0.153	0.081	0.165	0.601
0.460	0.139	0.140	0.261
0.031	0.551	0.188	0.230
0.619	0.170	0.023	0.188
0.082	0.102	0.274	0.542
0.113	0.179	0.098	0.610
0.002	0.992	0.004	0.002
0.002	0.972	0.002	0.024
0.665	0.105	0.013	0.217
>TTTTRKCTTCGY	9-TTTTGTCTTCGY,BestGuess:SGR5	16.2034240242505
0.001	0.153	0.169	0.677
0.001	0.152	0.001	0.846
0.001	0.001	0.001	0.997
0.001	0.001	0.001	0.997
0.338	0.001	0.660	0.001
0.001	0.001	0.322	0.676
0.001	0.997	0.001	0.001
0.001	0.001	0.152	0.846
0.168	0.001	0.001	0.830
0.001	0.997	0.001	0.001
0.001	0.001	0.846	0.152
0.001	0.523	0.001	0.475
>AGATGNNNAGATAR	GATA3	16.9253927579528
0.817	0.001	0.001	0.181
0.001	0.001	0.997	0.001
0.981	0.017	0.001	0.001
0.001	0.001	0.001	0.997
0.027	0.245	0.538	0.190
0.227	0.145	0.246	0.382
0.301	0.127	0.336	0.236
0.227	0.200	0.382	0.190
0.836	0.001	0.001	0.162
0.001	0.001	0.997	0.001
0.997	0.001	0.001	0.001
0.001	0.001	0.001	0.997
0.872	0.001	0.001	0.126
0.637	0.001	0.272	0.090
>TTTTGTCTTTTC	19-TTTTGTCTTTTC,BestGuess:SGR5	16.5211520646773
0.052	0.013	0.050	0.885
0.013	0.063	0.013	0.911
0.025	0.038	0.038	0.899
0.038	0.063	0.038	0.861
0.038	0.111	0.684	0.167
0.039	0.038	0.075	0.848
0.088	0.710	0.113	0.089
0.067	0.025	0.039	0.869
0.038	0.050	0.063	0.849
0.027	0.063	0.038	0.872
0.038	0.038	0.038	0.886
0.092	0.746	0.064	0.098
>	IDD5__At1g14580__NUC	17.0826489736882
0.156	0.115	0.083	0.646
0.027	0.112	0.035	0.826
0.001	0.008	0.001	0.990
0.001	0.004	0.001	0.994
0.001	0.001	0.997	0.001
0.001	0.001	0.068	0.930
0.032	0.855	0.001	0.112
0.081	0.116	0.440	0.363
0.004	0.071	0.146	0.779
0.068	0.211	0.090	0.632
0.237	0.001	0.008	0.754
0.244	0.068	0.001	0.687
0.089	0.342	0.355	0.215
0.061	0.278	0.059	0.602
>SAGAAMHKARC	7-DCAGAACHGAAC,BestGuess:Ot_0263	14.4168773749617
0.001	0.637	0.319	0.043
0.997	0.001	0.001	0.001
0.001	0.001	0.997	0.001
0.997	0.001	0.001	0.001
0.997	0.001	0.001	0.001
0.318	0.680	0.001	0.001
0.319	0.362	0.001	0.319
0.043	0.001	0.637	0.319
0.997	0.001	0.001	0.001
0.680	0.001	0.318	0.001
0.001	0.997	0.001	0.001
>	M02975_2.00__M02978_2.00	19.8948920741718
0.233	0.130	0.557	0.080
0.052	0.843	0.069	0.036
0.898	0.054	0.032	0.017
0.023	0.008	0.958	0.012
0.356	0.073	0.234	0.338
0.995	0.002	0.000	0.003
0.983	0.005	0.012	0.000
0.218	0.009	0.768	0.005
0.883	0.002	0.108	0.007
0.649	0.325	0.003	0.023
0.006	0.029	0.965	0.000
0.011	0.006	0.066	0.917
0.945	0.000	0.012	0.043
0.550	0.000	0.000	0.450
0.503	0.301	0.001	0.194
0.455	0.499	0.006	0.040
>AGATTTCCTA	10-AGATTTCCTA,BestGuess:EWS:ERG-fusion	14.6504817426249
0.997	0.001	0.001	0.001
0.001	0.070	0.928	0.001
0.997	0.001	0.001	0.001
0.001	0.001	0.001	0.997
0.001	0.001	0.001	0.997
0.001	0.001	0.070	0.928
0.071	0.857	0.071	0.001
0.071	0.595	0.167	0.167
0.001	0.001	0.001	0.997
0.761	0.071	0.001	0.167
>TGATATACGC	3-TGATATACGC,BestGuess:Cf2-II	14.7939156484218
0.001	0.100	0.100	0.799
0.001	0.001	0.899	0.099
0.997	0.001	0.001	0.001
0.001	0.001	0.001	0.997
0.899	0.001	0.001	0.099
0.001	0.001	0.001	0.997
0.899	0.001	0.099	0.001
0.001	0.899	0.001	0.099
0.100	0.001	0.799	0.100
0.001	0.899	0.099	0.001
>ACGATGTTAG	4-ACGATGTTAG,BestGuess:HOW	14.7795109329374
0.874	0.001	0.124	0.001
0.125	0.749	0.001	0.125
0.001	0.125	0.749	0.125
0.997	0.001	0.001	0.001
0.001	0.001	0.124	0.874
0.001	0.001	0.997	0.001
0.001	0.001	0.001	0.997
0.124	0.001	0.001	0.874
0.997	0.001	0.001	0.001
0.001	0.001	0.997	0.001
>CCCGRTGTTATT	15-CCCGRTGTTATT,BestGuess:STB5	16.3750969623109
0.185	0.629	0.001	0.185
0.001	0.814	0.184	0.001
0.184	0.814	0.001	0.001
0.001	0.001	0.997	0.001
0.370	0.001	0.444	0.185
0.001	0.001	0.001	0.997
0.001	0.001	0.997	0.001
0.001	0.001	0.001	0.997
0.001	0.024	0.185	0.790
0.814	0.001	0.184	0.001
0.185	0.001	0.024	0.790
0.001	0.001	0.001	0.997
>TTTKACGATAAA	10-TTTGACGATAAA,BestGuess:KHDRBS3	16.4160522216124
0.001	0.152	0.001	0.846
0.152	0.001	0.001	0.846
0.001	0.001	0.001	0.997
0.001	0.153	0.520	0.326
0.831	0.167	0.001	0.001
0.153	0.649	0.001	0.197
0.167	0.001	0.831	0.001
0.817	0.168	0.014	0.001
0.152	0.001	0.001	0.846
0.997	0.001	0.001	0.001
0.997	0.001	0.001	0.001
0.829	0.001	0.001	0.169
>ACAACGAAAAAT	18-ACAACGAAAAAT,BestGuess:PB0032.1_IRC900814_1	14.1716624397037
0.700	0.100	0.100	0.100
0.100	0.700	0.100	0.100
0.700	0.100	0.100	0.100
0.700	0.100	0.100	0.100
0.100	0.700	0.100	0.100
0.100	0.100	0.700	0.100
0.700	0.100	0.100	0.100
0.700	0.100	0.100	0.100
0.700	0.100	0.100	0.100
0.700	0.100	0.100	0.100
0.700	0.100	0.100	0.100
0.100	0.100	0.100	0.700
>	IDD4__SGR5__At5g66730__IDD7	13.9546619437112
0.075	0.127	0.061	0.737
0.006	0.018	0.007	0.969
0.001	0.013	0.001	0.985
0.002	0.001	0.997	0.001
0.001	0.002	0.037	0.960
0.019	0.938	0.001	0.042
0.084	0.133	0.273	0.510
0.017	0.146	0.142	0.696
0.189	0.155	0.092	0.564
0.342	0.031	0.010	0.617
0.232	0.138	0.084	0.545
>TTTGTCGTTT	AtIDD11	14.9679342840604
0.023	0.052	0.037	0.888
0.003	0.010	0.001	0.986
0.001	0.001	0.001	0.997
0.001	0.001	0.997	0.001
0.001	0.001	0.002	0.996
0.001	0.997	0.001	0.001
0.018	0.097	0.703	0.182
0.001	0.012	0.018	0.969
0.088	0.081	0.037	0.794
0.069	0.001	0.001	0.929
>AAACAACAACAA	M03753_2.00	17.2283177428157
0.788	0.195	0.001	0.015
0.904	0.070	0.013	0.012
0.976	0.002	0.004	0.018
0.014	0.765	0.000	0.221
0.992	0.005	0.003	0.000
0.945	0.015	0.002	0.038
0.175	0.709	0.000	0.117
0.989	0.009	0.002	0.000
0.968	0.004	0.026	0.001
0.010	0.886	0.009	0.096
0.966	0.008	0.017	0.009
0.691	0.135	0.096	0.078
>AATACACTGC	11-AATACACTGC,BestGuess:MAL13P1.35	14.7953281955882
0.997	0.001	0.001	0.001
0.857	0.071	0.071	0.001
0.001	0.071	0.071	0.857
0.997	0.001	0.001	0.001
0.071	0.857	0.001	0.071
0.857	0.071	0.071	0.001
0.001	0.928	0.001	0.070
0.070	0.001	0.001	0.928
0.001	0.070	0.928	0.001
0.001	0.857	0.071	0.071
>GAATACACAACT	20-GAATACACAACT,BestGuess:FOXH1	18.3147740703735
0.001	0.001	0.997	0.001
0.997	0.001	0.001	0.001
0.997	0.001	0.001	0.001
0.001	0.001	0.001	0.997
0.997	0.001	0.001	0.001
0.116	0.882	0.001	0.001
0.997	0.001	0.001	0.001
0.083	0.716	0.001	0.200
0.997	0.001	0.001	0.001
0.997	0.001	0.001	0.001
0.167	0.799	0.033	0.001
0.001	0.001	0.001	0.997
>TGTGKATT	Foxh1	11.1325681233975
0.176	0.105	0.064	0.655
0.001	0.001	0.997	0.001
0.001	0.114	0.001	0.884
0.001	0.001	0.809	0.189
0.001	0.001	0.702	0.296
0.997	0.001	0.001	0.001
0.138	0.040	0.021	0.801
0.001	0.051	0.001	0.947
>	ERG__ETS1__M04721_2.00__M04772_2.00	12.9869534449157
0.577	0.071	0.275	0.077
0.054	0.841	0.095	0.010
0.776	0.219	0.005	0.001
0.001	0.001	0.999	0.001
0.001	0.001	0.998	0.001
0.998	0.001	0.001	0.001
0.862	0.013	0.001	0.125
0.346	0.004	0.648	0.001
0.031	0.208	0.059	0.701
0.220	0.152	0.501	0.127
>AGAGGAAGTG	PU.1	14.3594300424974
0.643	0.001	0.149	0.207
0.122	0.171	0.705	0.002
0.830	0.012	0.157	0.001
0.001	0.001	0.997	0.001
0.001	0.001	0.997	0.001
0.997	0.001	0.001	0.001
0.990	0.001	0.001	0.008
0.024	0.074	0.901	0.001
0.001	0.005	0.001	0.993
0.079	0.097	0.773	0.051
>YWTCCKG	Etv2	8.47649734202808
0.023	0.475	0.096	0.406
0.273	0.001	0.016	0.710
0.001	0.001	0.001	0.997
0.001	0.997	0.001	0.001
0.001	0.997	0.001	0.001
0.022	0.022	0.378	0.578
0.054	0.241	0.503	0.202
>CGAAATGGTA	12-CGAAATGGTA,BestGuess:AT2G31460	14.7615958345549
0.001	0.899	0.001	0.099
0.001	0.001	0.997	0.001
0.899	0.001	0.001	0.099
0.997	0.001	0.001	0.001
0.997	0.001	0.001	0.001
0.001	0.001	0.001	0.997
0.001	0.099	0.899	0.001
0.100	0.001	0.799	0.100
0.100	0.100	0.100	0.700
0.899	0.099	0.001	0.001
>WTTTACY	GTL1	9.49289166738544
0.466	0.001	0.001	0.532
0.036	0.010	0.017	0.937
0.001	0.001	0.001	0.997
0.137	0.035	0.005	0.823
0.997	0.001	0.001	0.001
0.024	0.950	0.001	0.025
0.061	0.632	0.027	0.280
>GAAAATGAAG	7-GAAAATGAAG,BestGuess:Lm_0212	11.8097186997531
0.100	0.100	0.700	0.100
0.700	0.100	0.100	0.100
0.700	0.100	0.100	0.100
0.700	0.100	0.100	0.100
0.700	0.100	0.100	0.100
0.100	0.100	0.100	0.700
0.100	0.100	0.700	0.100
0.700	0.100	0.100	0.100
0.700	0.100	0.100	0.100
0.100	0.100	0.700	0.100
>ATCATATAGC	13-ATCATATAGC,BestGuess:MOT2	11.8097186997531
0.700	0.100	0.100	0.100
0.100	0.100	0.100	0.700
0.100	0.700	0.100	0.100
0.700	0.100	0.100	0.100
0.100	0.100	0.100	0.700
0.700	0.100	0.100	0.100
0.100	0.100	0.100	0.700
0.700	0.100	0.100	0.100
0.100	0.100	0.700	0.100
0.100	0.700	0.100	0.100
>SACAATR	M02718_2.00	9.68415886474723
0.129	0.323	0.548	0.000
0.935	0.065	0.000	0.000
0.000	1.000	0.000	0.000
1.000	0.000	0.000	0.000
0.968	0.000	0.032	0.000
0.032	0.000	0.000	0.968
0.290	0.032	0.581	0.097
>ATTWCCGCTAT	13-ATTACCGCTATA,BestGuess:ETV2	15.8885017939981
0.997	0.001	0.001	0.001
0.001	0.220	0.001	0.778
0.001	0.001	0.001	0.997
0.720	0.001	0.001	0.278
0.001	0.997	0.001	0.001
0.001	0.997	0.001	0.001
0.001	0.001	0.997	0.001
0.001	0.997	0.001	0.001
0.001	0.001	0.001	0.997
0.778	0.001	0.001	0.220
0.001	0.221	0.221	0.557
>TARAACCGGK	10-TAGAACCGGT,BestGuess:GRHL1	13.0552895238798
0.163	0.044	0.125	0.668
0.958	0.040	0.001	0.001
0.251	0.001	0.705	0.043
0.958	0.040	0.001	0.001
0.877	0.001	0.121	0.001
0.162	0.836	0.001	0.001
0.154	0.633	0.041	0.172
0.165	0.043	0.791	0.001
0.001	0.003	0.953	0.043
0.001	0.200	0.272	0.527
>WAAACCRGWW	AT1G76870	11.8772479317745
0.571	0.001	0.050	0.378
0.938	0.001	0.001	0.060
0.758	0.001	0.001	0.240
0.943	0.001	0.001	0.055
0.001	0.997	0.001	0.001
0.001	0.997	0.001	0.001
0.475	0.001	0.523	0.001
0.001	0.215	0.737	0.047
0.351	0.113	0.122	0.414
0.489	0.021	0.014	0.475
>CCWTTAGYTAGA	1-CCATTAGCTAGA,BestGuess:Isl1	16.5653126552847
0.173	0.740	0.086	0.001
0.086	0.827	0.001	0.086
0.739	0.001	0.001	0.259
0.001	0.173	0.001	0.825
0.001	0.001	0.001	0.997
0.810	0.001	0.188	0.001
0.001	0.086	0.827	0.086
0.001	0.739	0.001	0.259
0.001	0.086	0.086	0.827
0.897	0.101	0.001	0.001
0.086	0.001	0.827	0.086
0.997	0.001	0.001	0.001
>GCTCTTAGTT	22-GCTCTTAGTT,BestGuess:CG2931	14.7290123643332
0.001	0.001	0.997	0.001
0.001	0.918	0.080	0.001
0.080	0.001	0.001	0.918
0.081	0.648	0.190	0.081
0.001	0.001	0.001	0.997
0.001	0.081	0.081	0.837
0.997	0.001	0.001	0.001
0.001	0.081	0.837	0.081
0.001	0.001	0.001	0.997
0.001	0.001	0.080	0.918
>CAGAWATTACCC	21-CAGAWATTACCC,BestGuess:REB1	16.4415351528153
0.001	0.997	0.001	0.001
0.541	0.153	0.153	0.153
0.001	0.169	0.677	0.153
0.983	0.001	0.015	0.001
0.459	0.001	0.153	0.387
0.997	0.001	0.001	0.001
0.015	0.001	0.001	0.983
0.015	0.001	0.001	0.983
0.846	0.001	0.001	0.152
0.001	0.997	0.001	0.001
0.001	0.846	0.001	0.152
0.001	0.846	0.001	0.152
>RTAATAGCWAAG	1-GTAATAGCTAAG,BestGuess:br-Z2	16.6248472081129
0.300	0.001	0.599	0.100
0.001	0.001	0.001	0.997
0.899	0.001	0.099	0.001
0.699	0.100	0.200	0.001
0.001	0.001	0.001	0.997
0.997	0.001	0.001	0.001
0.001	0.001	0.997	0.001
0.001	0.899	0.001	0.099
0.299	0.001	0.001	0.699
0.699	0.100	0.200	0.001
0.997	0.001	0.001	0.001
0.200	0.001	0.699	0.100
>GWMYATTAGTWG	8-GWMYATTAGTWG,BestGuess:br-Z4	16.3458311008224
0.001	0.001	0.997	0.001
0.570	0.001	0.001	0.428
0.429	0.523	0.001	0.047
0.001	0.570	0.001	0.428
0.997	0.001	0.001	0.001
0.001	0.001	0.001	0.997
0.001	0.001	0.046	0.952
0.997	0.001	0.001	0.001
0.001	0.001	0.997	0.001
0.001	0.001	0.001	0.997
0.570	0.001	0.001	0.428
0.001	0.001	0.997	0.001
>TCCGATTACTGA	14-TCCGATTACTGA,BestGuess:NTL9	16.9019088158309
0.132	0.001	0.001	0.866
0.133	0.699	0.035	0.133
0.001	0.866	0.001	0.132
0.001	0.001	0.838	0.160
0.971	0.001	0.027	0.001
0.001	0.133	0.133	0.733
0.001	0.001	0.132	0.866
0.866	0.001	0.001	0.132
0.001	0.997	0.001	0.001
0.028	0.133	0.007	0.832
0.001	0.001	0.997	0.001
0.733	0.133	0.133	0.001
>TCATTGGATG	15-TCATTGGATG,BestGuess:HAP2	14.7168496404063
0.083	0.001	0.001	0.915
0.083	0.915	0.001	0.001
0.997	0.001	0.001	0.001
0.001	0.001	0.001	0.997
0.083	0.001	0.001	0.915
0.001	0.001	0.915	0.083
0.084	0.001	0.831	0.084
0.760	0.042	0.001	0.197
0.084	0.084	0.001	0.831
0.083	0.001	0.915	0.001
>GGTAATGCGTTG	4-GGTAATGCGTTG,BestGuess:Barx1	17.6194410985365
0.048	0.001	0.753	0.198
0.001	0.001	0.997	0.001
0.001	0.001	0.001	0.997
0.797	0.001	0.201	0.001
0.997	0.001	0.001	0.001
0.001	0.001	0.001	0.997
0.001	0.001	0.812	0.186
0.001	0.997	0.001	0.001
0.001	0.189	0.764	0.046
0.001	0.001	0.001	0.997
0.001	0.001	0.001	0.997
0.001	0.001	0.750	0.248
>TWACYCMTYTRC	6-TAACCCATTTGC,BestGuess:Kr	16.9604326946603
0.001	0.001	0.001	0.997
0.696	0.001	0.001	0.302
0.997	0.001	0.001	0.001
0.001	0.997	0.001	0.001
0.001	0.696	0.001	0.302
0.001	0.997	0.001	0.001
0.661	0.337	0.001	0.001
0.001	0.003	0.001	0.995
0.001	0.302	0.001	0.696
0.001	0.001	0.001	0.997
0.311	0.001	0.687	0.001
0.001	0.997	0.001	0.001
>MGGAWWTCCK	M02734_2.00	13.3612745055015
0.255	0.676	0.049	0.020
0.000	0.028	0.972	0.000
0.014	0.000	0.986	0.000
0.986	0.014	0.000	0.000
0.358	0.127	0.000	0.515
0.515	0.000	0.127	0.358
0.000	0.000	0.014	0.986
0.000	0.986	0.000	0.014
0.000	0.972	0.028	0.000
0.020	0.049	0.676	0.255
>	M02993_2.00__M02995_2.00__M02998_2.00__M03000_2.00	18.4256064521377
0.638	0.071	0.172	0.119
0.135	0.757	0.091	0.017
0.120	0.877	0.002	0.000
0.000	0.000	0.999	0.000
0.000	0.000	0.999	0.000
0.999	0.000	0.000	0.000
0.577	0.066	0.000	0.357
0.873	0.000	0.098	0.030
0.001	0.002	0.000	0.997
0.004	0.987	0.008	0.001
0.003	0.994	0.002	0.001
0.001	0.008	0.874	0.118
0.050	0.131	0.703	0.117
>AAACGCCCAA	13-AAACGCCCAA,BestGuess:PB0143.1_Klf7_2	14.7825502364789
0.997	0.001	0.001	0.001
0.997	0.001	0.001	0.001
0.916	0.001	0.082	0.001
0.083	0.833	0.001	0.083
0.083	0.083	0.833	0.001
0.001	0.997	0.001	0.001
0.194	0.722	0.001	0.083
0.055	0.943	0.001	0.001
0.833	0.083	0.001	0.083
0.997	0.001	0.001	0.001
>ATACGRCCAA	11-ATACGRCCAA,BestGuess:PB0143.1_Klf7_2	13.8001660070521
0.997	0.001	0.001	0.001
0.026	0.001	0.001	0.972
0.771	0.001	0.227	0.001
0.001	0.997	0.001	0.001
0.232	0.001	0.741	0.026
0.454	0.001	0.544	0.001
0.001	0.997	0.001	0.001
0.001	0.972	0.001	0.026
0.997	0.001	0.001	0.001
0.545	0.227	0.001	0.227
>TCTACCGCCT	6-TCTACCGCCT,BestGuess:AT3G57600	15.2681785759974
0.001	0.001	0.001	0.997
0.001	0.765	0.001	0.233
0.001	0.001	0.001	0.997
0.945	0.001	0.053	0.001
0.179	0.778	0.001	0.042
0.001	0.997	0.001	0.001
0.001	0.001	0.997	0.001
0.001	0.997	0.001	0.001
0.001	0.997	0.001	0.001
0.001	0.001	0.001	0.997
>MCGCCC	M00232_2.00	7.68952292255837
0.417	0.451	0.040	0.092
0.012	0.889	0.000	0.099
0.197	0.001	0.731	0.072
0.000	0.983	0.000	0.016
0.029	0.957	0.009	0.005
0.030	0.726	0.000	0.244
>AWTGAAATMCNC	16-AWTGAAATCCAC,BestGuess:AHL20	15.2771554391961
0.997	0.001	0.001	0.001
0.474	0.001	0.117	0.408
0.143	0.001	0.001	0.855
0.117	0.001	0.730	0.152
0.882	0.116	0.001	0.001
0.997	0.001	0.001	0.001
0.764	0.001	0.001	0.234
0.141	0.001	0.001	0.857
0.389	0.586	0.024	0.001
0.116	0.882	0.001	0.001
0.471	0.235	0.147	0.147
0.116	0.882	0.001	0.001
>TTCACTKTAAAY	16-TTCACTKTAAAY,BestGuess:At5g04390	16.341387861288
0.001	0.022	0.001	0.976
0.001	0.001	0.001	0.997
0.001	0.976	0.001	0.022
0.997	0.001	0.001	0.001
0.001	0.997	0.001	0.001
0.001	0.001	0.022	0.976
0.001	0.001	0.544	0.454
0.227	0.001	0.001	0.771
0.771	0.001	0.227	0.001
0.545	0.227	0.001	0.227
0.997	0.001	0.001	0.001
0.001	0.544	0.001	0.454
>YSAAAWYCMAAW	10-YSAAAWYCMAAW,BestGuess:TCX3	14.6486500464129
0.001	0.467	0.001	0.531
0.001	0.531	0.467	0.001
0.997	0.001	0.001	0.001
0.997	0.001	0.001	0.001
0.997	0.001	0.001	0.001
0.467	0.001	0.001	0.531
0.001	0.500	0.031	0.468
0.001	0.997	0.001	0.001
0.531	0.467	0.001	0.001
0.997	0.001	0.001	0.001
0.997	0.001	0.001	0.001
0.467	0.001	0.001	0.531
>ATWTCAMHVYGM	4-ATTTCAAHVTGC,BestGuess:CHR	14.903941534153
0.997	0.001	0.001	0.001
0.001	0.001	0.001	0.997
0.361	0.001	0.001	0.637
0.001	0.001	0.001	0.997
0.001	0.997	0.001	0.001
0.997	0.001	0.001	0.001
0.680	0.318	0.001	0.001
0.319	0.319	0.001	0.362
0.362	0.319	0.319	0.001
0.001	0.318	0.001	0.680
0.001	0.001	0.997	0.001
0.318	0.680	0.001	0.001
>AGTAAACCAWTA	17-AGTAAACCAATA,BestGuess:br	16.381882353054
0.912	0.086	0.001	0.001
0.186	0.001	0.714	0.099
0.086	0.001	0.001	0.912
0.912	0.001	0.001	0.086
0.814	0.086	0.099	0.001
0.827	0.001	0.086	0.086
0.086	0.912	0.001	0.001
0.001	0.825	0.001	0.173
0.997	0.001	0.001	0.001
0.639	0.001	0.001	0.359
0.001	0.001	0.001	0.997
0.553	0.174	0.087	0.186
>	M02736_2.00__M03016_2.00__M03047_2.00__M03056_2.00	20.0982989803631
0.180	0.039	0.774	0.008
0.062	0.041	0.015	0.882
0.851	0.099	0.012	0.038
0.961	0.017	0.010	0.013
0.972	0.005	0.008	0.015
0.016	0.882	0.012	0.090
0.974	0.011	0.009	0.007
0.651	0.006	0.337	0.006
0.092	0.025	0.008	0.876
0.690	0.248	0.032	0.030
0.943	0.037	0.012	0.009
0.915	0.047	0.012	0.027
0.046	0.894	0.009	0.051
0.963	0.009	0.013	0.016
>KCGWMGCGAT	17-GCGTAGCGAT,BestGuess:STB4	14.6369167951211
0.001	0.001	0.715	0.283
0.001	0.997	0.001	0.001
0.001	0.001	0.961	0.037
0.283	0.001	0.001	0.715
0.715	0.283	0.001	0.001
0.001	0.001	0.997	0.001
0.001	0.997	0.001	0.001
0.001	0.037	0.925	0.037
0.997	0.001	0.001	0.001
0.001	0.001	0.001	0.997
>TCGCTGTGAG	10-TCGCTGTGAG,BestGuess:POL009.1_DCE_S_II	14.8231687063632
0.001	0.001	0.001	0.997
0.001	0.997	0.001	0.001
0.001	0.001	0.888	0.110
0.001	0.997	0.001	0.001
0.110	0.001	0.001	0.888
0.111	0.001	0.777	0.111
0.110	0.001	0.001	0.888
0.001	0.110	0.888	0.001
0.888	0.110	0.001	0.001
0.001	0.001	0.888	0.110
>KCRYYGTRRRGY	6-TCGCTGTGGGGC,BestGuess:BRUNOL6	15.410779511118
0.070	0.001	0.308	0.621
0.001	0.913	0.001	0.085
0.302	0.001	0.696	0.001
0.001	0.696	0.001	0.302
0.001	0.302	0.001	0.696
0.001	0.001	0.997	0.001
0.001	0.001	0.001	0.997
0.302	0.001	0.696	0.001
0.302	0.001	0.696	0.001
0.303	0.001	0.626	0.070
0.001	0.001	0.997	0.001
0.001	0.680	0.001	0.318
>TTTTGGCTGGAT	18-TTTTGGCTGGAT,BestGuess:E2F7	16.6500880946411
0.051	0.051	0.001	0.897
0.050	0.001	0.001	0.948
0.102	0.051	0.001	0.846
0.051	0.051	0.102	0.796
0.051	0.001	0.884	0.064
0.153	0.001	0.795	0.051
0.051	0.847	0.051	0.051
0.102	0.001	0.153	0.744
0.154	0.051	0.693	0.102
0.051	0.001	0.846	0.102
0.948	0.050	0.001	0.001
0.153	0.001	0.051	0.795
>GAYYTGWGRYTG	1-GACTTGTGATTG,BestGuess:MITF	14.8199911838862
0.091	0.088	0.818	0.003
0.648	0.088	0.176	0.088
0.001	0.647	0.088	0.264
0.002	0.293	0.001	0.704
0.088	0.003	0.001	0.908
0.001	0.088	0.823	0.088
0.264	0.088	0.088	0.560
0.001	0.001	0.975	0.023
0.735	0.001	0.263	0.001
0.088	0.380	0.001	0.531
0.202	0.088	0.001	0.709
0.026	0.001	0.883	0.090
>TYTGRCCASNRG	Bcl11a	13.3995032214068
0.113	0.191	0.055	0.641
0.041	0.453	0.095	0.411
0.004	0.001	0.001	0.994
0.027	0.055	0.841	0.077
0.545	0.032	0.338	0.085
0.048	0.910	0.031	0.011
0.006	0.992	0.001	0.001
0.893	0.001	0.001	0.105
0.027	0.378	0.494	0.101
0.303	0.224	0.083	0.390
0.473	0.016	0.357	0.153
0.121	0.059	0.738	0.082
>TTTGGCTGTT	10-TTTGGCTGTT,BestGuess:ZNF341	11.8097186997531
0.100	0.100	0.100	0.700
0.100	0.100	0.100	0.700
0.100	0.100	0.100	0.700
0.100	0.100	0.700	0.100
0.100	0.100	0.700	0.100
0.100	0.700	0.100	0.100
0.100	0.100	0.100	0.700
0.100	0.100	0.700	0.100
0.100	0.100	0.100	0.700
0.100	0.100	0.100	0.700
>AAAGAGGGAT	18-AAAGAGGGAT,BestGuess:DOF5.7	14.7117869106285
0.867	0.066	0.066	0.001
0.997	0.001	0.001	0.001
0.932	0.066	0.001	0.001
0.066	0.001	0.932	0.001
0.867	0.001	0.066	0.066
0.001	0.066	0.932	0.001
0.066	0.001	0.867	0.066
0.066	0.001	0.867	0.066
0.932	0.001	0.001	0.066
0.066	0.001	0.066	0.867
>AACCARAGGG	4-AACCAGAGGG,BestGuess:REF6	15.4046670494519
0.997	0.001	0.001	0.001
0.997	0.001	0.001	0.001
0.001	0.997	0.001	0.001
0.001	0.997	0.001	0.001
0.997	0.001	0.001	0.001
0.269	0.001	0.729	0.001
0.997	0.001	0.001	0.001
0.001	0.001	0.997	0.001
0.001	0.001	0.997	0.001
0.001	0.121	0.877	0.001
>GGATTAACACTC	2-GGATTAACACTC,BestGuess:PH0123.1_Obox3	16.6470033930895
0.001	0.154	0.691	0.154
0.001	0.153	0.845	0.001
0.922	0.001	0.001	0.076
0.076	0.001	0.001	0.922
0.076	0.001	0.001	0.922
0.615	0.077	0.231	0.077
0.997	0.001	0.001	0.001
0.001	0.922	0.076	0.001
0.922	0.001	0.001	0.076
0.001	0.845	0.001	0.153
0.077	0.077	0.077	0.769
0.077	0.768	0.001	0.154
>CGTTAATCC	M03844_2.00	12.0983301143344
0.071	0.709	0.026	0.194
0.092	0.169	0.719	0.020
0.215	0.198	0.076	0.511
0.031	0.007	0.000	0.962
0.939	0.007	0.043	0.011
0.994	0.002	0.000	0.003
0.007	0.002	0.140	0.850
0.034	0.896	0.036	0.034
0.023	0.816	0.038	0.124
>AGTGTAGAGG	19-AGTGTAGAGG,BestGuess:RBM28	14.8057643963733
0.908	0.001	0.001	0.090
0.001	0.091	0.817	0.091
0.090	0.001	0.001	0.908
0.001	0.090	0.908	0.001
0.090	0.001	0.001	0.908
0.997	0.001	0.001	0.001
0.001	0.001	0.908	0.090
0.908	0.001	0.001	0.090
0.001	0.001	0.997	0.001
0.091	0.001	0.817	0.091
>MGMC	M00192_2.00	4.90436509349492
0.578	0.340	0.076	0.007
0.069	0.067	0.858	0.006
0.629	0.263	0.048	0.060
0.081	0.917	0.000	0.002
>YGTCTAGACA	M03482_2.00	14.3499661346142
0.134	0.443	0.021	0.402
0.006	0.005	0.985	0.005
0.028	0.008	0.022	0.942
0.003	0.993	0.003	0.002
0.000	0.013	0.009	0.978
0.985	0.008	0.006	0.000
0.000	0.003	0.996	0.001
0.931	0.053	0.001	0.015
0.006	0.986	0.003	0.006
0.698	0.087	0.063	0.152
>CTAGTGGGGT	22-CTAGTGGGGT,BestGuess:ADR1	14.8415305551356
0.001	0.856	0.001	0.142
0.001	0.001	0.001	0.997
0.997	0.001	0.001	0.001
0.001	0.142	0.856	0.001
0.001	0.143	0.143	0.713
0.001	0.001	0.997	0.001
0.001	0.001	0.856	0.142
0.001	0.001	0.997	0.001
0.001	0.142	0.856	0.001
0.001	0.001	0.001	0.997
>CTGCTCAGGG	17-CTGCTCAGGG,BestGuess:REI1	13.3568609594605
0.065	0.779	0.065	0.091
0.093	0.052	0.026	0.829
0.091	0.015	0.776	0.118
0.065	0.779	0.065	0.091
0.054	0.054	0.091	0.801
0.089	0.729	0.091	0.091
0.816	0.013	0.104	0.067
0.054	0.013	0.879	0.054
0.102	0.045	0.786	0.067
0.026	0.052	0.857	0.065
>CMYGCTGWK	Zic	11.5530003308843
0.001	0.997	0.001	0.001
0.396	0.602	0.001	0.001
0.001	0.383	0.001	0.615
0.127	0.001	0.871	0.001
0.001	0.997	0.001	0.001
0.103	0.001	0.060	0.836
0.001	0.001	0.997	0.001
0.484	0.067	0.160	0.289
0.001	0.001	0.688	0.310
>TAGTCTGAGC	20-TAGTCTGAGC,BestGuess:Smad3	14.7924955055007
0.001	0.001	0.001	0.997
0.997	0.001	0.001	0.001
0.001	0.001	0.997	0.001
0.001	0.166	0.001	0.832
0.166	0.832	0.001	0.001
0.001	0.001	0.001	0.997
0.001	0.001	0.997	0.001
0.997	0.001	0.001	0.001
0.001	0.001	0.832	0.166
0.166	0.667	0.001	0.166
>TTCCNNAGAA	STAT6	12.521293607784
0.005	0.007	0.003	0.985
0.005	0.004	0.005	0.986
0.006	0.963	0.005	0.026
0.021	0.824	0.005	0.150
0.165	0.188	0.270	0.376
0.237	0.274	0.222	0.267
0.758	0.007	0.199	0.036
0.005	0.008	0.983	0.004
0.977	0.006	0.008	0.009
0.984	0.007	0.004	0.005
>TGATTYTGWCTA	4-TGATTCTGACTA,BestGuess:ASH1	16.2433419762632
0.107	0.107	0.001	0.785
0.001	0.213	0.649	0.137
0.785	0.001	0.001	0.213
0.001	0.001	0.001	0.997
0.106	0.001	0.001	0.892
0.001	0.572	0.107	0.320
0.030	0.107	0.001	0.862
0.106	0.001	0.892	0.001
0.679	0.001	0.001	0.319
0.106	0.892	0.001	0.001
0.001	0.001	0.001	0.997
0.892	0.001	0.001	0.106
>YTTATGGTAAGM	21-YTTATGGTAAGA,BestGuess:POU3F1	15.9664373866591
0.001	0.444	0.185	0.370
0.001	0.001	0.001	0.997
0.001	0.001	0.001	0.997
0.814	0.001	0.184	0.001
0.001	0.001	0.001	0.997
0.001	0.001	0.946	0.052
0.185	0.185	0.629	0.001
0.184	0.001	0.001	0.814
0.809	0.001	0.189	0.001
0.997	0.001	0.001	0.001
0.058	0.005	0.752	0.185
0.628	0.370	0.001	0.001
>GTATGGTAAGAA	3-GTATGGTAAGAA,BestGuess:elt-2	17.6785092675079
0.001	0.001	0.997	0.001
0.001	0.001	0.001	0.997
0.765	0.001	0.233	0.001
0.001	0.001	0.001	0.997
0.233	0.001	0.765	0.001
0.001	0.178	0.820	0.001
0.001	0.001	0.001	0.997
0.997	0.001	0.001	0.001
0.997	0.001	0.001	0.001
0.051	0.001	0.947	0.001
0.819	0.179	0.001	0.001
0.767	0.053	0.179	0.001
>CTGYTTWSATKM	10-CTGCTTTGATTC,BestGuess:pan	16.498719949141
0.058	0.940	0.001	0.001
0.001	0.001	0.001	0.997
0.001	0.001	0.997	0.001
0.001	0.696	0.001	0.302
0.001	0.001	0.001	0.997
0.001	0.001	0.001	0.997
0.393	0.001	0.001	0.605
0.001	0.393	0.605	0.001
0.997	0.001	0.001	0.001
0.001	0.001	0.001	0.997
0.001	0.001	0.393	0.605
0.302	0.696	0.001	0.001
>TATAATAGCA	21-TATAATAGCA,BestGuess:QKR58E-1	14.7585185013938
0.060	0.060	0.001	0.879
0.820	0.060	0.060	0.060
0.001	0.001	0.001	0.997
0.879	0.001	0.060	0.060
0.939	0.001	0.001	0.059
0.001	0.001	0.059	0.939
0.939	0.001	0.001	0.059
0.099	0.001	0.840	0.060
0.001	0.939	0.059	0.001
0.879	0.001	0.060	0.060
>TTAYTWWTAT	6-TTACTATTAT,BestGuess:zen	14.3352568189059
0.001	0.001	0.001	0.997
0.001	0.001	0.001	0.997
0.997	0.001	0.001	0.001
0.063	0.652	0.001	0.284
0.124	0.001	0.001	0.874
0.734	0.001	0.001	0.264
0.409	0.001	0.001	0.589
0.001	0.001	0.001	0.997
0.997	0.001	0.001	0.001
0.001	0.001	0.001	0.997
>CGTCCTTAGG	9-CGTCCTTAGG,BestGuess:Deaf1	14.8107137596352
0.001	0.997	0.001	0.001
0.001	0.001	0.997	0.001
0.001	0.001	0.001	0.997
0.001	0.713	0.143	0.143
0.001	0.856	0.001	0.142
0.001	0.001	0.001	0.997
0.001	0.001	0.001	0.997
0.713	0.143	0.143	0.001
0.001	0.001	0.997	0.001
0.001	0.001	0.856	0.142
>GGKKGGGGGSGG	25-GGGKGGGGGGGG,BestGuess:PB0097.1_Zfp281_1	16.804874914498
0.001	0.001	0.997	0.001
0.001	0.001	0.957	0.041
0.001	0.001	0.603	0.395
0.044	0.001	0.408	0.547
0.038	0.001	0.923	0.038
0.001	0.001	0.997	0.001
0.001	0.001	0.997	0.001
0.037	0.001	0.961	0.001
0.001	0.001	0.917	0.081
0.001	0.395	0.603	0.001
0.075	0.001	0.923	0.001
0.001	0.001	0.954	0.044
>KKGGGCCCMM	TCP1	11.4156241628912
0.075	0.068	0.531	0.326
0.032	0.044	0.541	0.383
0.022	0.001	0.899	0.078
0.001	0.001	0.997	0.001
0.068	0.239	0.638	0.055
0.096	0.573	0.188	0.143
0.001	0.997	0.001	0.001
0.040	0.958	0.001	0.001
0.429	0.483	0.011	0.077
0.365	0.476	0.083	0.077
>	PQM-1__Unknown5	11.3548734797124
0.455	0.047	0.326	0.172
0.108	0.545	0.143	0.205
0.040	0.192	0.021	0.748
0.001	0.001	0.997	0.001
0.825	0.001	0.034	0.141
0.002	0.001	0.061	0.936
0.992	0.001	0.001	0.007
0.935	0.001	0.061	0.003
0.066	0.374	0.540	0.019
>AGATGNNNAGATAR	GATA3	16.9253927579528
0.817	0.001	0.001	0.181
0.001	0.001	0.997	0.001
0.981	0.017	0.001	0.001
0.001	0.001	0.001	0.997
0.027	0.245	0.538	0.190
0.227	0.145	0.246	0.382
0.301	0.127	0.336	0.236
0.227	0.200	0.382	0.190
0.836	0.001	0.001	0.162
0.001	0.001	0.997	0.001
0.997	0.001	0.001	0.001
0.001	0.001	0.001	0.997
0.872	0.001	0.001	0.126
0.637	0.001	0.272	0.090
>GATWA	M00799_2.00	6.53879962901809
0.026	0.011	0.943	0.020
0.931	0.018	0.009	0.042
0.021	0.020	0.005	0.954
0.653	0.067	0.028	0.252
0.542	0.110	0.158	0.190
>GATAAS	M04875_2.00	8.866952696282
0.000	0.000	1.000	0.000
0.990	0.000	0.010	0.000
0.000	0.000	0.000	1.000
1.000	0.000	0.000	0.000
0.983	0.000	0.000	0.017
0.000	0.565	0.374	0.061
>GATAAS	M04879_2.00	7.67362106747575
0.000	0.000	1.000	0.000
1.000	0.000	0.000	0.000
0.000	0.000	0.000	1.000
0.846	0.095	0.011	0.048
0.532	0.198	0.119	0.152
0.010	0.445	0.387	0.158
>CTGAYGACGTCA	22-CTGACGACGTCA,BestGuess:TGA4	16.4901080334111
0.001	0.830	0.153	0.016
0.152	0.001	0.001	0.846
0.001	0.153	0.693	0.153
0.997	0.001	0.001	0.001
0.001	0.676	0.001	0.322
0.015	0.001	0.983	0.001
0.525	0.153	0.153	0.169
0.001	0.997	0.001	0.001
0.001	0.001	0.997	0.001
0.001	0.152	0.001	0.846
0.001	0.997	0.001	0.001
0.693	0.001	0.153	0.153
>	bZIP50__TGA6__M04035_2.00__M00992_2.00__M03659_2.00__M03660_2.00__M03649_2.00	13.1480816047075
0.499	0.147	0.303	0.051
0.018	0.044	0.007	0.931
0.018	0.014	0.835	0.133
0.964	0.006	0.013	0.018
0.001	0.964	0.005	0.029
0.035	0.008	0.954	0.004
0.032	0.026	0.007	0.935
0.191	0.684	0.075	0.050
0.788	0.031	0.110	0.071
0.032	0.422	0.060	0.487
>	Atf2__Atf7__M02825_2.00__M04011_2.00__M04234_2.00__M04334_2.00__M04337_2.00__M04296_2.00__M04272_2.00__M04273_2.00__M04327_2.00__M04328_2.00__M04382_2.00__M04383_2.00	15.0025982075756
0.163	0.175	0.502	0.160
0.596	0.094	0.281	0.029
0.019	0.049	0.014	0.918
0.024	0.052	0.817	0.106
0.891	0.018	0.044	0.047
0.008	0.810	0.033	0.149
0.106	0.034	0.849	0.011
0.060	0.035	0.020	0.886
0.115	0.790	0.067	0.027
0.907	0.018	0.051	0.024
0.022	0.284	0.103	0.591
0.167	0.510	0.170	0.153
>TGACGTCA	TGA5	11.6403295830769
0.001	0.020	0.001	0.978
0.002	0.007	0.748	0.243
0.988	0.001	0.001	0.010
0.001	0.853	0.001	0.145
0.160	0.001	0.838	0.001
0.006	0.001	0.001	0.992
0.233	0.758	0.006	0.003
0.980	0.001	0.016	0.003
>RTGACGY	M00991_2.00	9.74264205156393
0.332	0.072	0.523	0.072
0.000	0.000	0.000	1.000
0.000	0.000	1.000	0.000
1.000	0.000	0.000	0.000
0.000	1.000	0.000	0.000
0.000	0.000	1.000	0.000
0.026	0.376	0.026	0.573
>	M03640_2.00__M02872_2.00	16.5977525876561
0.166	0.091	0.581	0.161
0.688	0.079	0.218	0.014
0.017	0.029	0.004	0.951
0.002	0.033	0.891	0.074
0.996	0.001	0.002	0.001
0.002	0.991	0.002	0.006
0.005	0.001	0.991	0.002
0.001	0.002	0.004	0.993
0.092	0.870	0.037	0.002
0.949	0.002	0.035	0.013
0.014	0.269	0.080	0.637
0.190	0.606	0.083	0.120
>CACGACACAAWC	23-CACGACACAATC,BestGuess:Npas4	16.5029576719533
0.105	0.789	0.001	0.105
0.894	0.001	0.104	0.001
0.001	0.997	0.001	0.001
0.001	0.104	0.894	0.001
0.894	0.001	0.104	0.001
0.105	0.789	0.001	0.105
0.894	0.104	0.001	0.001
0.109	0.889	0.001	0.001
0.645	0.105	0.117	0.133
0.894	0.001	0.001	0.104
0.319	0.001	0.105	0.575
0.104	0.894	0.001	0.001
>AKCSRTCTCGTT	14-AKCSRTCTCGTT,BestGuess:PB0140.1_Irf6_2	16.6751918982851
0.997	0.001	0.001	0.001
0.001	0.001	0.463	0.535
0.001	0.997	0.001	0.001
0.001	0.428	0.570	0.001
0.429	0.142	0.429	0.001
0.001	0.001	0.001	0.997
0.001	0.997	0.001	0.001
0.001	0.001	0.001	0.997
0.001	0.997	0.001	0.001
0.001	0.001	0.997	0.001
0.035	0.035	0.001	0.929
0.001	0.001	0.001	0.997
>GTAAMCRYGKTT	12-GTAACCATGGTT,BestGuess:GT1	16.414971031913
0.001	0.001	0.997	0.001
0.025	0.001	0.001	0.973
0.973	0.001	0.001	0.025
0.997	0.001	0.001	0.001
0.422	0.576	0.001	0.001
0.001	0.973	0.001	0.025
0.576	0.001	0.422	0.001
0.001	0.422	0.001	0.576
0.025	0.001	0.973	0.001
0.001	0.001	0.576	0.422
0.001	0.001	0.001	0.997
0.025	0.001	0.001	0.973
>TCRCVTAACWCT	19-TCACVTAACTCT,BestGuess:MYB57	16.9356358825172
0.001	0.001	0.001	0.997
0.001	0.997	0.001	0.001
0.666	0.001	0.332	0.001
0.001	0.997	0.001	0.001
0.333	0.333	0.333	0.001
0.001	0.001	0.001	0.997
0.997	0.001	0.001	0.001
0.997	0.001	0.001	0.001
0.001	0.997	0.001	0.001
0.332	0.001	0.001	0.666
0.001	0.997	0.001	0.001
0.001	0.001	0.001	0.997
>ATCGACATGAGC	2-ATCGACATGAGC,BestGuess:DDF2	16.5381527622091
0.997	0.001	0.001	0.001
0.231	0.001	0.001	0.767
0.001	0.767	0.001	0.231
0.232	0.001	0.535	0.232
0.997	0.001	0.001	0.001
0.001	0.997	0.001	0.001
0.997	0.001	0.001	0.001
0.232	0.001	0.008	0.759
0.001	0.008	0.759	0.232
0.767	0.001	0.001	0.231
0.240	0.001	0.758	0.001
0.001	0.997	0.001	0.001
>WGAMAAAGYCRC	3-WGAMAAAGYCRC,BestGuess:At3g45610	16.3540074319753
0.564	0.001	0.001	0.434
0.001	0.001	0.997	0.001
0.997	0.001	0.001	0.001
0.434	0.564	0.001	0.001
0.997	0.001	0.001	0.001
0.970	0.001	0.001	0.028
0.997	0.001	0.001	0.001
0.001	0.001	0.997	0.001
0.001	0.564	0.001	0.434
0.101	0.897	0.001	0.001
0.434	0.001	0.564	0.001
0.001	0.997	0.001	0.001
>GCGACATAGATT	25-GCGACATAGATT,BestGuess:ZBED1	14.1716624397037
0.100	0.100	0.700	0.100
0.100	0.700	0.100	0.100
0.100	0.100	0.700	0.100
0.700	0.100	0.100	0.100
0.100	0.700	0.100	0.100
0.700	0.100	0.100	0.100
0.100	0.100	0.100	0.700
0.700	0.100	0.100	0.100
0.100	0.100	0.700	0.100
0.700	0.100	0.100	0.100
0.100	0.100	0.100	0.700
0.100	0.100	0.100	0.700
>GAATGACACRGCGA	M03028_2.00	18.4712657120261
0.132	0.081	0.651	0.136
0.761	0.081	0.096	0.062
0.918	0.007	0.032	0.044
0.000	0.016	0.006	0.978
0.030	0.000	0.957	0.012
0.952	0.021	0.018	0.009
0.022	0.877	0.000	0.102
0.971	0.004	0.025	0.000
0.006	0.971	0.016	0.007
0.508	0.068	0.374	0.049
0.108	0.019	0.842	0.031
0.121	0.704	0.106	0.068
0.100	0.057	0.663	0.180
0.565	0.198	0.140	0.097
>GCARTAACGACATC	M05150_2.00	19.6930328686292
0.071	0.047	0.731	0.152
0.027	0.904	0.026	0.043
0.811	0.030	0.120	0.040
0.517	0.019	0.452	0.013
0.009	0.098	0.010	0.883
0.995	0.000	0.005	0.000
0.999	0.000	0.001	0.000
0.000	0.993	0.004	0.003
0.000	0.018	0.979	0.003
0.996	0.000	0.001	0.003
0.000	0.915	0.008	0.077
0.892	0.000	0.048	0.061
0.036	0.152	0.009	0.803
0.074	0.687	0.140	0.099
>	M03212_2.00__M03222_2.00	10.677255974866
0.384	0.042	0.165	0.409
0.876	0.022	0.074	0.028
0.041	0.892	0.029	0.037
0.909	0.021	0.052	0.018
0.096	0.344	0.023	0.537
0.295	0.033	0.541	0.130
0.814	0.054	0.053	0.078
0.094	0.768	0.048	0.090
0.752	0.041	0.094	0.113
>GCGGNTTACA	3-GCGGHTTACA,BestGuess:oc	13.2851135699995
0.155	0.001	0.689	0.155
0.009	0.989	0.001	0.001
0.001	0.001	0.926	0.072
0.155	0.082	0.762	0.001
0.367	0.328	0.083	0.222
0.001	0.001	0.082	0.916
0.001	0.082	0.010	0.907
0.997	0.001	0.001	0.001
0.083	0.685	0.010	0.222
0.997	0.001	0.001	0.001
>CCCGKC	M00343_2.00	6.80793557248648
0.146	0.657	0.145	0.051
0.000	0.795	0.094	0.110
0.103	0.702	0.196	0.000
0.197	0.189	0.614	0.000
0.026	0.120	0.331	0.524
0.026	0.810	0.139	0.026
>TTGTGYGTSACA	3-TTGTGCGTGACA,BestGuess:ARET	16.4697128533706
0.001	0.209	0.001	0.789
0.001	0.001	0.001	0.997
0.001	0.001	0.894	0.104
0.001	0.001	0.001	0.997
0.232	0.001	0.640	0.127
0.001	0.673	0.001	0.325
0.001	0.001	0.997	0.001
0.001	0.001	0.001	0.997
0.011	0.348	0.640	0.001
0.789	0.105	0.001	0.105
0.001	0.997	0.001	0.001
0.673	0.001	0.221	0.105
>GCATCGGAACAC	7-GCATCGGAACAC,BestGuess:ERT1	16.7507698892372
0.181	0.091	0.727	0.001
0.001	0.817	0.001	0.181
0.908	0.001	0.090	0.001
0.181	0.001	0.001	0.817
0.001	0.908	0.001	0.090
0.181	0.001	0.727	0.091
0.001	0.090	0.908	0.001
0.908	0.001	0.001	0.090
0.908	0.001	0.001	0.090
0.181	0.637	0.181	0.001
0.997	0.001	0.001	0.001
0.090	0.908	0.001	0.001
>	Unknown1__M1BP	14.9347653641621
0.037	0.523	0.040	0.400
0.028	0.004	0.954	0.014
0.004	0.003	0.959	0.035
0.002	0.200	0.052	0.748
0.103	0.889	0.001	0.006
0.950	0.024	0.013	0.013
0.001	0.930	0.001	0.068
0.844	0.009	0.010	0.137
0.002	0.923	0.002	0.073
0.028	0.139	0.009	0.825
0.271	0.051	0.550	0.128
>TRAMCSAGGMWA	9-TRAMCGAGGCWA,BestGuess:ZAP1	15.4923089335657
0.142	0.001	0.001	0.856
0.530	0.001	0.468	0.001
0.997	0.001	0.001	0.001
0.468	0.530	0.001	0.001
0.001	0.993	0.001	0.005
0.001	0.422	0.576	0.001
0.997	0.001	0.001	0.001
0.001	0.001	0.997	0.001
0.045	0.001	0.953	0.001
0.422	0.576	0.001	0.001
0.428	0.001	0.001	0.570
0.997	0.001	0.001	0.001
>RCMGKGWMCAYG	11-RCMGTGWCCATG,BestGuess:TCP16	14.8698406399181
0.571	0.001	0.427	0.001
0.001	0.997	0.001	0.001
0.553	0.445	0.001	0.001
0.064	0.001	0.934	0.001
0.001	0.001	0.422	0.576
0.001	0.001	0.997	0.001
0.506	0.001	0.001	0.492
0.422	0.576	0.001	0.001
0.001	0.997	0.001	0.001
0.916	0.001	0.082	0.001
0.001	0.422	0.001	0.576
0.001	0.064	0.934	0.001
>TTGTTGTACCGG	16-TTGTTGTACCGG,BestGuess:Aef1	16.5775794029216
0.077	0.077	0.001	0.845
0.001	0.001	0.001	0.997
0.078	0.023	0.860	0.039
0.077	0.001	0.039	0.883
0.039	0.077	0.001	0.883
0.078	0.039	0.728	0.155
0.116	0.116	0.001	0.767
0.921	0.001	0.001	0.077
0.039	0.767	0.078	0.116
0.039	0.844	0.001	0.116
0.077	0.001	0.767	0.155
0.001	0.100	0.822	0.077
>RACKCATGSTRT	8-RACKCATGSTRT,BestGuess:Tv_0259	16.3628533884035
0.540	0.001	0.458	0.001
0.997	0.001	0.001	0.001
0.001	0.997	0.001	0.001
0.001	0.001	0.433	0.565
0.001	0.997	0.001	0.001
0.997	0.001	0.001	0.001
0.024	0.001	0.001	0.974
0.001	0.001	0.997	0.001
0.001	0.540	0.434	0.025
0.001	0.001	0.001	0.997
0.433	0.001	0.565	0.001
0.001	0.001	0.001	0.997
>ATRSCACAMCAK	1-ATRSCACAMCAK,BestGuess:UNC-75	16.415189899058
0.987	0.001	0.011	0.001
0.001	0.001	0.001	0.997
0.565	0.001	0.433	0.001
0.001	0.565	0.433	0.001
0.001	0.997	0.001	0.001
0.997	0.001	0.001	0.001
0.001	0.997	0.001	0.001
0.997	0.001	0.001	0.001
0.565	0.433	0.001	0.001
0.001	0.997	0.001	0.001
0.997	0.001	0.001	0.001
0.027	0.012	0.527	0.434
>GCAAGCTTCGTT	15-GCAAGCTTCGTT,BestGuess:Nr2e3	14.1716624397037
0.100	0.100	0.700	0.100
0.100	0.700	0.100	0.100
0.700	0.100	0.100	0.100
0.700	0.100	0.100	0.100
0.100	0.100	0.700	0.100
0.100	0.700	0.100	0.100
0.100	0.100	0.100	0.700
0.100	0.100	0.100	0.700
0.100	0.700	0.100	0.100
0.100	0.100	0.700	0.100
0.100	0.100	0.100	0.700
0.100	0.100	0.100	0.700
>CAAGATAACG	2-CAAGATAACG,BestGuess:GATA3	14.6782615039195
0.130	0.739	0.001	0.130
0.889	0.055	0.055	0.001
0.889	0.055	0.001	0.055
0.001	0.054	0.944	0.001
0.997	0.001	0.001	0.001
0.001	0.001	0.001	0.997
0.997	0.001	0.001	0.001
0.889	0.055	0.055	0.001
0.055	0.835	0.055	0.055
0.001	0.129	0.869	0.001
>	M04863_2.00__M04865_2.00__M04868_2.00__M04870_2.00__M04872_2.00__M04874_2.00__M04877_2.00__M04878_2.00	15.6447804936849
0.492	0.159	0.014	0.335
0.008	0.009	0.975	0.008
0.979	0.005	0.005	0.011
0.002	0.006	0.003	0.988
0.858	0.009	0.004	0.129
0.813	0.029	0.106	0.052
0.096	0.562	0.226	0.116
0.245	0.073	0.668	0.014
0.888	0.037	0.034	0.040
0.048	0.044	0.037	0.870
0.069	0.842	0.049	0.040
0.277	0.043	0.098	0.582
>GHGATAGCTATC	6-GHGATAGCTATC,BestGuess:GATA	16.3524293566024
0.048	0.096	0.848	0.008
0.399	0.304	0.001	0.296
0.047	0.001	0.951	0.001
0.951	0.001	0.047	0.001
0.048	0.048	0.001	0.903
0.664	0.096	0.096	0.144
0.047	0.001	0.951	0.001
0.001	0.903	0.001	0.095
0.048	0.096	0.112	0.744
0.856	0.048	0.048	0.048
0.001	0.047	0.001	0.951
0.001	0.997	0.001	0.001
>WGATNNNNATCW	GATA	12.8794904240372
0.614	0.001	0.001	0.384
0.001	0.001	0.997	0.001
0.997	0.001	0.001	0.001
0.001	0.001	0.001	0.997
0.382	0.189	0.183	0.246
0.308	0.209	0.297	0.186
0.184	0.280	0.202	0.334
0.279	0.186	0.234	0.301
0.997	0.001	0.001	0.001
0.001	0.001	0.001	0.997
0.001	0.997	0.001	0.001
0.381	0.001	0.001	0.617
>TGATAYNNDTGATAY	M03801_2.00	15.5218154648467
0.104	0.209	0.118	0.569
0.104	0.076	0.655	0.165
0.859	0.030	0.104	0.007
0.009	0.068	0.045	0.878
0.834	0.140	0.009	0.017
0.027	0.514	0.058	0.402
0.154	0.334	0.315	0.197
0.230	0.248	0.229	0.294
0.297	0.179	0.262	0.262
0.074	0.191	0.064	0.670
0.094	0.092	0.759	0.055
0.955	0.004	0.035	0.006
0.009	0.067	0.048	0.875
0.855	0.133	0.006	0.006
0.006	0.563	0.044	0.387
>TGATACGTATCA	M03802_2.00	15.7952829089952
0.075	0.213	0.076	0.635
