MEME version 5

ALPHABET= ACGT

strands: + -

Background letter frequencies
A 0.250000 C 0.250000 G 0.250000 T 0.250000

MOTIF ARCH1_srp 
letter-probability matrix: alength= 4 w= 10 nsites= 100 E= 0
 0.032000  0.016000  0.648000  0.304000 
 0.284000  0.560000  0.079000  0.077000 
 0.016000  0.002000  0.688000  0.294000 
 0.795000  0.079000  0.047000  0.079000 
 0.244000  0.016000  0.176000  0.564000 
 0.665000  0.079000  0.240000  0.016000 
 0.889000  0.047000  0.032000  0.032000 
 0.001000  0.364000  0.577000  0.058000 
 0.570000  0.100000  0.016000  0.314000 
 0.032000  0.648000  0.016000  0.304000 

MOTIF ARCH2_TRPS1 
letter-probability matrix: alength= 4 w= 8 nsites= 100 E= 0
 0.732000  0.001000  0.001000  0.266000 
 0.001000  0.001000  0.997000  0.001000 
 0.997000  0.001000  0.001000  0.001000 
 0.001000  0.001000  0.001000  0.997000 
 0.895000  0.001000  0.001000  0.103000 
 0.889000  0.001000  0.109000  0.001000 
 0.257000  0.245000  0.437000  0.060000 
 0.548000  0.228000  0.187000  0.037000 

MOTIF ARCH3_Unknown5 
letter-probability matrix: alength= 4 w= 8 nsites= 100 E= 0
 0.045000  0.607000  0.149000  0.199000 
 0.006000  0.348000  0.040000  0.606000 
 0.001000  0.001000  0.997000  0.001000 
 0.653000  0.001000  0.066000  0.280000 
 0.003000  0.001000  0.121000  0.875000 
 0.993000  0.001000  0.001000  0.005000 
 0.879000  0.001000  0.119000  0.001000 
 0.061000  0.476000  0.462000  0.001000 

MOTIF ARCH4_GATA1 
letter-probability matrix: alength= 4 w= 9 nsites= 100 E= 0
 0.185000  0.541500  0.118500  0.155000 
 0.237000  0.117500  0.000500  0.645000 
 0.000500  0.000500  0.998500  0.000500 
 0.998500  0.000500  0.000500  0.000500 
 0.000500  0.000500  0.000500  0.998500 
 0.995000  0.000500  0.000500  0.004000 
 0.995500  0.000500  0.002000  0.002000 
 0.135500  0.436500  0.409500  0.018500 
 0.626500  0.153000  0.153000  0.067500 

MOTIF ARCH5_GATA3 
letter-probability matrix: alength= 4 w= 14 nsites= 100 E= 0
 0.817000  0.001000  0.001000  0.181000 
 0.001000  0.001000  0.997000  0.001000 
 0.981000  0.017000  0.001000  0.001000 
 0.001000  0.001000  0.001000  0.997000 
 0.027000  0.245000  0.538000  0.190000 
 0.227000  0.145000  0.246000  0.382000 
 0.301000  0.127000  0.336000  0.236000 
 0.227000  0.200000  0.382000  0.190000 
 0.836000  0.001000  0.001000  0.162000 
 0.001000  0.001000  0.997000  0.001000 
 0.997000  0.001000  0.001000  0.001000 
 0.001000  0.001000  0.001000  0.997000 
 0.872000  0.001000  0.001000  0.126000 
 0.637000  0.001000  0.272000  0.090000 

MOTIF ARCH6_GATA_end_1 
letter-probability matrix: alength= 4 w= 4 nsites= 100 E= 0
 0.057454  0.060400  0.829637  0.052509 
 0.904018  0.007743  0.043678  0.044561 
 0.042775  0.057740  0.031689  0.867796 
 0.691234  0.041616  0.032410  0.234740 

MOTIF ARCH7_GATA2_GATA3_Gata4 
letter-probability matrix: alength= 4 w= 5 nsites= 100 E= 0
 0.025762  0.011346  0.942829  0.020063 
 0.931184  0.018110  0.009175  0.041532 
 0.020910  0.020496  0.005004  0.953590 
 0.652610  0.066752  0.028247  0.252391 
 0.541666  0.110460  0.158325  0.189549 

MOTIF ARCH8_GATA2_GATA3_pnr 
letter-probability matrix: alength= 4 w= 6 nsites= 100 E= 0
 0.001943  0.007965  0.988020  0.002072 
 0.997385  0.000065  0.000000  0.002549 
 0.000000  0.000000  0.000000  1.000000 
 0.982549  0.008951  0.000000  0.008500 
 0.938607  0.058317  0.000000  0.003076 
 0.076650  0.272984  0.572054  0.078312 

MOTIF ARCH9_GATA2_GATA3_pnr 
letter-probability matrix: alength= 4 w= 11 nsites= 100 E= 0
 0.000000  0.085714  0.914286  0.000000 
 0.864865  0.009009  0.072072  0.054054 
 0.013825  0.082949  0.018433  0.884793 
 0.941176  0.000000  0.009804  0.049020 
 1.000000  0.000000  0.000000  0.000000 
 0.000000  0.000000  1.000000  0.000000 
 0.945813  0.000000  0.044335  0.009852 
 0.005155  0.000000  0.005155  0.989691 
 0.864865  0.031532  0.018018  0.085586 
 0.705882  0.080882  0.088235  0.125000 
 0.077982  0.394495  0.486239  0.041284 

MOTIF ARCH10_GATA2_GATA3_GATA3 
letter-probability matrix: alength= 4 w= 11 nsites= 100 E= 0
 0.586662  0.161221  0.000241  0.251876 
 0.007950  0.008663  0.976489  0.006898 
 0.979360  0.005416  0.007621  0.007602 
 0.002311  0.009046  0.002853  0.985790 
 0.958622  0.013649  0.009348  0.018380 
 0.985040  0.014493  0.000000  0.000468 
 0.000000  0.315373  0.684627  0.000000 
 0.947861  0.023616  0.026379  0.002144 
 0.042612  0.029489  0.039597  0.888302 
 0.059268  0.886627  0.042776  0.011329 
 0.292996  0.012397  0.095386  0.599221 

MOTIF ARCH11_GATA2_GATA3_GATA4 
letter-probability matrix: alength= 4 w= 6 nsites= 100 E= 0
 0.000000  0.000000  1.000000  0.000000 
 0.989977  0.000000  0.010023  0.000000 
 0.000000  0.000000  0.000000  1.000000 
 1.000000  0.000000  0.000000  0.000000 
 0.982590  0.000000  0.000000  0.017410 
 0.000000  0.565082  0.374146  0.060773 

MOTIF ARCH12_GATA2_GATA3_GATA2 
letter-probability matrix: alength= 4 w= 6 nsites= 100 E= 0
 0.000000  0.000000  1.000000  0.000000 
 1.000000  0.000000  0.000000  0.000000 
 0.000000  0.000000  0.000000  1.000000 
 0.845693  0.095400  0.011265  0.047641 
 0.532078  0.197564  0.118642  0.151717 
 0.009584  0.445150  0.386952  0.158314 

MOTIF ARCH13_GATA_GATA1 
letter-probability matrix: alength= 4 w= 8 nsites= 100 E= 0
 0.078675  0.519668  0.325052  0.076605 
 0.648033  0.055901  0.000000  0.296066 
 0.002070  0.000000  0.997930  0.000000 
 1.000000  0.000000  0.000000  0.000000 
 0.000000  0.000000  0.000000  1.000000 
 0.944099  0.000000  0.000000  0.055901 
 0.859214  0.002070  0.122153  0.016563 
 0.099379  0.209110  0.654244  0.037267 

MOTIF ARCH14_GATA_GATA6 
letter-probability matrix: alength= 4 w= 8 nsites= 100 E= 0
 0.862627  0.012279  0.011850  0.113244 
 0.011260  0.005469  0.980483  0.002788 
 0.978552  0.006542  0.008257  0.006649 
 0.017534  0.007453  0.014048  0.960965 
 0.940643  0.009973  0.010992  0.038391 
 0.957855  0.004236  0.018499  0.019410 
 0.051046  0.095871  0.830563  0.022520 
 0.672440  0.100429  0.190563  0.036568 

MOTIF ARCH15_GATA_GATA6 
letter-probability matrix: alength= 4 w= 11 nsites= 100 E= 0
 0.728000  0.000000  0.006000  0.266000 
 0.000000  0.000000  1.000000  0.000000 
 0.994000  0.000000  0.000000  0.006000 
 0.010000  0.002000  0.000000  0.988000 
 0.918000  0.010000  0.008000  0.064000 
 0.950000  0.004000  0.028000  0.018000 
 0.036000  0.108000  0.848000  0.008000 
 0.600000  0.102000  0.264000  0.034000 
 0.232000  0.144000  0.162000  0.462000 
 0.522000  0.130000  0.144000  0.204000 
 0.502000  0.130000  0.196000  0.172000 

MOTIF ARCH16_GATA_Gata3 
letter-probability matrix: alength= 4 w= 9 nsites= 100 E= 0
 0.728000  0.018000  0.008000  0.246000 
 0.006000  0.000000  0.992000  0.002000 
 0.988000  0.006000  0.004000  0.002000 
 0.018000  0.020000  0.050000  0.912000 
 0.868000  0.022000  0.006000  0.104000 
 0.744000  0.038000  0.180000  0.038000 
 0.202000  0.306000  0.428000  0.064000 
 0.510000  0.234000  0.230000  0.026000 
 0.530000  0.096000  0.140000  0.234000 

MOTIF ARCH17_GATA_srp 
letter-probability matrix: alength= 4 w= 9 nsites= 100 E= 0
 0.046875  0.062500  0.500000  0.390625 
 0.218750  0.593750  0.000000  0.187500 
 0.000000  0.000000  1.000000  0.000000 
 1.000000  0.000000  0.000000  0.000000 
 0.125000  0.000000  0.000000  0.875000 
 1.000000  0.000000  0.000000  0.000000 
 0.734375  0.000000  0.265625  0.000000 
 0.000000  0.296875  0.406250  0.296875 
 0.484375  0.171875  0.328125  0.015625 

MOTIF ARCH18_MECOM 
letter-probability matrix: alength= 4 w= 11 nsites= 100 E= 0
 0.111111  0.231922  0.030864  0.626102 
 0.029890  0.000000  0.023810  0.946301 
 0.911028  0.000000  0.071429  0.017544 
 0.017544  0.000000  0.000000  0.982456 
 0.000000  0.982456  0.000000  0.017544 
 0.052632  0.017544  0.000000  0.929825 
 0.029890  0.000000  0.000000  0.970110 
 0.738467  0.000000  0.261533  0.000000 
 0.000000  0.000000  0.017544  0.982456 
 0.023810  0.958647  0.000000  0.017544 
 0.190987  0.065163  0.023810  0.720041 

MOTIF ARCH19_MECOM 
letter-probability matrix: alength= 4 w= 9 nsites= 100 E= 0
 0.000000  0.187500  0.062500  0.750000 
 0.062500  0.000000  0.000000  0.937500 
 1.000000  0.000000  0.000000  0.000000 
 0.000000  0.000000  0.000000  1.000000 
 0.000000  1.000000  0.000000  0.000000 
 0.000000  0.000000  0.000000  1.000000 
 0.062500  0.000000  0.000000  0.937500 
 0.000000  0.000000  1.000000  0.000000 
 0.000000  0.000000  0.000000  1.000000 

MOTIF ARCH20_GATA1 
letter-probability matrix: alength= 4 w= 10 nsites= 100 E= 0
 0.466667  0.400000  0.066667  0.066667 
 0.133333  0.266667  0.200000  0.400000 
 0.733333  0.133333  0.000000  0.133333 
 0.000000  0.000000  1.000000  0.000000 
 1.000000  0.000000  0.000000  0.000000 
 0.000000  0.000000  0.000000  1.000000 
 0.933333  0.066667  0.000000  0.000000 
 1.000000  0.000000  0.000000  0.000000 
 0.200000  0.266667  0.466667  0.066667 
 0.600000  0.066667  0.333333  0.000000 

MOTIF ARCH21_GATA3 
letter-probability matrix: alength= 4 w= 9 nsites= 100 E= 0
 0.243902  0.121951  0.560976  0.073171 
 0.634146  0.146341  0.048780  0.170732 
 0.000000  0.000000  1.000000  0.000000 
 1.000000  0.000000  0.000000  0.000000 
 0.000000  0.000000  0.000000  1.000000 
 0.756098  0.121951  0.024390  0.097561 
 0.829268  0.048780  0.000000  0.121951 
 0.146341  0.195122  0.365854  0.292683 
 0.658537  0.048780  0.146341  0.146341 

MOTIF ARCH22_TFAM 
letter-probability matrix: alength= 4 w= 8 nsites= 100 E= 0
 0.000000  0.111111  0.444444  0.444444 
 0.222222  0.333333  0.222222  0.222222 
 0.300000  0.600000  0.100000  0.000000 
 0.000000  0.000000  0.000000  1.000000 
 0.000000  0.000000  0.000000  1.000000 
 1.000000  0.000000  0.000000  0.000000 
 0.000000  0.000000  0.000000  1.000000 
 0.000000  0.818182  0.181818  0.000000 

MOTIF ARCH23_GATA15 
letter-probability matrix: alength= 4 w= 10 nsites= 100 E= 0
 0.128000  0.680000  0.001000  0.191000 
 0.171000  0.128000  0.106000  0.595000 
 0.065000  0.322000  0.364000  0.249000 
 0.606000  0.064000  0.130000  0.200000 
 0.206000  0.170000  0.623000  0.001000 
 0.078000  0.001000  0.001000  0.920000 
 0.256000  0.001000  0.558000  0.185000 
 0.997000  0.001000  0.001000  0.001000 
 0.001000  0.001000  0.001000  0.997000 
 0.001000  0.805000  0.193000  0.001000 

MOTIF ARCH24_CAD1 
letter-probability matrix: alength= 4 w= 10 nsites= 100 E= 0
 0.001000  0.001000  0.997000  0.001000 
 0.001000  0.997000  0.001000  0.001000 
 0.001000  0.001000  0.137000  0.861000 
 0.308000  0.001000  0.001000  0.690000 
 0.861000  0.001000  0.001000  0.137000 
 0.001000  0.997000  0.001000  0.001000 
 0.001000  0.001000  0.001000  0.997000 
 0.137000  0.861000  0.001000  0.001000 
 0.997000  0.001000  0.001000  0.001000 
 0.001000  0.861000  0.001000  0.137000 

MOTIF ARCH25_zf_C2H2_D19A 
letter-probability matrix: alength= 4 w= 9 nsites= 100 E= 0
 0.000000  0.000000  0.181818  0.818182 
 0.090909  0.909091  0.000000  0.000000 
 1.000000  0.000000  0.000000  0.000000 
 0.000000  0.090909  0.000000  0.909091 
 0.000000  0.000000  0.000000  1.000000 
 0.090909  0.727273  0.000000  0.181818 
 1.000000  0.000000  0.000000  0.000000 
 0.000000  0.818182  0.000000  0.181818 
 0.700000  0.200000  0.100000  0.000000 

MOTIF ARCH26_pan 
letter-probability matrix: alength= 4 w= 10 nsites= 100 E= 0
 0.001000  0.997000  0.001000  0.001000 
 0.001000  0.001000  0.001000  0.997000 
 0.001000  0.154000  0.001000  0.844000 
 0.844000  0.001000  0.001000  0.154000 
 0.154000  0.001000  0.844000  0.001000 
 0.997000  0.001000  0.001000  0.001000 
 0.001000  0.001000  0.308000  0.690000 
 0.001000  0.796000  0.179000  0.024000 
 0.001000  0.001000  0.997000  0.001000 
 0.154000  0.844000  0.001000  0.001000 

MOTIF ARCH27_YAP5 
letter-probability matrix: alength= 4 w= 10 nsites= 100 E= 0
 0.001000  0.001000  0.997000  0.001000 
 0.001000  0.341000  0.001000  0.657000 
 0.342000  0.128000  0.529000  0.001000 
 0.876000  0.001000  0.122000  0.001000 
 0.001000  0.001000  0.001000  0.997000 
 0.001000  0.246000  0.752000  0.001000 
 0.001000  0.997000  0.001000  0.001000 
 0.498000  0.370000  0.131000  0.001000 
 0.001000  0.001000  0.001000  0.997000 
 0.001000  0.346000  0.001000  0.652000 

MOTIF ARCH28_pho 
letter-probability matrix: alength= 4 w= 10 nsites= 100 E= 0
 0.569000  0.429000  0.001000  0.001000 
 0.209000  0.001000  0.581000  0.209000 
 0.001000  0.219000  0.001000  0.779000 
 0.001000  0.990000  0.001000  0.008000 
 0.474000  0.105000  0.419000  0.001000 
 0.001000  0.043000  0.955000  0.001000 
 0.001000  0.735000  0.001000  0.263000 
 0.001000  0.997000  0.001000  0.001000 
 0.987000  0.001000  0.011000  0.001000 
 0.001000  0.001000  0.464000  0.534000 

MOTIF ARCH29_FOS_FOSB_FOSL1_FOSL2_FOSL1 
letter-probability matrix: alength= 4 w= 12 nsites= 100 E= 0
 0.056128  0.131730  0.788087  0.024055 
 0.049559  0.000000  0.096916  0.853524 
 0.067052  0.891329  0.041618  0.000000 
 0.942999  0.027261  0.024783  0.004957 
 0.024480  0.364749  0.031824  0.578947 
 0.073293  0.684739  0.081325  0.160643 
 0.150147  0.120707  0.636899  0.092247 
 0.600000  0.060116  0.293642  0.046243 
 0.000000  0.035629  0.040380  0.923990 
 0.016561  0.011465  0.971975  0.000000 
 0.822785  0.078059  0.028481  0.070675 
 0.045036  0.723644  0.131013  0.100307 

MOTIF ARCH30_zf_C2H2_M03D4.4 
letter-probability matrix: alength= 4 w= 8 nsites= 100 E= 0
 0.540912  0.106509  0.178643  0.173935 
 0.018685  0.185363  0.018685  0.777267 
 0.000009  0.000009  0.999973  0.000009 
 0.000009  0.999973  0.000009  0.000009 
 0.999973  0.000009  0.000009  0.000009 
 0.000009  0.000009  0.000009  0.999973 
 0.000009  0.000009  0.999973  0.000009 
 0.879769  0.040077  0.040077  0.040077 

MOTIF ARCH31_zf_C2H2_ZBTB44 
letter-probability matrix: alength= 4 w= 8 nsites= 100 E= 0
 0.293745  0.155849  0.513235  0.037171 
 0.680558  0.248676  0.000086  0.070681 
 0.000086  0.000086  0.000086  0.999743 
 0.070155  0.000086  0.929673  0.000086 
 0.000086  0.929673  0.000086  0.070155 
 0.999743  0.000086  0.000086  0.000086 
 0.100351  0.029755  0.278345  0.591548 
 0.069843  0.535274  0.069843  0.325040 

MOTIF ARCH32_CUX1 
letter-probability matrix: alength= 4 w= 9 nsites= 100 E= 0
 0.076812  0.390580  0.472464  0.060145 
 0.127083  0.554167  0.286458  0.032292 
 0.172532  0.232160  0.563050  0.032258 
 0.968750  0.015625  0.015625  0.000000 
 0.015625  0.000000  0.015625  0.968750 
 0.015625  0.860795  0.061080  0.062500 
 0.291193  0.092330  0.571023  0.045455 
 0.860795  0.015625  0.046875  0.076705 
 0.015152  0.060606  0.015625  0.908617 

MOTIF ARCH33_AT2G31460 
letter-probability matrix: alength= 4 w= 10 nsites= 100 E= 0
 0.001000  0.893000  0.001000  0.105000 
 0.001000  0.105000  0.893000  0.001000 
 0.893000  0.001000  0.001000  0.105000 
 0.997000  0.001000  0.001000  0.001000 
 0.997000  0.001000  0.001000  0.001000 
 0.001000  0.001000  0.001000  0.997000 
 0.001000  0.105000  0.893000  0.001000 
 0.211000  0.001000  0.577000  0.211000 
 0.001000  0.122000  0.122000  0.755000 
 0.893000  0.105000  0.001000  0.001000 

MOTIF ARCH34_gl 
letter-probability matrix: alength= 4 w= 10 nsites= 100 E= 0
 0.066000  0.828000  0.035000  0.071000 
 0.084000  0.054000  0.075000  0.787000 
 0.054000  0.035000  0.075000  0.836000 
 0.089000  0.728000  0.071000  0.112000 
 0.855000  0.063000  0.021000  0.061000 
 0.806000  0.089000  0.042000  0.063000 
 0.830000  0.028000  0.073000  0.069000 
 0.057000  0.094000  0.054000  0.795000 
 0.102000  0.075000  0.727000  0.096000 
 0.813000  0.049000  0.070000  0.068000 

MOTIF ARCH35_Gfi1b 
letter-probability matrix: alength= 4 w= 12 nsites= 100 E= 0
 0.001000  0.001000  0.997000  0.001000 
 0.001000  0.997000  0.001000  0.001000 
 0.997000  0.001000  0.001000  0.001000 
 0.222000  0.185000  0.592000  0.001000 
 0.185000  0.001000  0.592000  0.222000 
 0.001000  0.001000  0.814000  0.184000 
 0.997000  0.001000  0.001000  0.001000 
 0.369000  0.001000  0.001000  0.629000 
 0.001000  0.001000  0.001000  0.997000 
 0.001000  0.001000  0.001000  0.997000 
 0.369000  0.001000  0.001000  0.629000 
 0.997000  0.001000  0.001000  0.001000 

MOTIF ARCH36_twi 
letter-probability matrix: alength= 4 w= 10 nsites= 100 E= 0
 0.997000  0.001000  0.001000  0.001000 
 0.001000  0.001000  0.001000  0.997000 
 0.001000  0.997000  0.001000  0.001000 
 0.640000  0.358000  0.001000  0.001000 
 0.001000  0.001000  0.001000  0.997000 
 0.358000  0.001000  0.001000  0.640000 
 0.001000  0.001000  0.001000  0.997000 
 0.001000  0.001000  0.997000  0.001000 
 0.001000  0.281000  0.001000  0.717000 
 0.001000  0.001000  0.997000  0.001000 

MOTIF ARCH37_zf_C2H2_pag_3 
letter-probability matrix: alength= 4 w= 6 nsites= 100 E= 0
 0.537707  0.199799  0.149503  0.112992 
 0.927283  0.004024  0.005115  0.063577 
 0.980498  0.000868  0.005197  0.013438 
 0.027444  0.019730  0.016316  0.936509 
 0.025516  0.924537  0.030855  0.019092 
 0.424335  0.102568  0.065400  0.407697 

MOTIF ARCH38_zf_C2H2_Gfi1 
letter-probability matrix: alength= 4 w= 9 nsites= 100 E= 0
 0.528302  0.301887  0.132075  0.037736 
 1.000000  0.000000  0.000000  0.000000 
 1.000000  0.000000  0.000000  0.000000 
 0.018868  0.000000  0.018868  0.962264 
 0.018868  0.981132  0.000000  0.000000 
 0.584906  0.132075  0.037736  0.245283 
 0.150943  0.528302  0.207547  0.113208 
 0.358491  0.207547  0.037736  0.396226 
 0.132075  0.245283  0.528302  0.094340 

MOTIF ARCH39_zf_C2H2_sens_Gfi1b_GFI1_GFI1B_Gfi1 
letter-probability matrix: alength= 4 w= 10 nsites= 100 E= 0
 0.644669  0.201082  0.094104  0.060144 
 0.980714  0.015000  0.001000  0.003286 
 0.986123  0.007143  0.005734  0.001000 
 0.002143  0.092991  0.017700  0.887166 
 0.001857  0.994429  0.001571  0.002143 
 0.654161  0.032413  0.010995  0.302431 
 0.066681  0.678913  0.236259  0.018147 
 0.484200  0.025184  0.128203  0.362413 
 0.085784  0.058601  0.812211  0.043404 
 0.094891  0.677758  0.037878  0.189473 

MOTIF ARCH40_zf_C2H2_PRDM1 
letter-probability matrix: alength= 4 w= 8 nsites= 100 E= 0
 0.555556  0.000000  0.444444  0.000000 
 0.000000  0.000000  0.000000  1.000000 
 0.000000  1.000000  0.000000  0.000000 
 1.000000  0.000000  0.000000  0.000000 
 0.000000  1.000000  0.000000  0.000000 
 0.000000  0.000000  0.000000  1.000000 
 0.000000  0.000000  0.000000  1.000000 
 0.000000  0.000000  0.000000  1.000000 

MOTIF ARCH41_KAN2 
letter-probability matrix: alength= 4 w= 12 nsites= 100 E= 0
 0.997000  0.001000  0.001000  0.001000 
 0.071000  0.075000  0.069000  0.785000 
 0.930000  0.001000  0.068000  0.001000 
 0.434000  0.001000  0.069000  0.497000 
 0.072000  0.420000  0.002000  0.506000 
 0.148000  0.564000  0.217000  0.071000 
 0.002000  0.356000  0.001000  0.641000 
 0.073000  0.358000  0.360000  0.209000 
 0.001000  0.422000  0.001000  0.576000 
 0.857000  0.069000  0.001000  0.073000 
 0.001000  0.431000  0.146000  0.422000 
 0.710000  0.001000  0.287000  0.002000 

MOTIF ARCH42_RBM3 
letter-probability matrix: alength= 4 w= 12 nsites= 100 E= 0
 0.001000  0.001000  0.844000  0.154000 
 0.997000  0.001000  0.001000  0.001000 
 0.001000  0.001000  0.001000  0.997000 
 0.154000  0.691000  0.001000  0.154000 
 0.001000  0.001000  0.828000  0.170000 
 0.001000  0.001000  0.001000  0.997000 
 0.536000  0.154000  0.001000  0.309000 
 0.154000  0.017000  0.001000  0.828000 
 0.001000  0.691000  0.154000  0.154000 
 0.001000  0.154000  0.844000  0.001000 
 0.154000  0.844000  0.001000  0.001000 
 0.001000  0.001000  0.997000  0.001000 

MOTIF ARCH43_At5g22890 
letter-probability matrix: alength= 4 w= 10 nsites= 100 E= 0
 0.001000  0.001000  0.866000  0.132000 
 0.066000  0.001000  0.932000  0.001000 
 0.199000  0.067000  0.067000  0.667000 
 0.932000  0.066000  0.001000  0.001000 
 0.120000  0.846000  0.001000  0.033000 
 0.997000  0.001000  0.001000  0.001000 
 0.932000  0.001000  0.066000  0.001000 
 0.001000  0.932000  0.001000  0.066000 
 0.132000  0.866000  0.001000  0.001000 
 0.001000  0.001000  0.277000  0.721000 

MOTIF ARCH44_PRDM10 
letter-probability matrix: alength= 4 w= 12 nsites= 100 E= 0
 0.046000  0.001000  0.026000  0.927000 
 0.007000  0.004000  0.983000  0.006000 
 0.038000  0.007000  0.951000  0.004000 
 0.153000  0.081000  0.165000  0.601000 
 0.460000  0.139000  0.140000  0.261000 
 0.031000  0.551000  0.188000  0.230000 
 0.619000  0.170000  0.023000  0.188000 
 0.082000  0.102000  0.274000  0.542000 
 0.113000  0.179000  0.098000  0.610000 
 0.002000  0.992000  0.004000  0.002000 
 0.002000  0.972000  0.002000  0.024000 
 0.665000  0.105000  0.013000  0.217000 

MOTIF ARCH45_zf_C2H2_ZNF410 
letter-probability matrix: alength= 4 w= 16 nsites= 100 E= 0
 0.128745  0.023026  0.650656  0.197574 
 0.561204  0.194472  0.201876  0.042448 
 0.254514  0.155216  0.322217  0.268054 
 0.005979  0.010713  0.004235  0.979073 
 0.997496  0.000000  0.001502  0.001002 
 0.000251  0.000752  0.000501  0.998496 
 0.000000  0.000000  0.002003  0.997997 
 0.997748  0.000000  0.002252  0.000000 
 0.000501  0.000250  0.001252  0.997996 
 0.000000  0.000251  0.999749  0.000000 
 0.000000  0.000000  0.996998  0.003002 
 0.000994  0.000249  0.981606  0.017151 
 0.948686  0.030739  0.008180  0.012395 
 0.001002  0.000251  0.000501  0.998246 
 0.092223  0.000000  0.907527  0.000249 
 0.000502  0.100050  0.469408  0.430040 

MOTIF ARCH46_zf_C2H2_ZNF410 
letter-probability matrix: alength= 4 w= 12 nsites= 100 E= 0
 0.028194  0.086292  0.007219  0.878295 
 0.999739  0.000006  0.000199  0.000056 
 0.000592  0.008783  0.000055  0.990570 
 0.000025  0.000695  0.000758  0.998522 
 0.991356  0.007761  0.000548  0.000335 
 0.000319  0.025861  0.001568  0.972253 
 0.010324  0.000353  0.971807  0.017516 
 0.000043  0.000004  0.999905  0.000048 
 0.011848  0.005447  0.778548  0.204156 
 0.530018  0.173131  0.124033  0.172818 
 0.011817  0.004965  0.000207  0.983011 
 0.284095  0.002325  0.684407  0.029173 

MOTIF ARCH47_CSD_YBX1 
letter-probability matrix: alength= 4 w= 9 nsites= 100 E= 0
 0.000000  0.000000  0.998774  0.001226 
 0.652447  0.000000  0.334700  0.012853 
 0.066523  0.006136  0.000943  0.926398 
 0.174762  0.000909  0.824329  0.000000 
 0.053948  0.002367  0.727879  0.215806 
 0.330423  0.033984  0.145390  0.490202 
 0.699896  0.023290  0.225510  0.051304 
 0.095176  0.731094  0.067517  0.106213 
 0.425190  0.069976  0.362807  0.142027 

MOTIF ARCH48_Myb_CG10904 
letter-probability matrix: alength= 4 w= 12 nsites= 100 E= 0
 0.125000  0.625000  0.250000  0.000000 
 0.750000  0.000000  0.250000  0.000000 
 0.062500  0.000000  0.000000  0.937500 
 0.000000  0.000000  1.000000  0.000000 
 0.437500  0.437500  0.125000  0.000000 
 0.000000  0.000000  0.875000  0.125000 
 1.000000  0.000000  0.000000  0.000000 
 0.000000  0.000000  0.875000  0.125000 
 1.000000  0.000000  0.000000  0.000000 
 0.812500  0.000000  0.000000  0.187500 
 0.500000  0.437500  0.062500  0.000000 
 0.437500  0.187500  0.000000  0.375000 

MOTIF ARCH49_Myb_Dip3 
letter-probability matrix: alength= 4 w= 13 nsites= 100 E= 0
 0.111111  0.000000  0.277778  0.611111 
 0.222222  0.166667  0.444444  0.166667 
 0.055556  0.277778  0.277778  0.388889 
 0.000000  0.222222  0.500000  0.277778 
 0.333333  0.166667  0.277778  0.222222 
 0.000000  0.000000  1.000000  0.000000 
 0.888889  0.000000  0.000000  0.111111 
 1.000000  0.000000  0.000000  0.000000 
 0.000000  0.000000  1.000000  0.000000 
 1.000000  0.000000  0.000000  0.000000 
 0.444444  0.000000  0.000000  0.555556 
 0.000000  0.000000  0.000000  1.000000 
 0.000000  0.277778  0.055556  0.666667 

MOTIF ARCH50_zf_C2H2_ZNF211 
letter-probability matrix: alength= 4 w= 9 nsites= 100 E= 0
 0.639184  0.085993  0.263298  0.011525 
 0.000887  0.011525  0.032801  0.954787 
 0.096631  0.000887  0.901596  0.000887 
 0.011525  0.000887  0.986702  0.000887 
 0.000887  0.000887  0.000887  0.997340 
 0.993794  0.000887  0.004433  0.000887 
 0.000887  0.000887  0.000887  0.997340 
 0.997340  0.000887  0.000887  0.000887 
 0.000887  0.032801  0.068262  0.898050 

MOTIF ARCH51_HSF1 
letter-probability matrix: alength= 4 w= 9 nsites= 100 E= 0
 0.000000  0.000000  1.000000  0.000000 
 0.688889  0.111111  0.088889  0.111111 
 0.644444  0.133333  0.088889  0.133333 
 0.181818  0.477273  0.045455  0.295455 
 0.333333  0.200000  0.311111  0.155556 
 0.133333  0.044444  0.022222  0.800000 
 0.088889  0.044444  0.022222  0.844444 
 0.000000  1.000000  0.000000  0.000000 
 0.111111  0.266667  0.088889  0.533333 

MOTIF ARCH52_BORIS 
letter-probability matrix: alength= 4 w= 12 nsites= 100 E= 0
 0.001000  0.997000  0.001000  0.001000 
 0.874000  0.001000  0.124000  0.001000 
 0.125000  0.125000  0.625000  0.125000 
 0.001000  0.997000  0.001000  0.001000 
 0.749000  0.125000  0.001000  0.125000 
 0.001000  0.001000  0.997000  0.001000 
 0.001000  0.001000  0.001000  0.997000 
 0.001000  0.001000  0.749000  0.249000 
 0.124000  0.001000  0.874000  0.001000 
 0.125000  0.250000  0.500000  0.125000 
 0.001000  0.997000  0.001000  0.001000 
 0.874000  0.001000  0.124000  0.001000 

MOTIF ARCH53_zf_C2H2_CTCF 
letter-probability matrix: alength= 4 w= 15 nsites= 100 E= 0
 0.052692  0.332368  0.538707  0.076232 
 0.021801  0.580389  0.016339  0.381471 
 0.084436  0.022344  0.794450  0.098769 
 0.051351  0.818380  0.035663  0.094606 
 0.002224  0.986132  0.002046  0.009598 
 0.354001  0.585152  0.027584  0.033263 
 0.005227  0.563598  0.006199  0.424976 
 0.002939  0.995047  0.000842  0.001172 
 0.028613  0.054698  0.016867  0.899822 
 0.300459  0.069152  0.508279  0.122110 
 0.013935  0.333438  0.623958  0.028668 
 0.083572  0.156486  0.019040  0.740902 
 0.001581  0.000632  0.993140  0.004647 
 0.043457  0.045438  0.837635  0.073470 
 0.135815  0.564900  0.069685  0.229600 

MOTIF ARCH54_zf_C2H2_ZNF223_CTCF 
letter-probability matrix: alength= 4 w= 14 nsites= 100 E= 0
 0.023980  0.554751  0.009155  0.412114 
 0.093378  0.028671  0.746230  0.131721 
 0.059040  0.804788  0.031351  0.104821 
 0.002317  0.984663  0.000000  0.013019 
 0.379054  0.561551  0.020598  0.038798 
 0.005777  0.538614  0.006092  0.449517 
 0.013854  0.954685  0.000571  0.030890 
 0.039120  0.065149  0.015726  0.880006 
 0.332816  0.048782  0.447746  0.170656 
 0.010459  0.335270  0.627581  0.026691 
 0.065419  0.115698  0.013017  0.805866 
 0.001438  0.000286  0.995390  0.002885 
 0.063419  0.046864  0.823015  0.066702 
 0.101596  0.597019  0.051722  0.249663 

MOTIF ARCH55_zf_C2H2_CTCF 
letter-probability matrix: alength= 4 w= 15 nsites= 100 E= 0
 0.064541  0.009237  0.857643  0.068580 
 0.053553  0.838445  0.033909  0.074093 
 0.003000  0.990961  0.001040  0.005000 
 0.385557  0.541139  0.042790  0.030513 
 0.005158  0.616823  0.004079  0.373939 
 0.003000  0.982961  0.006000  0.008040 
 0.022435  0.069225  0.036474  0.871867 
 0.245648  0.081027  0.557310  0.116014 
 0.010158  0.352280  0.614008  0.023553 
 0.069580  0.190278  0.013395  0.726746 
 0.001000  0.002000  0.990000  0.007000 
 0.037593  0.043672  0.840195  0.078540 
 0.123291  0.586902  0.075343  0.214464 
 0.166516  0.504769  0.177318  0.151397 
 0.402900  0.137568  0.380913  0.078620 

MOTIF ARCH56_zf_C2H2_CTCF 
letter-probability matrix: alength= 4 w= 12 nsites= 100 E= 0
 0.011075  0.549408  0.007046  0.432472 
 0.111866  0.020145  0.757155  0.110835 
 0.055053  0.765721  0.044988  0.134238 
 0.004024  0.983892  0.000673  0.011410 
 0.384880  0.560740  0.028867  0.025513 
 0.008053  0.513170  0.009392  0.469385 
 0.001347  0.993945  0.002020  0.002688 
 0.026187  0.033602  0.016142  0.924069 
 0.382722  0.047714  0.441291  0.128273 
 0.011413  0.302926  0.651421  0.034241 
 0.067140  0.100115  0.010742  0.822004 
 0.000000  0.000000  0.995962  0.004038 

MOTIF ARCH57_CArG 
letter-probability matrix: alength= 4 w= 12 nsites= 100 E= 0
 0.001000  0.997000  0.001000  0.001000 
 0.001000  0.997000  0.001000  0.001000 
 0.118000  0.763000  0.001000  0.118000 
 0.001000  0.001000  0.001000  0.997000 
 0.853000  0.145000  0.001000  0.001000 
 0.353000  0.001000  0.001000  0.645000 
 0.997000  0.001000  0.001000  0.001000 
 0.236000  0.001000  0.645000  0.118000 
 0.117000  0.001000  0.881000  0.001000 
 0.001000  0.001000  0.763000  0.235000 
 0.118000  0.001000  0.118000  0.763000 
 0.118000  0.001000  0.763000  0.118000 

MOTIF ARCH58_PB0181.1_Spdef_2 
letter-probability matrix: alength= 4 w= 10 nsites= 100 E= 0
 0.001000  0.001000  0.001000  0.997000 
 0.001000  0.926000  0.070000  0.003000 
 0.069000  0.929000  0.001000  0.001000 
 0.137000  0.066000  0.001000  0.796000 
 0.865000  0.001000  0.001000  0.133000 
 0.001000  0.001000  0.862000  0.136000 
 0.291000  0.001000  0.707000  0.001000 
 0.865000  0.001000  0.001000  0.133000 
 0.234000  0.162000  0.401000  0.204000 
 0.712000  0.150000  0.137000  0.001000 

MOTIF ARCH59_G3BP2 
letter-probability matrix: alength= 4 w= 10 nsites= 100 E= 0
 0.997000  0.001000  0.001000  0.001000 
 0.277000  0.001000  0.001000  0.721000 
 0.001000  0.997000  0.001000  0.001000 
 0.001000  0.997000  0.001000  0.001000 
 0.001000  0.001000  0.001000  0.997000 
 0.721000  0.001000  0.277000  0.001000 
 0.001000  0.001000  0.997000  0.001000 
 0.001000  0.997000  0.001000  0.001000 
 0.277000  0.721000  0.001000  0.001000 
 0.150000  0.001000  0.001000  0.848000 

MOTIF ARCH60 
letter-probability matrix: alength= 4 w= 7 nsites= 100 E= 0
 0.355131  0.056968  0.493976  0.093924 
 0.093601  0.741772  0.000763  0.163865 
 0.175713  0.018153  0.712551  0.093583 
 0.168006  0.019965  0.709103  0.102925 
 0.584591  0.000013  0.011599  0.403797 
 0.264398  0.053381  0.038377  0.643844 
 0.474444  0.095789  0.296529  0.133239 

MOTIF ARCH61_zf_C2H2_D19B 
letter-probability matrix: alength= 4 w= 9 nsites= 100 E= 0
 0.000000  0.000000  0.000000  1.000000 
 0.888889  0.000000  0.000000  0.111111 
 0.111111  0.888889  0.000000  0.000000 
 0.000000  1.000000  0.000000  0.000000 
 0.000000  1.000000  0.000000  0.000000 
 0.000000  0.000000  0.000000  1.000000 
 0.111111  0.000000  0.888889  0.000000 
 0.000000  0.222222  0.111111  0.666667 
 0.888889  0.000000  0.111111  0.000000 

MOTIF ARCH62_zf_C2H2_GTF3A 
letter-probability matrix: alength= 4 w= 9 nsites= 100 E= 0
 0.018000  0.890000  0.050000  0.042000 
 0.026000  0.002000  0.002000  0.970000 
 0.002000  0.938000  0.042000  0.018000 
 0.002000  0.962000  0.002000  0.034000 
 0.010000  0.978000  0.002000  0.010000 
 0.858000  0.018000  0.002000  0.122000 
 0.002000  0.010000  0.002000  0.986000 
 0.002000  0.962000  0.002000  0.034000 
 0.002000  0.954000  0.002000  0.042000 

MOTIF ARCH63_HOXD11 
letter-probability matrix: alength= 4 w= 12 nsites= 100 E= 0
 0.191000  0.095000  0.001000  0.713000 
 0.001000  0.001000  0.095000  0.903000 
 0.997000  0.001000  0.001000  0.001000 
 0.001000  0.001000  0.095000  0.903000 
 0.001000  0.997000  0.001000  0.001000 
 0.190000  0.001000  0.808000  0.001000 
 0.009000  0.105000  0.191000  0.695000 
 0.617000  0.191000  0.001000  0.191000 
 0.903000  0.001000  0.001000  0.095000 
 0.997000  0.001000  0.001000  0.001000 
 0.809000  0.001000  0.095000  0.095000 
 0.105000  0.105000  0.694000  0.096000 

MOTIF ARCH64_Nab2p 
letter-probability matrix: alength= 4 w= 10 nsites= 100 E= 0
 0.001000  0.060000  0.938000  0.001000 
 0.001000  0.061000  0.033000  0.905000 
 0.001000  0.877000  0.061000  0.061000 
 0.061000  0.705000  0.001000  0.233000 
 0.001000  0.001000  0.001000  0.997000 
 0.001000  0.061000  0.061000  0.877000 
 0.061000  0.061000  0.001000  0.877000 
 0.001000  0.060000  0.001000  0.938000 
 0.001000  0.060000  0.001000  0.938000 
 0.060000  0.001000  0.001000  0.938000 

MOTIF ARCH65_Tb_0220 
letter-probability matrix: alength= 4 w= 12 nsites= 100 E= 0
 0.201000  0.100000  0.698000  0.001000 
 0.992000  0.006000  0.001000  0.001000 
 0.795000  0.104000  0.097000  0.004000 
 0.001000  0.096000  0.001000  0.902000 
 0.001000  0.003000  0.609000  0.387000 
 0.097000  0.001000  0.200000  0.702000 
 0.100000  0.699000  0.001000  0.200000 
 0.001000  0.001000  0.001000  0.997000 
 0.097000  0.003000  0.097000  0.803000 
 0.001000  0.001000  0.096000  0.902000 
 0.097000  0.798000  0.004000  0.101000 
 0.001000  0.196000  0.001000  0.802000 

MOTIF ARCH66_cad 
letter-probability matrix: alength= 4 w= 12 nsites= 100 E= 0
 0.001000  0.001000  0.997000  0.001000 
 0.001000  0.001000  0.997000  0.001000 
 0.538000  0.460000  0.001000  0.001000 
 0.749000  0.001000  0.249000  0.001000 
 0.001000  0.001000  0.538000  0.460000 
 0.001000  0.230000  0.001000  0.768000 
 0.018000  0.001000  0.001000  0.980000 
 0.001000  0.001000  0.001000  0.997000 
 0.001000  0.230000  0.001000  0.768000 
 0.749000  0.249000  0.001000  0.001000 
 0.001000  0.001000  0.001000  0.997000 
 0.001000  0.001000  0.997000  0.001000 

MOTIF ARCH67_PB0032.1_IRC900814_1 
letter-probability matrix: alength= 4 w= 12 nsites= 100 E= 0
 0.700000  0.100000  0.100000  0.100000 
 0.100000  0.700000  0.100000  0.100000 
 0.700000  0.100000  0.100000  0.100000 
 0.700000  0.100000  0.100000  0.100000 
 0.100000  0.700000  0.100000  0.100000 
 0.100000  0.100000  0.700000  0.100000 
 0.700000  0.100000  0.100000  0.100000 
 0.700000  0.100000  0.100000  0.100000 
 0.700000  0.100000  0.100000  0.100000 
 0.700000  0.100000  0.100000  0.100000 
 0.700000  0.100000  0.100000  0.100000 
 0.100000  0.100000  0.100000  0.700000 

MOTIF ARCH68_AT 
letter-probability matrix: alength= 4 w= 12 nsites= 100 E= 0
 0.868000  0.001000  0.001000  0.130000 
 0.001000  0.001000  0.001000  0.997000 
 0.916000  0.001000  0.082000  0.001000 
 0.001000  0.001000  0.001000  0.997000 
 0.001000  0.001000  0.001000  0.997000 
 0.001000  0.001000  0.001000  0.997000 
 0.131000  0.737000  0.001000  0.131000 
 0.131000  0.001000  0.131000  0.737000 
 0.001000  0.001000  0.130000  0.868000 
 0.001000  0.001000  0.001000  0.997000 
 0.001000  0.997000  0.001000  0.001000 
 0.997000  0.001000  0.001000  0.001000 

MOTIF ARCH69_AT5G60130 
letter-probability matrix: alength= 4 w= 12 nsites= 100 E= 0
 0.001000  0.001000  0.001000  0.997000 
 0.186000  0.001000  0.001000  0.812000 
 0.001000  0.001000  0.001000  0.997000 
 0.001000  0.001000  0.812000  0.186000 
 0.001000  0.593000  0.390000  0.016000 
 0.186000  0.001000  0.001000  0.812000 
 0.202000  0.001000  0.796000  0.001000 
 0.997000  0.001000  0.001000  0.001000 
 0.812000  0.186000  0.001000  0.001000 
 0.997000  0.001000  0.001000  0.001000 
 0.374000  0.439000  0.001000  0.187000 
 0.997000  0.001000  0.001000  0.001000 

MOTIF ARCH70_Rhox11 
letter-probability matrix: alength= 4 w= 12 nsites= 100 E= 0
 0.223000  0.001000  0.001000  0.775000 
 0.001000  0.001000  0.997000  0.001000 
 0.001000  0.001000  0.001000  0.997000 
 0.001000  0.001000  0.001000  0.997000 
 0.001000  0.001000  0.001000  0.997000 
 0.149000  0.001000  0.074000  0.776000 
 0.997000  0.001000  0.001000  0.001000 
 0.001000  0.997000  0.001000  0.001000 
 0.924000  0.074000  0.001000  0.001000 
 0.001000  0.001000  0.997000  0.001000 
 0.001000  0.997000  0.001000  0.001000 
 0.001000  0.001000  0.997000  0.001000 

MOTIF ARCH71_SPL3 
letter-probability matrix: alength= 4 w= 8 nsites= 100 E= 0
 0.011000  0.097000  0.017000  0.875000 
 0.001000  0.001000  0.997000  0.001000 
 0.001000  0.001000  0.001000  0.997000 
 0.997000  0.001000  0.001000  0.001000 
 0.001000  0.997000  0.001000  0.001000 
 0.001000  0.001000  0.997000  0.001000 
 0.001000  0.001000  0.997000  0.001000 
 0.997000  0.001000  0.001000  0.001000 

MOTIF ARCH72_fkh-9 
letter-probability matrix: alength= 4 w= 12 nsites= 100 E= 0
 0.790000  0.001000  0.001000  0.208000 
 0.124000  0.209000  0.458000  0.209000 
 0.997000  0.001000  0.001000  0.001000 
 0.790000  0.001000  0.208000  0.001000 
 0.997000  0.001000  0.001000  0.001000 
 0.997000  0.001000  0.001000  0.001000 
 0.008000  0.990000  0.001000  0.001000 
 0.997000  0.001000  0.001000  0.001000 
 0.790000  0.208000  0.001000  0.001000 
 0.583000  0.208000  0.001000  0.208000 
 0.988000  0.001000  0.001000  0.010000 
 0.208000  0.135000  0.656000  0.001000 

MOTIF ARCH73_AT5G60130 
letter-probability matrix: alength= 4 w= 12 nsites= 100 E= 0
 0.001000  0.001000  0.997000  0.001000 
 0.001000  0.029000  0.001000  0.969000 
 0.001000  0.001000  0.001000  0.997000 
 0.001000  0.001000  0.001000  0.997000 
 0.089000  0.001000  0.455000  0.455000 
 0.001000  0.969000  0.001000  0.029000 
 0.001000  0.001000  0.543000  0.455000 
 0.001000  0.455000  0.001000  0.543000 
 0.997000  0.001000  0.001000  0.001000 
 0.001000  0.997000  0.001000  0.001000 
 0.997000  0.001000  0.001000  0.001000 
 0.997000  0.001000  0.001000  0.001000 

MOTIF ARCH74_islike_FOXL1_FOXC1 
letter-probability matrix: alength= 4 w= 6 nsites= 100 E= 0
 0.676798  0.098513  0.119930  0.104758 
 0.608196  0.284710  0.000247  0.106847 
 0.786392  0.093432  0.000247  0.119930 
 0.708551  0.093562  0.000247  0.197639 
 0.097010  0.499877  0.093432  0.309682 
 0.832678  0.024814  0.024814  0.117695 

MOTIF ARCH75_Homeodomains_Abd_B 
letter-probability matrix: alength= 4 w= 13 nsites= 100 E= 0
 0.096677  0.028701  0.117825  0.756798 
 0.000000  0.011765  0.005882  0.982353 
 0.021277  0.007737  0.001934  0.969052 
 0.333973  0.013436  0.024952  0.627639 
 0.963462  0.000000  0.015385  0.021154 
 0.007905  0.000000  0.001976  0.990119 
 0.011811  0.000000  0.986220  0.001969 
 0.101124  0.118914  0.310861  0.469101 
 0.105425  0.327533  0.512794  0.054248 
 0.057003  0.105863  0.021173  0.815961 
 0.075163  0.011438  0.094771  0.818627 
 0.072100  0.064263  0.078370  0.785266 
 0.123752  0.163673  0.091816  0.620758 

MOTIF ARCH76_zf_C2H2_ZNF396 
letter-probability matrix: alength= 4 w= 11 nsites= 100 E= 0
 0.213867  0.652344  0.122559  0.011230 
 0.000000  0.168156  0.000000  0.831844 
 0.000000  0.000000  1.000000  0.000000 
 0.000000  0.010628  0.000000  0.989372 
 0.158663  0.805085  0.028249  0.008004 
 0.004623  0.946833  0.046694  0.001849 
 0.511359  0.015402  0.277243  0.195995 
 0.897065  0.005694  0.006570  0.090670 
 0.962406  0.000000  0.000000  0.037594 
 0.971537  0.000000  0.000000  0.028463 
 0.507084  0.059111  0.209575  0.224231 

MOTIF ARCH77_Homeodomains_HOXD11 
letter-probability matrix: alength= 4 w= 14 nsites= 100 E= 0
 0.318516  0.109587  0.566902  0.004995 
 0.016991  0.034501  0.002988  0.945520 
 0.018124  0.945442  0.000000  0.036434 
 0.148220  0.000670  0.850039  0.001071 
 0.000249  0.006909  0.002312  0.990531 
 0.670189  0.011581  0.015654  0.302576 
 0.940293  0.000096  0.003729  0.055882 
 0.928025  0.042543  0.005463  0.023969 
 0.484163  0.161376  0.122198  0.232263 
 0.209271  0.326435  0.211915  0.252379 
 0.164020  0.068033  0.294785  0.473161 
 0.179172  0.037695  0.062430  0.720703 
 0.396474  0.031588  0.062152  0.509786 
 0.750262  0.011953  0.039768  0.198017 

MOTIF ARCH78_Forkhead_FoxP 
letter-probability matrix: alength= 4 w= 14 nsites= 100 E= 0
 0.590909  0.181818  0.227273  0.000000 
 0.545455  0.136364  0.181818  0.136364 
 0.363636  0.136364  0.363636  0.136364 
 0.454545  0.227273  0.272727  0.045455 
 0.090909  0.363636  0.272727  0.272727 
 0.045455  0.409091  0.181818  0.363636 
 0.909091  0.000000  0.090909  0.000000 
 1.000000  0.000000  0.000000  0.000000 
 1.000000  0.000000  0.000000  0.000000 
 1.000000  0.000000  0.000000  0.000000 
 1.000000  0.000000  0.000000  0.000000 
 1.000000  0.000000  0.000000  0.000000 
 1.000000  0.000000  0.000000  0.000000 
 0.181818  0.045455  0.181818  0.590909 

MOTIF ARCH79_Myb_CG6276 
letter-probability matrix: alength= 4 w= 13 nsites= 100 E= 0
 0.266667  0.533333  0.200000  0.000000 
 0.000000  0.812500  0.000000  0.187500 
 0.875000  0.000000  0.062500  0.062500 
 0.000000  0.062500  0.000000  0.937500 
 0.500000  0.312500  0.000000  0.187500 
 0.937500  0.000000  0.062500  0.000000 
 0.625000  0.000000  0.062500  0.312500 
 0.937500  0.062500  0.000000  0.000000 
 0.000000  0.812500  0.000000  0.187500 
 0.500000  0.000000  0.187500  0.312500 
