>KMKATAASWY	1-GCGATAAGAC,BestGuess:srp	11.0050875923803
0.032	0.016	0.648	0.304
0.284	0.560	0.079	0.077
0.016	0.002	0.688	0.294
0.795	0.079	0.047	0.079
0.244	0.016	0.176	0.564
0.665	0.079	0.240	0.016
0.889	0.047	0.032	0.032
0.001	0.364	0.577	0.058
0.570	0.100	0.016	0.314
0.032	0.648	0.016	0.304
>	TRPS1__M04864_2.00__M04866_2.00	14.665217684925
0.635	0.108	0.000	0.257
0.006	0.006	0.983	0.005
0.985	0.004	0.005	0.005
0.002	0.006	0.002	0.990
0.937	0.009	0.007	0.047
0.953	0.010	0.036	0.001
0.086	0.292	0.602	0.020
0.815	0.092	0.080	0.014
0.098	0.096	0.100	0.705
0.124	0.698	0.108	0.070
0.293	0.012	0.095	0.599
>WNTGATAAGA	ELT-3	12.8306648973267
0.537	0.012	0.172	0.279
0.381	0.121	0.189	0.309
0.150	0.008	0.002	0.840
0.001	0.001	0.997	0.001
0.997	0.001	0.001	0.001
0.001	0.009	0.001	0.989
0.969	0.001	0.021	0.009
0.870	0.007	0.019	0.104
0.114	0.190	0.664	0.032
0.713	0.074	0.138	0.075
>AGATGNNNAGATAR	GATA3	16.9253927579528
0.817	0.001	0.001	0.181
0.001	0.001	0.997	0.001
0.981	0.017	0.001	0.001
0.001	0.001	0.001	0.997
0.027	0.245	0.538	0.190
0.227	0.145	0.246	0.382
0.301	0.127	0.336	0.236
0.227	0.200	0.382	0.190
0.836	0.001	0.001	0.162
0.001	0.001	0.997	0.001
0.997	0.001	0.001	0.001
0.001	0.001	0.001	0.997
0.872	0.001	0.001	0.126
0.637	0.001	0.272	0.090
>CTTWTNWTTATA	22-CTTATCATTATA,BestGuess:PB0198.1_Zfp128_2	14.7956402166879
0.001	0.783	0.215	0.001
0.216	0.108	0.001	0.675
0.001	0.107	0.001	0.891
0.567	0.001	0.108	0.324
0.108	0.108	0.001	0.783
0.216	0.451	0.108	0.225
0.675	0.001	0.001	0.323
0.116	0.001	0.001	0.882
0.216	0.108	0.108	0.568
0.783	0.001	0.001	0.215
0.001	0.001	0.001	0.997
0.997	0.001	0.001	0.001
>GATAAS	M03758_2.00	8.795722525733
0.002	0.008	0.988	0.002
0.997	0.000	0.000	0.003
0.000	0.000	0.000	1.000
0.983	0.009	0.000	0.009
0.939	0.058	0.000	0.003
0.077	0.273	0.572	0.078
>GATAAGATAAS	M03757_2.00	15.5444726248077
0.000	0.086	0.914	0.000
0.865	0.009	0.072	0.054
0.014	0.083	0.018	0.885
0.941	0.000	0.010	0.049
1.000	0.000	0.000	0.000
0.000	0.000	1.000	0.000
0.946	0.000	0.044	0.010
0.005	0.000	0.005	0.990
0.865	0.032	0.018	0.086
0.706	0.081	0.088	0.125
0.078	0.394	0.486	0.041
>CTNAGTRATC	8-CTBAGTGATC,BestGuess:GATA15	11.5444214797306
0.128	0.680	0.001	0.191
0.171	0.128	0.106	0.595
0.065	0.322	0.364	0.249
0.606	0.064	0.130	0.200
0.206	0.170	0.623	0.001
0.078	0.001	0.001	0.920
0.256	0.001	0.558	0.185
0.997	0.001	0.001	0.001
0.001	0.001	0.001	0.997
0.001	0.805	0.193	0.001
>TCATAGACCA	7-TCATAGACCA,BestGuess:NFYB	14.7690829107977
0.001	0.129	0.001	0.869
0.100	0.686	0.130	0.084
0.997	0.001	0.001	0.001
0.001	0.001	0.001	0.997
0.803	0.001	0.001	0.195
0.001	0.001	0.997	0.001
0.770	0.001	0.129	0.100
0.001	0.997	0.001	0.001
0.001	0.997	0.001	0.001
0.997	0.001	0.001	0.001
>RAMWYATTSMT	22-AAMTCATTGMTC,BestGuess:ATHB20	13.5495941110868
0.581	0.001	0.417	0.001
0.997	0.001	0.001	0.001
0.496	0.483	0.019	0.001
0.251	0.001	0.010	0.738
0.001	0.604	0.126	0.269
0.997	0.001	0.001	0.001
0.008	0.001	0.001	0.990
0.001	0.115	0.001	0.883
0.001	0.358	0.640	0.001
0.475	0.523	0.001	0.001
0.135	0.001	0.001	0.863
>TGACTATCGA	7-TGACTATCGA,BestGuess:pnr	13.2299968845305
0.197	0.147	0.001	0.655
0.099	0.076	0.776	0.049
0.996	0.001	0.001	0.002
0.168	0.679	0.052	0.101
0.098	0.001	0.197	0.704
0.702	0.001	0.197	0.100
0.038	0.001	0.049	0.912
0.001	0.776	0.174	0.049
0.083	0.049	0.816	0.052
0.997	0.001	0.001	0.001
>CATAATCGTC	5-CATAATCGTC,BestGuess:ems	14.8723473506359
0.001	0.997	0.001	0.001
0.997	0.001	0.001	0.001
0.001	0.001	0.142	0.856
0.856	0.001	0.001	0.142
0.856	0.142	0.001	0.001
0.001	0.001	0.001	0.997
0.001	0.997	0.001	0.001
0.142	0.001	0.856	0.001
0.001	0.142	0.001	0.856
0.142	0.856	0.001	0.001
>TGCCTATTGT	2-TGCCTATTGT,BestGuess:SRS7	13.0874301066423
0.001	0.237	0.001	0.761
0.237	0.001	0.761	0.001
0.237	0.761	0.001	0.001
0.001	0.997	0.001	0.001
0.001	0.001	0.001	0.997
0.952	0.001	0.046	0.001
0.001	0.001	0.001	0.997
0.001	0.237	0.001	0.761
0.238	0.238	0.523	0.001
0.238	0.238	0.001	0.523
>CTTAGAKCGC	9-CTTAGATCGC,BestGuess:pan	14.4819217980559
0.001	0.997	0.001	0.001
0.001	0.001	0.001	0.997
0.001	0.154	0.001	0.844
0.844	0.001	0.001	0.154
0.154	0.001	0.844	0.001
0.997	0.001	0.001	0.001
0.001	0.001	0.308	0.690
0.001	0.796	0.179	0.024
0.001	0.001	0.997	0.001
0.154	0.844	0.001	0.001
>CGAAATGGTA	10-CGAAATGGTA,BestGuess:AT2G31460	14.3008106792775
0.001	0.893	0.001	0.105
0.001	0.105	0.893	0.001
0.893	0.001	0.001	0.105
0.997	0.001	0.001	0.001
0.997	0.001	0.001	0.001
0.001	0.001	0.001	0.997
0.001	0.105	0.893	0.001
0.211	0.001	0.577	0.211
0.001	0.122	0.122	0.755
0.893	0.105	0.001	0.001
>GWYYATTAGHAG	6-GTCCATTAGHAG,BestGuess:Isl1	16.5551787565684
0.001	0.001	0.997	0.001
0.400	0.001	0.001	0.598
0.001	0.674	0.001	0.324
0.001	0.699	0.001	0.299
0.997	0.001	0.001	0.001
0.024	0.001	0.001	0.974
0.001	0.001	0.024	0.974
0.997	0.001	0.001	0.001
0.001	0.001	0.997	0.001
0.299	0.299	0.001	0.400
0.997	0.001	0.001	0.001
0.001	0.001	0.997	0.001
>CTTCAAATGA	8-CTTCAAATGA,BestGuess:gl	13.3296648816333
0.066	0.828	0.035	0.071
0.084	0.054	0.075	0.787
0.054	0.035	0.075	0.836
0.089	0.728	0.071	0.112
0.855	0.063	0.021	0.061
0.806	0.089	0.042	0.063
0.830	0.028	0.073	0.069
0.057	0.094	0.054	0.795
0.102	0.075	0.727	0.096
0.813	0.049	0.070	0.068
>GCCATTHAARMT	1-GCCATTCAARCT,BestGuess:pho	15.4936527266973
0.087	0.001	0.911	0.001
0.088	0.823	0.001	0.088
0.194	0.717	0.088	0.001
0.997	0.001	0.001	0.001
0.001	0.001	0.001	0.997
0.001	0.001	0.001	0.997
0.282	0.451	0.001	0.266
0.823	0.088	0.001	0.088
0.911	0.001	0.001	0.087
0.361	0.001	0.462	0.176
0.273	0.725	0.001	0.001
0.176	0.097	0.001	0.726
>ATCMTWTGYG	3-ATCATTTGTG,BestGuess:twi	14.5090151508439
0.997	0.001	0.001	0.001
0.001	0.001	0.001	0.997
0.001	0.997	0.001	0.001
0.640	0.358	0.001	0.001
0.001	0.001	0.001	0.997
0.358	0.001	0.001	0.640
0.001	0.001	0.001	0.997
0.001	0.001	0.997	0.001
0.001	0.281	0.001	0.717
0.001	0.001	0.997	0.001
>ATAWYCYNYAYR	7-ATAWYCTSTAYA,BestGuess:KAN2	12.6367223637921
0.997	0.001	0.001	0.001
0.071	0.075	0.069	0.785
0.930	0.001	0.068	0.001
0.434	0.001	0.069	0.497
0.072	0.420	0.002	0.506
0.148	0.564	0.217	0.071
0.002	0.356	0.001	0.641
0.073	0.358	0.360	0.209
0.001	0.422	0.001	0.576
0.857	0.069	0.001	0.073
0.001	0.431	0.146	0.422
0.710	0.001	0.287	0.002
>CATYYCTAYT	9-CATCYCTACT,BestGuess:Unknown2	13.2535120022143
0.001	0.997	0.001	0.001
0.900	0.011	0.001	0.088
0.088	0.088	0.001	0.823
0.001	0.677	0.011	0.311
0.081	0.437	0.081	0.402
0.010	0.988	0.001	0.001
0.001	0.166	0.088	0.745
0.997	0.001	0.001	0.001
0.001	0.678	0.001	0.320
0.011	0.088	0.001	0.900
>RKWATAGATACC	3-GGAATAGATACC,BestGuess:PH0166.1_Six6_2	15.0478970945047
0.292	0.001	0.610	0.097
0.013	0.001	0.694	0.292
0.609	0.001	0.001	0.389
0.707	0.097	0.001	0.195
0.097	0.001	0.097	0.805
0.709	0.097	0.097	0.097
0.001	0.096	0.902	0.001
0.902	0.001	0.001	0.096
0.001	0.097	0.097	0.805
0.805	0.001	0.097	0.097
0.097	0.709	0.097	0.097
0.097	0.805	0.097	0.001
>CAGCAGTGGNCA	8-CAGCAGTGGGCA,BestGuess:BORIS	16.5887648120688
0.001	0.997	0.001	0.001
0.874	0.001	0.124	0.001
0.125	0.125	0.625	0.125
0.001	0.997	0.001	0.001
0.749	0.125	0.001	0.125
0.001	0.001	0.997	0.001
0.001	0.001	0.001	0.997
0.001	0.001	0.749	0.249
0.124	0.001	0.874	0.001
0.125	0.250	0.500	0.125
0.001	0.997	0.001	0.001
0.874	0.001	0.124	0.001
>GTGAGCAGGTGC	23-GTGAGCAGGTGC,BestGuess:Slug	16.4924429485518
0.227	0.022	0.750	0.001
0.022	0.001	0.227	0.750
0.226	0.001	0.772	0.001
0.545	0.227	0.227	0.001
0.022	0.227	0.750	0.001
0.001	0.997	0.001	0.001
0.997	0.001	0.001	0.001
0.001	0.001	0.997	0.001
0.001	0.001	0.997	0.001
0.001	0.001	0.001	0.997
0.226	0.001	0.772	0.001
0.001	0.772	0.001	0.226
>GGCACATGCC	6-GGCACATGCC,BestGuess:BHLH104	13.2918146008128
0.066	0.033	0.835	0.066
0.051	0.100	0.815	0.034
0.065	0.759	0.064	0.112
0.808	0.096	0.048	0.048
0.047	0.857	0.095	0.001
0.747	0.111	0.001	0.141
0.095	0.048	0.032	0.825
0.111	0.082	0.758	0.049
0.143	0.757	0.034	0.066
0.052	0.824	0.096	0.028
>CCCTAWAGGGTG	9-CCCTATAGGGTG,BestGuess:CArG	16.5035720906397
0.001	0.997	0.001	0.001
0.001	0.997	0.001	0.001
0.118	0.763	0.001	0.118
0.001	0.001	0.001	0.997
0.853	0.145	0.001	0.001
0.353	0.001	0.001	0.645
0.997	0.001	0.001	0.001
0.236	0.001	0.645	0.118
0.117	0.001	0.881	0.001
0.001	0.001	0.763	0.235
0.118	0.001	0.118	0.763
0.118	0.001	0.763	0.118
>MACWGRCCMGMC	17-MACWGRCCMGMC,BestGuess:PB0151.1_Myf6_2	15.0819427086783
0.535	0.463	0.001	0.001
0.997	0.001	0.001	0.001
0.001	0.997	0.001	0.001
0.463	0.001	0.001	0.535
0.001	0.001	0.997	0.001
0.564	0.001	0.434	0.001
0.001	0.856	0.001	0.142
0.001	0.997	0.001	0.001
0.428	0.428	0.144	0.001
0.001	0.001	0.997	0.001
0.427	0.571	0.001	0.001
0.001	0.864	0.134	0.001
>TCCTAGRANA	10-TCCTAGGAGA,BestGuess:PB0181.1_Spdef_2	13.1682589648174
0.001	0.001	0.001	0.997
0.001	0.926	0.070	0.003
0.069	0.929	0.001	0.001
0.137	0.066	0.001	0.796
0.865	0.001	0.001	0.133
0.001	0.001	0.862	0.136
0.291	0.001	0.707	0.001
0.865	0.001	0.001	0.133
0.234	0.162	0.401	0.204
0.712	0.150	0.137	0.001
>AWCCTRGCMT	23-ATCCTAGCCT,BestGuess:G3BP2	14.5928325661902
0.997	0.001	0.001	0.001
0.277	0.001	0.001	0.721
0.001	0.997	0.001	0.001
0.001	0.997	0.001	0.001
0.001	0.001	0.001	0.997
0.721	0.001	0.277	0.001
0.001	0.001	0.997	0.001
0.001	0.997	0.001	0.001
0.277	0.721	0.001	0.001
0.150	0.001	0.001	0.848
>AMCANYYTASKY	16-AMCAGYCTASGC,BestGuess:WRKY17	11.3246774189336
0.749	0.174	0.076	0.001
0.375	0.500	0.124	0.001
0.173	0.627	0.199	0.001
0.850	0.148	0.001	0.001
0.174	0.200	0.399	0.227
0.150	0.376	0.100	0.375
0.001	0.625	0.099	0.275
0.174	0.149	0.125	0.552
0.824	0.001	0.174	0.001
0.075	0.450	0.475	0.001
0.001	0.151	0.549	0.299
0.150	0.524	0.051	0.275
>TTATCGTAAAAG	10-TTATCGTAAAAG,BestGuess:HOXD11	16.4187578481057
0.191	0.095	0.001	0.713
0.001	0.001	0.095	0.903
0.997	0.001	0.001	0.001
0.001	0.001	0.095	0.903
0.001	0.997	0.001	0.001
0.190	0.001	0.808	0.001
0.009	0.105	0.191	0.695
0.617	0.191	0.001	0.191
0.903	0.001	0.001	0.095
0.997	0.001	0.001	0.001
0.809	0.001	0.095	0.095
0.105	0.105	0.694	0.096
>	M04731_2.00__M04734_2.00__M04781_2.00__M04797_2.00	15.2838863919037
0.105	0.126	0.071	0.698
0.044	0.940	0.000	0.017
0.004	0.000	0.995	0.001
0.015	0.004	0.119	0.861
0.980	0.004	0.008	0.008
0.965	0.014	0.008	0.013
0.955	0.002	0.035	0.008
0.001	0.067	0.029	0.903
0.111	0.161	0.704	0.024
0.086	0.782	0.055	0.077
0.532	0.164	0.136	0.168
>RTCGTAA	M05250_2.00	9.07006079645475
0.344	0.079	0.577	0.000
0.029	0.229	0.004	0.738
0.000	0.864	0.008	0.128
0.142	0.000	0.858	0.000
0.000	0.000	0.000	1.000
0.794	0.047	0.008	0.152
0.660	0.137	0.008	0.195
>AGTCTACGCA	12-AGTCTACGCA,BestGuess:ZSCAN29	14.8314433684024
0.918	0.080	0.001	0.001
0.001	0.001	0.884	0.114
0.001	0.001	0.114	0.884
0.001	0.884	0.114	0.001
0.115	0.115	0.001	0.769
0.997	0.001	0.001	0.001
0.001	0.884	0.001	0.114
0.001	0.001	0.997	0.001
0.001	0.997	0.001	0.001
0.884	0.001	0.001	0.114
>AAGYACWCGCTS	6-AAGCACACGCTC,BestGuess:Tp_0225	16.5109802384193
0.997	0.001	0.001	0.001
0.844	0.154	0.001	0.001
0.154	0.154	0.691	0.001
0.001	0.690	0.001	0.308
0.984	0.001	0.001	0.014
0.154	0.844	0.001	0.001
0.676	0.001	0.014	0.309
0.001	0.984	0.001	0.014
0.001	0.001	0.997	0.001
0.001	0.844	0.154	0.001
0.014	0.001	0.001	0.984
0.001	0.536	0.309	0.154
>TATGYSCAYATG	4-TATGYGCATATG,BestGuess:PB0104.1_Zscan4_1	15.3358636696118
0.163	0.001	0.001	0.835
0.841	0.001	0.157	0.001
0.001	0.001	0.001	0.997
0.001	0.001	0.801	0.197
0.001	0.485	0.001	0.513
0.001	0.316	0.480	0.203
0.001	0.997	0.001	0.001
0.997	0.001	0.001	0.001
0.158	0.315	0.001	0.526
0.841	0.001	0.157	0.001
0.001	0.001	0.001	0.997
0.159	0.046	0.637	0.158
>TGTGGGCAAACT	19-TGTGGGCAAACT,BestGuess:ZNF75D	14.1716624397037
0.100	0.100	0.100	0.700
0.100	0.100	0.700	0.100
0.100	0.100	0.100	0.700
0.100	0.100	0.700	0.100
0.100	0.100	0.700	0.100
0.100	0.100	0.700	0.100
0.100	0.700	0.100	0.100
0.700	0.100	0.100	0.100
0.700	0.100	0.100	0.100
0.700	0.100	0.100	0.100
0.100	0.700	0.100	0.100
0.100	0.100	0.100	0.700
>TYGKGYGCRHTS	2-TTGTGCGCAHTG,BestGuess:RCS1	15.7101846126584
0.001	0.001	0.001	0.997
0.001	0.312	0.001	0.686
0.001	0.001	0.997	0.001
0.001	0.061	0.313	0.625
0.001	0.001	0.997	0.001
0.001	0.686	0.001	0.312
0.001	0.001	0.997	0.001
0.001	0.968	0.001	0.030
0.686	0.001	0.312	0.001
0.313	0.313	0.001	0.374
0.001	0.001	0.001	0.997
0.001	0.312	0.686	0.001
>WAGATTCATWWG	12-WAGATTCATAWG,BestGuess:TEIL	16.3905616252769
0.552	0.001	0.001	0.446
0.997	0.001	0.001	0.001
0.001	0.001	0.997	0.001
0.997	0.001	0.001	0.001
0.001	0.001	0.223	0.775
0.223	0.223	0.001	0.553
0.001	0.997	0.001	0.001
0.997	0.001	0.001	0.001
0.001	0.001	0.001	0.997
0.722	0.001	0.001	0.276
0.552	0.001	0.001	0.446
0.001	0.001	0.997	0.001
>TATAATAGCATG	16-TATAATAGCATG,BestGuess:GAT3	16.5196144420847
0.097	0.001	0.049	0.853
0.804	0.049	0.001	0.146
0.049	0.146	0.001	0.804
0.853	0.001	0.049	0.097
0.901	0.001	0.001	0.097
0.001	0.049	0.049	0.901
0.804	0.001	0.146	0.049
0.098	0.098	0.706	0.098
0.049	0.853	0.049	0.049
0.894	0.049	0.008	0.049
0.146	0.001	0.001	0.852
0.049	0.049	0.797	0.105
>TGGRTATTTT	20-TGGGTATTTT,BestGuess:Unknown4	14.6430322317471
0.001	0.001	0.001	0.997
0.001	0.001	0.920	0.078
0.111	0.001	0.887	0.001
0.262	0.001	0.659	0.078
0.001	0.001	0.001	0.997
0.887	0.001	0.001	0.111
0.129	0.001	0.001	0.869
0.001	0.001	0.001	0.997
0.111	0.001	0.001	0.887
0.001	0.001	0.111	0.887
>AAGTGTATTTTG	1-AAGTGTATTTTG,BestGuess:MAL13P1.35	16.4846309438611
0.892	0.001	0.001	0.106
0.785	0.001	0.001	0.213
0.001	0.001	0.892	0.106
0.001	0.106	0.001	0.892
0.214	0.001	0.672	0.113
0.106	0.001	0.001	0.892
0.774	0.107	0.006	0.113
0.001	0.001	0.001	0.997
0.107	0.107	0.001	0.785
0.214	0.001	0.214	0.571
0.001	0.006	0.113	0.880
0.001	0.001	0.997	0.001
>GATGAAWATA	14-GATGAATATA,BestGuess:Pit1	14.7290813315291
0.001	0.001	0.997	0.001
0.997	0.001	0.001	0.001
0.001	0.001	0.001	0.997
0.001	0.001	0.997	0.001
0.793	0.103	0.001	0.103
0.793	0.103	0.103	0.001
0.380	0.001	0.001	0.618
0.997	0.001	0.001	0.001
0.001	0.001	0.001	0.997
0.896	0.001	0.102	0.001
>RAATACTCATCT	8-RAATACTCATCT,BestGuess:Brn2	17.0975730543048
0.479	0.001	0.491	0.029
0.997	0.001	0.001	0.001
0.997	0.001	0.001	0.001
0.001	0.001	0.001	0.997
0.997	0.001	0.001	0.001
0.001	0.774	0.001	0.224
0.224	0.001	0.001	0.774
0.001	0.997	0.001	0.001
0.969	0.001	0.001	0.029
0.224	0.001	0.001	0.774
0.001	0.774	0.001	0.224
0.001	0.001	0.001	0.997
>AATATTW	M00116_2.00	10.2385442393259
0.929	0.024	0.024	0.024
1.000	0.000	0.000	0.000
0.000	0.000	0.000	1.000
1.000	0.000	0.000	0.000
0.000	0.000	0.000	1.000
0.000	0.097	0.000	0.902
0.542	0.051	0.150	0.257
>WWTYAMAT	M00256_2.00	9.07454024365273
0.570	0.080	0.080	0.270
0.694	0.000	0.000	0.305
0.000	0.000	0.000	0.999
0.106	0.509	0.000	0.385
0.928	0.024	0.024	0.024
0.257	0.553	0.047	0.143
0.715	0.095	0.095	0.095
0.214	0.119	0.119	0.548
>GGATTAGCTT	13-GGATTAGCTT,BestGuess:DPRX	13.2060926048279
0.132	0.001	0.682	0.185
0.093	0.028	0.823	0.056
0.809	0.029	0.001	0.161
0.028	0.029	0.057	0.886
0.001	0.001	0.001	0.997
0.657	0.028	0.080	0.235
0.056	0.001	0.753	0.190
0.136	0.690	0.076	0.098
0.085	0.001	0.028	0.886
0.001	0.140	0.043	0.816
>TKGATTAGCGCT	22-TKGATTAGCGCT,BestGuess:prd	16.4581009078764
0.185	0.001	0.185	0.629
0.185	0.001	0.407	0.407
0.001	0.001	0.997	0.001
0.997	0.001	0.001	0.001
0.001	0.001	0.001	0.997
0.001	0.001	0.001	0.997
0.814	0.001	0.001	0.184
0.001	0.001	0.814	0.184
0.001	0.997	0.001	0.001
0.001	0.185	0.592	0.222
0.001	0.997	0.001	0.001
0.001	0.001	0.001	0.997
>YTAATCC	M02144_2.00	10.3654002231779
0.099	0.289	0.099	0.513
0.000	0.000	0.000	1.000
1.000	0.000	0.000	0.000
1.000	0.000	0.000	0.000
0.000	0.000	0.000	1.000
0.000	1.000	0.000	0.000
0.000	1.000	0.000	0.000
>YTAATCC	M00273_2.00	10.0170739741824
0.049	0.460	0.049	0.442
0.000	0.000	0.000	0.999
0.999	0.000	0.000	0.000
0.999	0.000	0.000	0.000
0.000	0.000	0.000	0.999
0.104	0.895	0.000	0.000
0.026	0.921	0.026	0.026
>RGATAATCY	M03238_2.00	11.7069479479089
0.291	0.109	0.521	0.078
0.070	0.070	0.787	0.072
0.666	0.186	0.040	0.108
0.000	0.009	0.004	0.987
0.830	0.084	0.086	0.000
0.987	0.013	0.000	0.000
0.012	0.002	0.066	0.920
0.080	0.854	0.035	0.032
0.061	0.593	0.080	0.266
>CGTTAATCC	M03844_2.00	12.0983301143344
0.071	0.709	0.026	0.194
0.092	0.169	0.719	0.020
0.215	0.198	0.076	0.511
0.031	0.007	0.000	0.962
0.939	0.007	0.043	0.011
0.994	0.002	0.000	0.003
0.007	0.002	0.140	0.850
0.034	0.896	0.036	0.034
0.023	0.816	0.038	0.124
>	M05388_2.00__M05389_2.00	12.1117267810355
0.638	0.107	0.163	0.092
0.069	0.070	0.828	0.032
0.714	0.253	0.006	0.027
0.000	0.000	0.000	1.000
0.665	0.146	0.096	0.094
1.000	0.000	0.000	0.000
0.000	0.000	0.019	0.981
0.103	0.859	0.013	0.025
0.021	0.651	0.032	0.295
>RYARAAATCTCT	1-ACAGAAATCTCT,BestGuess:LCL1	16.0916855051595
0.595	0.118	0.286	0.001
0.001	0.500	0.213	0.286
0.903	0.001	0.095	0.001
0.286	0.001	0.522	0.191
0.997	0.001	0.001	0.001
0.997	0.001	0.001	0.001
0.903	0.095	0.001	0.001
0.001	0.001	0.001	0.997
0.001	0.808	0.001	0.190
0.001	0.095	0.001	0.903
0.001	0.997	0.001	0.001
0.190	0.001	0.001	0.808
>GAATKTCTTTCT	2-GAATGTCTTTCT,BestGuess:Tb_0220	16.0154085860042
0.201	0.100	0.698	0.001
0.992	0.006	0.001	0.001
0.795	0.104	0.097	0.004
0.001	0.096	0.001	0.902
0.001	0.003	0.609	0.387
0.097	0.001	0.200	0.702
0.100	0.699	0.001	0.200
0.001	0.001	0.001	0.997
0.097	0.003	0.097	0.803
0.001	0.001	0.096	0.902
0.097	0.798	0.004	0.101
0.001	0.196	0.001	0.802
>	8-CGAAAATTTTCC,BestGuess:SFP1__SFP1	14.4164868023929
0.365	0.020	0.580	0.034
0.744	0.022	0.232	0.001
0.809	0.026	0.150	0.016
0.849	0.149	0.001	0.001
0.822	0.026	0.005	0.147
0.181	0.004	0.011	0.803
0.009	0.001	0.009	0.982
0.001	0.001	0.001	0.997
0.001	0.001	0.031	0.967
0.001	0.515	0.030	0.455
0.107	0.665	0.085	0.143
>ATATTTCTTTCA	11-ATATTTCTTTCA,BestGuess:AT	17.9871623137953
0.868	0.001	0.001	0.130
0.001	0.001	0.001	0.997
0.916	0.001	0.082	0.001
0.001	0.001	0.001	0.997
0.001	0.001	0.001	0.997
0.001	0.001	0.001	0.997
0.131	0.737	0.001	0.131
0.131	0.001	0.131	0.737
0.001	0.001	0.130	0.868
0.001	0.001	0.001	0.997
0.001	0.997	0.001	0.001
0.997	0.001	0.001	0.001
>RGMATMW	At3g24120	8.04043478905723
0.532	0.167	0.300	0.001
0.001	0.001	0.997	0.001
0.444	0.510	0.001	0.045
0.997	0.001	0.001	0.001
0.001	0.020	0.001	0.978
0.509	0.489	0.001	0.001
0.432	0.069	0.001	0.499
>WDRGAATNTW	AT2G38300	11.7213368568804
0.575	0.060	0.070	0.295
0.346	0.082	0.270	0.302
0.522	0.001	0.476	0.001
0.001	0.001	0.997	0.001
0.997	0.001	0.001	0.001
0.997	0.001	0.001	0.001
0.001	0.001	0.001	0.997
0.268	0.058	0.430	0.244
0.145	0.001	0.001	0.853
0.282	0.001	0.039	0.678
>AAGATAACGT	14-AAGATAACGT,BestGuess:GATA3	14.8045668481304
0.936	0.062	0.001	0.001
0.936	0.001	0.001	0.062
0.001	0.062	0.936	0.001
0.936	0.001	0.062	0.001
0.001	0.001	0.001	0.997
0.929	0.001	0.069	0.001
0.875	0.062	0.001	0.062
0.033	0.904	0.001	0.062
0.062	0.144	0.793	0.001
0.063	0.063	0.063	0.811
>ACCGTKAGAC	15-ACCGTTAGAC,BestGuess:OVOL2	14.7161913971473
0.879	0.001	0.001	0.119
0.120	0.759	0.001	0.120
0.001	0.997	0.001	0.001
0.001	0.001	0.997	0.001
0.001	0.119	0.001	0.879
0.001	0.120	0.278	0.601
0.997	0.001	0.001	0.001
0.001	0.001	0.997	0.001
0.997	0.001	0.001	0.001
0.001	0.997	0.001	0.001
>TTCCNNAGAA	STAT6	12.521293607784
0.005	0.007	0.003	0.985
0.005	0.004	0.005	0.986
0.006	0.963	0.005	0.026
0.021	0.824	0.005	0.150
0.165	0.188	0.270	0.376
0.237	0.274	0.222	0.267
0.758	0.007	0.199	0.036
0.005	0.008	0.983	0.004
0.977	0.006	0.008	0.009
0.984	0.007	0.004	0.005
>SCTCCMATCAS	14-GCTCCAATCACH,BestGuess:NFYC	15.922275046662
0.001	0.423	0.575	0.001
0.001	0.997	0.001	0.001
0.067	0.001	0.001	0.931
0.001	0.997	0.001	0.001
0.001	0.997	0.001	0.001
0.711	0.287	0.001	0.001
0.997	0.001	0.001	0.001
0.001	0.001	0.001	0.997
0.033	0.965	0.001	0.001
0.997	0.001	0.001	0.001
0.001	0.677	0.321	0.001
>GGTGGATTGGTG	23-GGTGGATTGGTG,BestGuess:Foxh1	18.5150731162896
0.001	0.001	0.997	0.001
0.052	0.001	0.895	0.052
0.001	0.001	0.001	0.997
0.052	0.001	0.946	0.001
0.157	0.001	0.841	0.001
0.997	0.001	0.001	0.001
0.001	0.001	0.001	0.997
0.001	0.001	0.001	0.997
0.001	0.001	0.997	0.001
0.001	0.001	0.997	0.001
0.001	0.001	0.001	0.997
0.001	0.052	0.842	0.105
>GTGAYTGGTTAG	9-GTGATTGGTTAG,BestGuess:NFYC	17.02840825858
0.001	0.001	0.997	0.001
0.001	0.001	0.001	0.997
0.001	0.001	0.769	0.229
0.997	0.001	0.001	0.001
0.001	0.309	0.001	0.689
0.001	0.024	0.230	0.745
0.001	0.001	0.997	0.001
0.001	0.001	0.997	0.001
0.230	0.001	0.230	0.539
0.001	0.001	0.229	0.769
0.997	0.001	0.001	0.001
0.001	0.001	0.997	0.001
>GTCCTTTTTT	16-GTCCTTTTTT,BestGuess:Nab2p	14.6849362677157
0.001	0.060	0.938	0.001
0.001	0.061	0.033	0.905
0.001	0.877	0.061	0.061
0.061	0.705	0.001	0.233
0.001	0.001	0.001	0.997
0.001	0.061	0.061	0.877
0.061	0.061	0.001	0.877
0.001	0.060	0.001	0.938
0.001	0.060	0.001	0.938
0.060	0.001	0.001	0.938
>RATCARAAGATA	20-GATCAGAAGATA,BestGuess:Sf3b4	16.4594475758174
0.323	0.001	0.675	0.001
0.997	0.001	0.001	0.001
0.154	0.154	0.001	0.691
0.014	0.984	0.001	0.001
0.997	0.001	0.001	0.001
0.309	0.169	0.521	0.001
0.984	0.014	0.001	0.001
0.997	0.001	0.001	0.001
0.001	0.001	0.997	0.001
0.691	0.154	0.001	0.154
0.154	0.154	0.001	0.691
0.844	0.001	0.154	0.001
>ACAGAAGAAGAA	15-ACAGAAGAAGAA,BestGuess:TRA2	15.0838330344625
0.798	0.067	0.074	0.061
0.142	0.649	0.101	0.108
0.784	0.054	0.061	0.101
0.169	0.094	0.676	0.061
0.764	0.074	0.068	0.094
0.811	0.061	0.054	0.074
0.169	0.115	0.588	0.128
0.838	0.047	0.027	0.088
0.791	0.074	0.074	0.061
0.149	0.075	0.675	0.101
0.797	0.088	0.061	0.054
0.831	0.054	0.061	0.054
>CTCTGTTT	REF6	11.9752489147411
0.001	0.935	0.003	0.061
0.007	0.084	0.014	0.895
0.001	0.993	0.002	0.004
0.001	0.007	0.006	0.986
0.001	0.001	0.996	0.002
0.004	0.129	0.002	0.865
0.013	0.056	0.023	0.908
0.052	0.164	0.002	0.782
>AGAAAMAATC	2-AGAAAAAATC,BestGuess:HNRNPCL1	13.227175860108
0.795	0.092	0.112	0.001
0.138	0.001	0.789	0.072
0.774	0.224	0.001	0.001
0.997	0.001	0.001	0.001
0.770	0.112	0.117	0.001
0.720	0.277	0.001	0.002
0.915	0.080	0.001	0.004
0.997	0.001	0.001	0.001
0.234	0.001	0.003	0.762
0.157	0.507	0.189	0.147
>TTTTYYYTTTT	RLR1?	13.6842700440354
0.133	0.120	0.053	0.694
0.001	0.001	0.146	0.852
0.001	0.001	0.001	0.997
0.001	0.088	0.001	0.910
0.041	0.651	0.001	0.307
0.206	0.361	0.038	0.396
0.245	0.318	0.001	0.436
0.056	0.153	0.139	0.652
0.001	0.001	0.001	0.997
0.001	0.001	0.001	0.997
0.001	0.062	0.001	0.936
>ANAAAACAAAAG	1-AGAAAACAAAAG,BestGuess:fkh-9	16.2446215993942
0.790	0.001	0.001	0.208
0.124	0.209	0.458	0.209
0.997	0.001	0.001	0.001
0.790	0.001	0.208	0.001
0.997	0.001	0.001	0.001
0.997	0.001	0.001	0.001
0.008	0.990	0.001	0.001
0.997	0.001	0.001	0.001
0.790	0.208	0.001	0.001
0.583	0.208	0.001	0.208
0.988	0.001	0.001	0.010
0.208	0.135	0.656	0.001
>TCTTCCGGCG	18-TCTTCCGGCG,BestGuess:Eip74EF	13.2494632426097
0.089	0.137	0.134	0.640
0.001	0.951	0.001	0.047
0.044	0.001	0.044	0.911
0.089	0.045	0.045	0.821
0.003	0.907	0.001	0.089
0.004	0.862	0.089	0.045
0.089	0.178	0.688	0.045
0.134	0.089	0.688	0.089
0.045	0.687	0.134	0.134
0.001	0.089	0.862	0.048
>GGCATCCCCA	21-GGCATCCCCA,BestGuess:ESRP2	14.7795109329374
0.001	0.001	0.997	0.001
0.125	0.001	0.749	0.125
0.125	0.749	0.001	0.125
0.997	0.001	0.001	0.001
0.001	0.001	0.001	0.997
0.001	0.874	0.001	0.124
0.001	0.997	0.001	0.001
0.001	0.874	0.124	0.001
0.001	0.997	0.001	0.001
0.874	0.001	0.124	0.001
>MRCASSMKYCCC	6-MRCASSMKYCCC,BestGuess:ANT	13.9127656555238
0.436	0.562	0.001	0.001
0.562	0.001	0.436	0.001
0.001	0.997	0.001	0.001
0.997	0.001	0.001	0.001
0.001	0.491	0.507	0.001
0.001	0.436	0.562	0.001
0.492	0.504	0.001	0.003
0.055	0.012	0.437	0.496
0.001	0.436	0.001	0.562
0.001	0.997	0.001	0.001
0.001	0.889	0.055	0.055
0.001	0.997	0.001	0.001
>CGCGGTCCGC	7-CGCGGTCCGC,BestGuess:HINFP	13.2319742437921
0.046	0.802	0.001	0.151
0.098	0.144	0.712	0.046
0.138	0.769	0.092	0.001
0.093	0.001	0.905	0.001
0.185	0.151	0.555	0.109
0.091	0.001	0.001	0.907
0.001	0.815	0.046	0.138
0.001	0.855	0.001	0.143
0.138	0.092	0.769	0.001
0.001	0.907	0.001	0.091
>RRSCGCAGCCC	M04420_2.00	15.390160866736
0.322	0.091	0.552	0.034
0.583	0.006	0.410	0.002
0.008	0.719	0.273	0.001
0.000	0.998	0.001	0.001
0.024	0.006	0.970	0.000
0.010	0.985	0.001	0.004
0.978	0.014	0.000	0.008
0.244	0.029	0.725	0.003
0.001	0.998	0.001	0.000
0.000	0.999	0.001	0.000
0.002	0.990	0.001	0.006
>RGCCGACGCCC	M04431_2.00	15.2156313743699
0.477	0.055	0.386	0.082
0.159	0.011	0.808	0.022
0.062	0.669	0.196	0.073
0.000	0.995	0.005	0.000
0.154	0.139	0.680	0.026
0.931	0.064	0.000	0.005
0.000	1.000	0.000	0.000
0.060	0.013	0.920	0.008
0.000	0.997	0.000	0.003
0.000	0.995	0.000	0.005
0.000	0.920	0.003	0.078
>CCCGKC	M00343_2.00	6.80793557248648
0.146	0.657	0.145	0.051
0.000	0.795	0.094	0.110
0.103	0.702	0.196	0.000
0.197	0.189	0.614	0.000
0.026	0.120	0.331	0.524
0.026	0.810	0.139	0.026
>GCWCTCCKTA	2-GCACTCCKTA,BestGuess:SPL3	12.7302242387673
0.001	0.057	0.885	0.057
0.056	0.942	0.001	0.001
0.690	0.057	0.001	0.252
0.114	0.588	0.183	0.115
0.057	0.001	0.172	0.770
0.001	0.942	0.001	0.056
0.056	0.942	0.001	0.001
0.172	0.057	0.405	0.366
0.114	0.001	0.001	0.884
0.770	0.001	0.114	0.115
>KGCACTATTC	21-GGCACTATTC,BestGuess:YOX1	14.7427161627518
0.001	0.001	0.746	0.252
0.001	0.106	0.787	0.106
0.106	0.787	0.001	0.106
0.997	0.001	0.001	0.001
0.001	0.997	0.001	0.001
0.001	0.001	0.001	0.997
0.892	0.001	0.106	0.001
0.001	0.001	0.001	0.997
0.001	0.001	0.001	0.997
0.001	0.892	0.001	0.106
>TCACTAYTBC	10-TCACTACTBC,BestGuess:At5g04390	14.0354574543727
0.001	0.001	0.001	0.997
0.001	0.997	0.001	0.001
0.997	0.001	0.001	0.001
0.001	0.997	0.001	0.001
0.001	0.001	0.001	0.997
0.997	0.001	0.001	0.001
0.052	0.649	0.001	0.298
0.001	0.001	0.001	0.997
0.104	0.299	0.299	0.299
0.001	0.997	0.001	0.001
>AGACTAGTTC	1-AGACTAGTTC,BestGuess:br-Z3	15.0688486887601
0.997	0.001	0.001	0.001
0.001	0.001	0.997	0.001
0.838	0.160	0.001	0.001
0.001	0.838	0.001	0.160
0.001	0.161	0.161	0.677
0.997	0.001	0.001	0.001
0.001	0.001	0.997	0.001
0.001	0.001	0.001	0.997
0.001	0.001	0.001	0.997
0.001	0.997	0.001	0.001
>TAACSAGTGC	5-TAACCAGTGC,BestGuess:PH0040.1_Hmbox1	14.8162848570616
0.001	0.001	0.001	0.997
0.837	0.161	0.001	0.001
0.997	0.001	0.001	0.001
0.001	0.837	0.001	0.161
0.001	0.646	0.352	0.001
0.997	0.001	0.001	0.001
0.001	0.001	0.997	0.001
0.001	0.001	0.001	0.997
0.001	0.001	0.997	0.001
0.161	0.837	0.001	0.001
>TAAATHNTRTTT	19-TAAATHSTRTTT,BestGuess:CES-1	14.2446661276515
0.139	0.070	0.001	0.790
0.792	0.069	0.001	0.138
0.814	0.069	0.024	0.093
0.837	0.047	0.070	0.046
0.094	0.047	0.069	0.790
0.425	0.276	0.023	0.276
0.115	0.299	0.425	0.161
0.069	0.047	0.047	0.837
0.345	0.046	0.445	0.163
0.046	0.024	0.024	0.906
0.025	0.046	0.046	0.883
0.092	0.001	0.046	0.861
>WNCTTRNNNNNYAAG	ANAC062	14.1821081146771
0.318	0.001	0.001	0.680
0.389	0.159	0.222	0.230
0.001	0.997	0.001	0.001
0.001	0.001	0.001	0.997
0.001	0.001	0.001	0.997
0.481	0.226	0.292	0.001
0.310	0.263	0.231	0.196
0.235	0.213	0.155	0.398
0.282	0.237	0.226	0.256
0.381	0.167	0.212	0.240
0.183	0.238	0.276	0.303
0.001	0.338	0.200	0.461
0.997	0.001	0.001	0.001
0.997	0.001	0.001	0.001
0.001	0.001	0.997	0.001
>	M03127_2.00__M03144_2.00__M03184_2.00__M03255_2.00	20.6582842571818
0.048	0.053	0.007	0.892
0.941	0.005	0.036	0.018
0.995	0.001	0.002	0.002
0.028	0.028	0.067	0.878
0.019	0.203	0.094	0.684
0.178	0.036	0.709	0.076
0.106	0.345	0.378	0.171
0.248	0.139	0.090	0.523
0.346	0.122	0.087	0.445
0.171	0.127	0.142	0.559
0.183	0.127	0.091	0.599
0.031	0.043	0.008	0.918
0.883	0.006	0.062	0.049
0.994	0.002	0.002	0.002
0.019	0.037	0.064	0.880
0.052	0.104	0.131	0.713
0.255	0.033	0.650	0.062
>WKSMSCAYGG	15-TGGCGCACGG,BestGuess:PB0044.1_Mtf1_1	13.044723315748
0.302	0.075	0.001	0.622
0.001	0.001	0.677	0.321
0.001	0.400	0.598	0.001
0.299	0.699	0.001	0.001
0.001	0.301	0.697	0.001
0.001	0.997	0.001	0.001
0.980	0.001	0.018	0.001
0.001	0.677	0.001	0.321
0.001	0.001	0.997	0.001
0.001	0.001	0.997	0.001
>YCKGGYACMCA	18-VTCGGGCACACA,BestGuess:PB0208.1_Zscan4_2	15.3989737644145
0.001	0.299	0.001	0.699
0.001	0.997	0.001	0.001
0.001	0.001	0.663	0.335
0.001	0.001	0.997	0.001
0.001	0.001	0.997	0.001
0.001	0.599	0.065	0.335
0.997	0.001	0.001	0.001
0.001	0.981	0.001	0.017
0.598	0.400	0.001	0.001
0.001	0.997	0.001	0.001
0.997	0.001	0.001	0.001
>TGCGCACACG	17-TGCGCACACG,BestGuess:NRF1	14.6011593158633
0.001	0.001	0.001	0.997
0.001	0.001	0.997	0.001
0.001	0.820	0.178	0.001
0.001	0.001	0.997	0.001
0.001	0.997	0.001	0.001
0.820	0.001	0.178	0.001
0.178	0.643	0.178	0.001
0.941	0.001	0.057	0.001
0.034	0.787	0.178	0.001
0.001	0.001	0.997	0.001
>CACGCAA	Arnt:Ahr	9.25263993043886
0.014	0.970	0.003	0.013
0.927	0.028	0.001	0.044
0.033	0.826	0.051	0.090
0.029	0.017	0.951	0.003
0.123	0.765	0.067	0.045
0.681	0.148	0.046	0.125
0.526	0.219	0.143	0.112
>TTGAAAGCCATA	21-TTGAAAGCCATA,BestGuess:Dof2	16.4401791659331
0.125	0.001	0.001	0.873
0.001	0.001	0.001	0.997
0.211	0.106	0.577	0.106
0.893	0.001	0.105	0.001
0.997	0.001	0.001	0.001
0.893	0.105	0.001	0.001
0.001	0.105	0.789	0.105
0.210	0.788	0.001	0.001
0.001	0.789	0.105	0.105
0.873	0.001	0.001	0.125
0.105	0.001	0.001	0.893
0.683	0.001	0.211	0.105
>SKKTGAGACAYW	10-GTTTGAGACACT,BestGuess:DIG1	16.5968510576328
0.001	0.353	0.603	0.043
0.001	0.001	0.303	0.695
0.001	0.001	0.299	0.699
0.003	0.001	0.001	0.995
0.001	0.042	0.956	0.001
0.997	0.001	0.001	0.001
0.096	0.001	0.902	0.001
0.997	0.001	0.001	0.001
0.001	0.902	0.001	0.096
0.997	0.001	0.001	0.001
0.001	0.695	0.001	0.303
0.299	0.001	0.001	0.699
>ATGYTTKRAW	11-ATGYTTKRAW,BestGuess:YAP5	12.7928055054078
0.997	0.001	0.001	0.001
0.001	0.001	0.001	0.997
0.001	0.001	0.997	0.001
0.001	0.429	0.058	0.512
0.001	0.001	0.001	0.997
0.001	0.001	0.001	0.997
0.001	0.001	0.487	0.511
0.426	0.053	0.519	0.002
0.997	0.001	0.001	0.001
0.432	0.075	0.001	0.492
>TGTTTTACAGCG	4-TGTTTTACAGCG,BestGuess:Rhox11	18.4413260473546
0.223	0.001	0.001	0.775
0.001	0.001	0.997	0.001
0.001	0.001	0.001	0.997
0.001	0.001	0.001	0.997
0.001	0.001	0.001	0.997
0.149	0.001	0.074	0.776
0.997	0.001	0.001	0.001
0.001	0.997	0.001	0.001
0.924	0.074	0.001	0.001
0.001	0.001	0.997	0.001
0.001	0.997	0.001	0.001
0.001	0.001	0.997	0.001
>ATATCTTACA	17-ATATCTTACA,BestGuess:CCA	11.8097186997531
0.700	0.100	0.100	0.100
0.100	0.100	0.100	0.700
0.700	0.100	0.100	0.100
0.100	0.100	0.100	0.700
0.100	0.700	0.100	0.100
0.100	0.100	0.100	0.700
0.100	0.100	0.100	0.700
0.700	0.100	0.100	0.100
0.100	0.700	0.100	0.100
0.700	0.100	0.100	0.100
>TMTAAGGTTTCA	5-TMTAAGGTTTCA,BestGuess:SIX2	16.3518386229539
0.018	0.001	0.185	0.796
0.444	0.370	0.001	0.185
0.185	0.001	0.018	0.796
0.997	0.001	0.001	0.001
0.814	0.001	0.001	0.184
0.001	0.001	0.980	0.018
0.001	0.001	0.814	0.184
0.185	0.001	0.185	0.629
0.001	0.001	0.001	0.997
0.184	0.001	0.001	0.814
0.001	0.997	0.001	0.001
0.997	0.001	0.001	0.001
>GAAATGTTTTGA	24-GAAATGTTTTGA,BestGuess:Pp_0229	16.6426887182854
0.166	0.020	0.712	0.102
0.791	0.102	0.084	0.023
0.875	0.102	0.003	0.020
0.837	0.041	0.061	0.061
0.061	0.061	0.041	0.837
0.023	0.001	0.956	0.020
0.020	0.081	0.001	0.898
0.102	0.061	0.041	0.796
0.041	0.041	0.082	0.836
0.023	0.020	0.020	0.937
0.064	0.064	0.790	0.082
0.779	0.105	0.061	0.055
>TGGTNCAKTCCA	PRDM10	14.4427041340437
0.046	0.001	0.026	0.927
0.007	0.004	0.983	0.006
0.038	0.007	0.951	0.004
0.153	0.081	0.165	0.601
0.460	0.139	0.140	0.261
0.031	0.551	0.188	0.230
0.619	0.170	0.023	0.188
0.082	0.102	0.274	0.542
0.113	0.179	0.098	0.610
0.002	0.992	0.004	0.002
0.002	0.972	0.002	0.024
0.665	0.105	0.013	0.217
>TATMACATST	12-TATAACATGT,BestGuess:GAT3	13.2996748596015
0.001	0.001	0.001	0.997
0.923	0.001	0.075	0.001
0.001	0.001	0.001	0.997
0.582	0.266	0.076	0.076
0.681	0.242	0.001	0.076
0.152	0.846	0.001	0.001
0.997	0.001	0.001	0.001
0.001	0.001	0.001	0.997
0.090	0.325	0.509	0.076
0.152	0.001	0.166	0.681
>GGGGCTCAGG	23-GGGGCTCAGG,BestGuess:ZBTB6	14.7647994450666
0.001	0.001	0.997	0.001
0.001	0.001	0.888	0.110
0.001	0.001	0.997	0.001
0.001	0.001	0.888	0.110
0.001	0.777	0.111	0.111
0.001	0.001	0.001	0.997
0.001	0.997	0.001	0.001
0.667	0.111	0.111	0.111
0.001	0.001	0.888	0.110
0.001	0.001	0.997	0.001
>CGGGGCTTTT	3-CGGGGCTTTT,BestGuess:Dof2	14.7877007932391
0.070	0.928	0.001	0.001
0.001	0.071	0.857	0.071
0.071	0.071	0.787	0.071
0.070	0.001	0.928	0.001
0.001	0.071	0.857	0.071
0.070	0.928	0.001	0.001
0.001	0.001	0.001	0.997
0.001	0.001	0.001	0.997
0.070	0.001	0.001	0.928
0.001	0.071	0.071	0.857
>SCGCTGAGS	M02698_2.00	12.2839620103757
0.160	0.270	0.550	0.020
0.000	0.919	0.040	0.040
0.000	0.050	0.930	0.020
0.040	0.939	0.000	0.020
0.040	0.020	0.020	0.919
0.081	0.000	0.859	0.061
0.960	0.000	0.020	0.020
0.040	0.040	0.920	0.000
0.020	0.550	0.260	0.170
>ARTAAACSWATR	24-AATAAACSAATA,BestGuess:PB0016.1_Foxj1_1	15.3481943983684
0.844	0.001	0.154	0.001
0.649	0.001	0.349	0.001
0.001	0.154	0.001	0.844
0.844	0.001	0.154	0.001
0.784	0.029	0.186	0.001
0.691	0.154	0.001	0.154
0.001	0.997	0.001	0.001
0.154	0.379	0.465	0.001
0.658	0.001	0.001	0.340
0.969	0.001	0.001	0.029
0.154	0.001	0.001	0.844
0.688	0.001	0.310	0.001
>TCATCAACAACA	8-TCATCAACAACA,BestGuess:Aef1	16.5406036374372
0.120	0.120	0.001	0.759
0.120	0.750	0.001	0.129
0.997	0.001	0.001	0.001
0.008	0.120	0.001	0.871
0.129	0.750	0.001	0.120
0.878	0.001	0.001	0.120
0.878	0.001	0.001	0.120
0.120	0.759	0.001	0.120
0.878	0.120	0.001	0.001
0.638	0.241	0.120	0.001
0.001	0.878	0.001	0.120
0.997	0.001	0.001	0.001
>	M02736_2.00__M03016_2.00__M03047_2.00__M03056_2.00	20.0982989803631
0.180	0.039	0.774	0.008
0.062	0.041	0.015	0.882
0.851	0.099	0.012	0.038
0.961	0.017	0.010	0.013
0.972	0.005	0.008	0.015
0.016	0.882	0.012	0.090
0.974	0.011	0.009	0.007
0.651	0.006	0.337	0.006
0.092	0.025	0.008	0.876
0.690	0.248	0.032	0.030
0.943	0.037	0.012	0.009
0.915	0.047	0.012	0.027
0.046	0.894	0.009	0.051
0.963	0.009	0.013	0.016
>AAACAACAACAA	M03753_2.00	17.2283177428157
0.788	0.195	0.001	0.015
0.904	0.070	0.013	0.012
0.976	0.002	0.004	0.018
0.014	0.765	0.000	0.221
0.992	0.005	0.003	0.000
0.945	0.015	0.002	0.038
0.175	0.709	0.000	0.117
0.989	0.009	0.002	0.000
0.968	0.004	0.026	0.001
0.010	0.886	0.009	0.096
0.966	0.008	0.017	0.009
0.691	0.135	0.096	0.078
>CTTTGCGCGT	16-CTTTGCGCGT,BestGuess:SWI6	15.3420722223893
0.001	0.776	0.001	0.222
0.001	0.001	0.001	0.997
0.001	0.001	0.001	0.997
0.001	0.001	0.001	0.997
0.001	0.001	0.997	0.001
0.001	0.997	0.001	0.001
0.001	0.001	0.997	0.001
0.001	0.997	0.001	0.001
0.001	0.222	0.776	0.001
0.001	0.001	0.001	0.997
>MCGCCC	M00232_2.00	7.68952292255837
0.417	0.451	0.040	0.092
0.012	0.889	0.000	0.099
0.197	0.001	0.731	0.072
0.000	0.983	0.000	0.016
0.029	0.957	0.009	0.005
0.030	0.726	0.000	0.244
>GYRATGCMTY	12-GTGATGCMTT,BestGuess:YAP5	12.9347030286063
0.001	0.001	0.997	0.001
0.001	0.341	0.001	0.657
0.342	0.128	0.529	0.001
0.876	0.001	0.122	0.001
0.001	0.001	0.001	0.997
0.001	0.246	0.752	0.001
0.001	0.997	0.001	0.001
0.498	0.370	0.131	0.001
0.001	0.001	0.001	0.997
0.001	0.346	0.001	0.652
>RRTKACGTRW	NAP	11.3835403116937
0.483	0.057	0.347	0.113
0.303	0.086	0.471	0.141
0.220	0.001	0.001	0.778
0.026	0.001	0.264	0.709
0.640	0.114	0.223	0.023
0.001	0.997	0.001	0.001
0.001	0.001	0.997	0.001
0.001	0.001	0.001	0.997
0.391	0.129	0.467	0.012
0.368	0.105	0.007	0.520
>TTACGCCATGAA	6-TTACGCCATGAA,BestGuess:SKO1	16.5343781943826
0.001	0.001	0.186	0.812
0.001	0.186	0.001	0.812
0.997	0.001	0.001	0.001
0.001	0.997	0.001	0.001
0.001	0.186	0.812	0.001
0.001	0.812	0.001	0.186
0.001	0.778	0.001	0.220
0.625	0.001	0.187	0.187
0.001	0.001	0.001	0.997
0.001	0.186	0.812	0.001
0.797	0.187	0.015	0.001
0.812	0.001	0.001	0.186
>GATTGCATCA	AARE	14.9893363620301
0.095	0.079	0.734	0.092
0.735	0.071	0.173	0.021
0.001	0.001	0.008	0.990
0.001	0.001	0.001	0.997
0.053	0.001	0.890	0.056
0.001	0.997	0.001	0.001
0.956	0.001	0.042	0.001
0.002	0.001	0.001	0.996
0.001	0.983	0.008	0.008
0.997	0.001	0.001	0.001
>GCRTGYRATG	8-GCATGYRATG,BestGuess:HDG7	12.3884201625217
0.001	0.234	0.764	0.001
0.001	0.997	0.001	0.001
0.482	0.234	0.283	0.001
0.001	0.244	0.001	0.754
0.001	0.001	0.754	0.244
0.001	0.468	0.001	0.530
0.468	0.001	0.530	0.001
0.989	0.001	0.001	0.009
0.001	0.001	0.234	0.764
0.001	0.001	0.997	0.001
>TYGATTTTATCA	3-TTGATTTTATCA,BestGuess:PH0014.1_Cphx	16.0580091425773
0.100	0.174	0.001	0.725
0.001	0.379	0.001	0.619
0.091	0.001	0.721	0.187
0.904	0.087	0.001	0.008
0.001	0.001	0.001	0.997
0.087	0.091	0.092	0.730
0.008	0.001	0.001	0.990
0.093	0.179	0.174	0.554
0.907	0.001	0.001	0.091
0.001	0.174	0.174	0.651
0.001	0.995	0.003	0.001
0.997	0.001	0.001	0.001
>ATCATCAAACCA	25-ATCATCAAACCA,BestGuess:pan	14.1716624397037
0.700	0.100	0.100	0.100
0.100	0.100	0.100	0.700
0.100	0.700	0.100	0.100
0.700	0.100	0.100	0.100
0.100	0.100	0.100	0.700
0.100	0.700	0.100	0.100
0.700	0.100	0.100	0.100
0.700	0.100	0.100	0.100
0.700	0.100	0.100	0.100
0.100	0.700	0.100	0.100
0.100	0.700	0.100	0.100
0.700	0.100	0.100	0.100
>ATTTMAWAACAM	5-ATTTCAAAACAA,BestGuess:PB0123.1_Foxl1_2	17.7942634340394
0.997	0.001	0.001	0.001
0.019	0.023	0.023	0.935
0.001	0.001	0.001	0.997
0.001	0.001	0.001	0.997
0.303	0.695	0.001	0.001
0.997	0.001	0.001	0.001
0.695	0.001	0.001	0.303
0.997	0.001	0.001	0.001
0.997	0.001	0.001	0.001
0.001	0.997	0.001	0.001
0.997	0.001	0.001	0.001
0.695	0.303	0.001	0.001
>YTGGTTMMAAAY	8-TTGGTTAAAAAT,BestGuess:AT-GTL1	17.2362315851889
0.117	0.294	0.001	0.588
0.001	0.001	0.001	0.997
0.001	0.001	0.997	0.001
0.001	0.001	0.997	0.001
0.001	0.001	0.001	0.997
0.001	0.001	0.001	0.997
0.705	0.293	0.001	0.001
0.705	0.293	0.001	0.001
0.997	0.001	0.001	0.001
0.940	0.001	0.001	0.058
0.997	0.001	0.001	0.001
0.001	0.293	0.001	0.705
>TGAATAACAAAA	25-TGAATAACAAAA,BestGuess:PB0119.1_Foxa2_2	14.1716624397037
0.100	0.100	0.100	0.700
0.100	0.100	0.700	0.100
0.700	0.100	0.100	0.100
0.700	0.100	0.100	0.100
0.100	0.100	0.100	0.700
0.700	0.100	0.100	0.100
0.700	0.100	0.100	0.100
0.100	0.700	0.100	0.100
0.700	0.100	0.100	0.100
0.700	0.100	0.100	0.100
0.700	0.100	0.100	0.100
0.700	0.100	0.100	0.100
>GTGTTTGATTAT	3-GTGTTTGATTAT,BestGuess:onecut	18.7959743407096
0.001	0.001	0.997	0.001
0.001	0.001	0.226	0.772
0.001	0.001	0.997	0.001
0.001	0.001	0.001	0.997
0.001	0.001	0.001	0.997
0.001	0.001	0.001	0.997
0.001	0.001	0.997	0.001
0.997	0.001	0.001	0.001
0.001	0.001	0.001	0.997
0.001	0.001	0.001	0.997
0.997	0.001	0.001	0.001
0.001	0.001	0.001	0.997
>TAACGGGSYTCT	13-TAACGGGGTTCT,BestGuess:ROX1	14.9239472162612
0.065	0.065	0.065	0.805
0.740	0.065	0.065	0.130
0.869	0.129	0.001	0.001
0.070	0.664	0.070	0.196
0.065	0.001	0.804	0.130
0.131	0.130	0.674	0.065
0.001	0.001	0.934	0.064
0.075	0.266	0.594	0.065
0.070	0.260	0.001	0.669
0.064	0.001	0.001	0.934
0.195	0.599	0.001	0.205
0.130	0.130	0.001	0.739
>ACCYGGTTAG	12-ACCYGGTTAG,BestGuess:grh	14.7703155823989
0.879	0.001	0.119	0.001
0.147	0.851	0.001	0.001
0.001	0.997	0.001	0.001
0.001	0.510	0.001	0.488
0.001	0.001	0.997	0.001
0.001	0.001	0.997	0.001
0.001	0.001	0.001	0.997
0.001	0.001	0.001	0.997
0.997	0.001	0.001	0.001
0.001	0.001	0.971	0.027
>CCGSKAGTTGAG	17-CCGCGAGTTGAG,BestGuess:PB0140.1_Irf6_2	18.1900572588563
0.001	0.997	0.001	0.001
0.001	0.934	0.001	0.064
0.001	0.001	0.997	0.001
0.001	0.741	0.257	0.001
0.001	0.001	0.741	0.257
0.997	0.001	0.001	0.001
0.001	0.001	0.997	0.001
0.001	0.001	0.001	0.997
0.064	0.001	0.001	0.934
0.001	0.001	0.997	0.001
0.934	0.001	0.064	0.001
0.001	0.001	0.997	0.001
>CCGTCTCTCG	7-CCGTCTCTCG,BestGuess:SRSF10	14.5722418254306
0.001	0.687	0.104	0.208
0.001	0.997	0.001	0.001
0.001	0.147	0.851	0.001
0.103	0.001	0.001	0.895
0.001	0.895	0.001	0.103
0.001	0.001	0.001	0.997
0.001	0.895	0.103	0.001
0.001	0.001	0.103	0.895
0.001	0.895	0.103	0.001
0.001	0.103	0.895	0.001
>KCTMSCWCKCWA	11-GCTCCCTCTCTA,BestGuess:Clamp	16.618417506122
0.001	0.001	0.705	0.293
0.001	0.997	0.001	0.001
0.001	0.001	0.001	0.997
0.293	0.705	0.001	0.001
0.001	0.705	0.293	0.001
0.001	0.960	0.038	0.001
0.293	0.001	0.001	0.705
0.001	0.997	0.001	0.001
0.001	0.001	0.293	0.705
0.001	0.997	0.001	0.001
0.294	0.001	0.039	0.666
0.997	0.001	0.001	0.001
>SCCTSGGGKMNA	4-GCCTSGGGKMGA,BestGuess:AP-2gamma	14.5529336533304
0.001	0.289	0.486	0.223
0.001	0.997	0.001	0.001
0.001	0.997	0.001	0.001
0.001	0.001	0.001	0.997
0.001	0.512	0.486	0.001
0.001	0.001	0.986	0.012
0.001	0.223	0.775	0.001
0.001	0.001	0.997	0.001
0.001	0.001	0.552	0.446
0.499	0.499	0.001	0.001
0.250	0.001	0.486	0.263
0.736	0.001	0.013	0.250
>	AP-2alpha__AP-2gamma	13.1988233233675
0.151	0.129	0.119	0.600
0.184	0.061	0.527	0.228
0.005	0.570	0.417	0.009
0.001	0.997	0.001	0.001
0.001	0.938	0.001	0.060
0.019	0.236	0.011	0.733
0.095	0.382	0.472	0.052
0.688	0.005	0.303	0.005
0.040	0.001	0.959	0.001
0.001	0.001	0.997	0.001
0.016	0.577	0.400	0.008
>	EBF1__EBF1	12.6066499216181
0.067	0.170	0.263	0.500
0.021	0.618	0.075	0.286
0.012	0.930	0.001	0.057
