>GACTTGTGATTG	1-GACTTGTGATTG	10.984620	-37.521300	0	T:9.0(5.59%),B:1.9(0.08%),P:1e-16	Tpos:108.2,Tstd:74.5,Bpos:141.7,Bstd:93.6,StrandBias:-0.3,Multiplicity:1.00
0.091	0.088	0.818	0.003
0.648	0.088	0.176	0.088
0.001	0.647	0.088	0.264
0.002	0.293	0.001	0.704
0.088	0.003	0.001	0.908
0.001	0.088	0.823	0.088
0.264	0.088	0.088	0.560
0.001	0.001	0.975	0.023
0.735	0.001	0.263	0.001
0.088	0.380	0.001	0.531
0.202	0.088	0.001	0.709
0.026	0.001	0.883	0.090
>ACCTGCCATTTA	2-ACCTGCCATTTA	9.991139	-36.578756	0	T:12.0(7.45%),B:4.3(0.18%),P:1e-15	Tpos:143.3,Tstd:51.1,Bpos:175.0,Bstd:63.6,StrandBias:0.0,Multiplicity:1.00
0.997	0.001	0.001	0.001
0.229	0.516	0.001	0.254
0.001	0.770	0.228	0.001
0.001	0.001	0.001	0.997
0.001	0.001	0.997	0.001
0.001	0.974	0.001	0.024
0.231	0.744	0.024	0.001
0.743	0.001	0.229	0.027
0.255	0.001	0.001	0.743
0.001	0.001	0.001	0.997
0.228	0.001	0.001	0.770
0.972	0.001	0.001	0.026
>AAGTGTATGTAA	3-AAGTGTATGTAA	10.044143	-35.123208	0	T:14.0(8.70%),B:8.9(0.37%),P:1e-15	Tpos:137.6,Tstd:90.4,Bpos:134.0,Bstd:35.1,StrandBias:0.0,Multiplicity:1.00
0.735	0.176	0.001	0.088
0.813	0.176	0.010	0.001
0.175	0.001	0.823	0.001
0.001	0.001	0.001	0.997
0.176	0.088	0.735	0.001
0.001	0.087	0.001	0.911
0.823	0.001	0.001	0.175
0.088	0.088	0.001	0.823
0.088	0.001	0.823	0.088
0.001	0.001	0.087	0.911
0.823	0.088	0.001	0.088
0.813	0.001	0.010	0.176
>TGATTCTGACTA	4-TGATTCTGACTA	11.054654	-31.339209	0	T:9.0(5.59%),B:2.6(0.11%),P:1e-13	Tpos:160.6,Tstd:77.2,Bpos:111.2,Bstd:46.6,StrandBias:-0.3,Multiplicity:1.00
0.107	0.107	0.001	0.785
0.001	0.213	0.649	0.137
0.785	0.001	0.001	0.213
0.001	0.001	0.001	0.997
0.106	0.001	0.001	0.892
0.001	0.572	0.107	0.320
0.030	0.107	0.001	0.862
0.106	0.001	0.892	0.001
0.679	0.001	0.001	0.319
0.106	0.892	0.001	0.001
0.001	0.001	0.001	0.997
0.892	0.001	0.001	0.106
>GGTTGGCCTGCC	5-GGTTGGCCTGCC	9.276732	-31.339209	0	T:9.0(5.59%),B:2.9(0.12%),P:1e-13	Tpos:147.0,Tstd:52.9,Bpos:122.9,Bstd:69.3,StrandBias:0.0,Multiplicity:1.11
0.124	0.001	0.874	0.001
0.374	0.001	0.624	0.001
0.001	0.001	0.124	0.874
0.001	0.001	0.001	0.997
0.001	0.001	0.997	0.001
0.001	0.001	0.874	0.124
0.001	0.874	0.124	0.001
0.001	0.874	0.001	0.124
0.124	0.001	0.001	0.874
0.001	0.001	0.874	0.124
0.001	0.874	0.124	0.001
0.001	0.624	0.125	0.250
>TKTTTCACCAAA	6-TKTTTCACCAAA	11.923377	-27.068427	0	T:8.0(4.97%),B:3.0(0.12%),P:1e-11	Tpos:100.9,Tstd:85.9,Bpos:94.1,Bstd:70.3,StrandBias:-1.0,Multiplicity:1.12
0.001	0.001	0.001	0.997
0.033	0.001	0.491	0.475
0.001	0.001	0.001	0.997
0.001	0.001	0.001	0.997
0.228	0.001	0.001	0.770
0.001	0.770	0.001	0.228
0.997	0.001	0.001	0.001
0.001	0.753	0.245	0.001
0.228	0.770	0.001	0.001
0.753	0.001	0.001	0.245
0.770	0.228	0.001	0.001
0.997	0.001	0.001	0.001
>ATGCATTGATGT	7-ATGCATTGATGT	8.634806	-23.260724	0	T:23.0(14.29%),B:65.7(2.70%),P:1e-10	Tpos:117.9,Tstd:62.9,Bpos:132.8,Bstd:77.5,StrandBias:-0.1,Multiplicity:1.00
0.785	0.086	0.043	0.086
0.129	0.043	0.022	0.806
0.131	0.043	0.675	0.151
0.151	0.590	0.043	0.216
0.826	0.066	0.022	0.086
0.043	0.023	0.065	0.869
0.045	0.065	0.002	0.888
0.088	0.108	0.782	0.022
0.716	0.022	0.043	0.219
0.129	0.022	0.043	0.806
0.131	0.001	0.523	0.345
0.129	0.022	0.109	0.740
>ATATCGATTATT	8-ATATCGATTATT	12.199915	-23.018495	0	T:6.0(3.73%),B:0.6(0.03%),P:1e-9	Tpos:128.8,Tstd:91.0,Bpos:238.0,Bstd:0.0,StrandBias:0.0,Multiplicity:1.00
0.981	0.017	0.001	0.001
0.001	0.001	0.016	0.982
0.683	0.001	0.017	0.299
0.001	0.001	0.001	0.997
0.297	0.685	0.001	0.017
0.018	0.001	0.681	0.300
0.702	0.296	0.001	0.001
0.001	0.001	0.001	0.997
0.001	0.314	0.017	0.668
0.964	0.017	0.001	0.018
0.017	0.017	0.001	0.965
0.001	0.016	0.001	0.982
>TRAMCGAGGCWA	9-TRAMCGAGGCWA	8.186400	-21.676512	0	T:9.0(5.59%),B:6.2(0.25%),P:1e-9	Tpos:128.5,Tstd:55.4,Bpos:109.2,Bstd:85.2,StrandBias:0.0,Multiplicity:1.11
0.142	0.001	0.001	0.856
0.530	0.001	0.468	0.001
0.997	0.001	0.001	0.001
0.468	0.530	0.001	0.001
0.001	0.993	0.001	0.005
0.001	0.422	0.576	0.001
0.997	0.001	0.001	0.001
0.001	0.001	0.997	0.001
0.045	0.001	0.953	0.001
0.422	0.576	0.001	0.001
0.428	0.001	0.001	0.570
0.997	0.001	0.001	0.001
>GACGTAAGCATA	10-GACGTAAGCATA	10.157263	-20.345328	0	T:9.0(5.59%),B:7.0(0.29%),P:1e-8	Tpos:131.0,Tstd:60.2,Bpos:97.0,Bstd:48.6,StrandBias:-0.4,Multiplicity:1.75
0.096	0.001	0.902	0.001
0.902	0.096	0.001	0.001
0.096	0.710	0.001	0.193
0.192	0.001	0.806	0.001
0.001	0.096	0.001	0.902
0.709	0.001	0.001	0.289
0.902	0.001	0.001	0.096
0.096	0.096	0.807	0.001
0.096	0.807	0.096	0.001
0.698	0.001	0.108	0.193
0.001	0.096	0.011	0.892
0.997	0.001	0.001	0.001
>RCMGTGWCCATG	11-RCMGTGWCCATG	10.232703	-18.914176	0	T:6.0(3.73%),B:2.9(0.12%),P:1e-8	Tpos:134.2,Tstd:62.7,Bpos:124.8,Bstd:89.5,StrandBias:0.6,Multiplicity:1.67
0.571	0.001	0.427	0.001
0.001	0.997	0.001	0.001
0.553	0.445	0.001	0.001
0.064	0.001	0.934	0.001
0.001	0.001	0.422	0.576
0.001	0.001	0.997	0.001
0.506	0.001	0.001	0.492
0.422	0.576	0.001	0.001
0.001	0.997	0.001	0.001
0.916	0.001	0.082	0.001
0.001	0.422	0.001	0.576
0.001	0.064	0.934	0.001
>GTAACCATGGTT	12-GTAACCATGGTT	10.621563	-18.478937	0	T:5.0(3.11%),B:1.2(0.05%),P:1e-8	Tpos:152.6,Tstd:44.7,Bpos:215.0,Bstd:0.0,StrandBias:0.0,Multiplicity:1.00
0.001	0.001	0.997	0.001
0.025	0.001	0.001	0.973
0.973	0.001	0.001	0.025
0.997	0.001	0.001	0.001
0.422	0.576	0.001	0.001
0.001	0.973	0.001	0.025
0.576	0.001	0.422	0.001
0.001	0.422	0.001	0.576
0.025	0.001	0.973	0.001
0.001	0.001	0.576	0.422
0.001	0.001	0.001	0.997
0.025	0.001	0.001	0.973
>TAHAATACAGGG	13-TAHAATACAGGG	9.478878	-18.478937	0	T:5.0(3.11%),B:0.8(0.03%),P:1e-8	Tpos:61.6,Tstd:65.0,Bpos:147.0,Bstd:0.0,StrandBias:-0.6,Multiplicity:1.00
0.001	0.001	0.001	0.997
0.997	0.001	0.001	0.001
0.297	0.297	0.001	0.405
0.945	0.053	0.001	0.001
0.997	0.001	0.001	0.001
0.053	0.001	0.001	0.945
0.997	0.001	0.001	0.001
0.001	0.702	0.296	0.001
0.997	0.001	0.001	0.001
0.001	0.001	0.997	0.001
0.001	0.001	0.997	0.001
0.001	0.001	0.997	0.001
>AATTATTCAGAC	14-AATTATTCAGAC	11.417868	-16.535905	0	T:6.0(3.73%),B:3.9(0.16%),P:1e-7	Tpos:115.0,Tstd:55.2,Bpos:112.9,Bstd:55.4,StrandBias:2.0,Multiplicity:1.67
0.997	0.001	0.001	0.001
0.780	0.001	0.001	0.218
0.001	0.001	0.001	0.997
0.001	0.001	0.001	0.997
0.997	0.001	0.001	0.001
0.001	0.001	0.001	0.997
0.001	0.001	0.001	0.997
0.001	0.997	0.001	0.001
0.890	0.001	0.001	0.108
0.218	0.001	0.780	0.001
0.890	0.001	0.108	0.001
0.001	0.780	0.001	0.218
>TGTCGTTACCAT	15-TGTCGTTACCAT	12.674639	-15.066560	0	T:5.0(3.11%),B:2.5(0.10%),P:1e-6	Tpos:129.4,Tstd:60.0,Bpos:170.3,Bstd:41.7,StrandBias:0.6,Multiplicity:1.00
0.001	0.296	0.001	0.702
0.001	0.001	0.997	0.001
0.296	0.001	0.001	0.702
0.001	0.675	0.001	0.323
0.296	0.001	0.702	0.001
0.001	0.001	0.001	0.997
0.027	0.001	0.027	0.945
0.702	0.001	0.001	0.296
0.001	0.702	0.001	0.296
0.001	0.997	0.001	0.001
0.997	0.001	0.001	0.001
0.001	0.001	0.001	0.997
>ACAATTACBTDA	16-ACAATTACBTDA	11.337275	-15.066560	0	T:5.0(3.11%),B:2.7(0.11%),P:1e-6	Tpos:83.8,Tstd:33.9,Bpos:161.5,Bstd:48.6,StrandBias:-0.6,Multiplicity:1.00
0.702	0.296	0.001	0.001
0.001	0.997	0.001	0.001
0.997	0.001	0.001	0.001
0.997	0.001	0.001	0.001
0.001	0.001	0.001	0.997
0.001	0.001	0.001	0.997
0.972	0.026	0.001	0.001
0.001	0.972	0.026	0.001
0.027	0.297	0.378	0.297
0.001	0.001	0.001	0.997
0.405	0.001	0.297	0.297
0.702	0.001	0.296	0.001
>TCTTCTCCCTCC	17-TCTTCTCCCTCC	10.667768	-14.127451	0	T:4.0(2.48%),B:1.9(0.08%),P:1e-6	Tpos:95.3,Tstd:49.0,Bpos:207.0,Bstd:0.0,StrandBias:2.6,Multiplicity:1.75
0.001	0.001	0.001	0.997
0.001	0.997	0.001	0.001
0.001	0.265	0.001	0.733
0.052	0.001	0.001	0.946
0.001	0.997	0.001	0.001
0.001	0.001	0.052	0.946
0.001	0.997	0.001	0.001
0.001	0.997	0.001	0.001
0.001	0.786	0.001	0.212
0.052	0.001	0.001	0.946
0.001	0.997	0.001	0.001
0.001	0.997	0.001	0.001
>CACTCAATCTAT	18-CACTCAATCTAT	13.287847	-14.127451	0	T:4.0(2.48%),B:0.0(0.00%),P:1e-6	Tpos:130.0,Tstd:59.5,Bpos:0.0,Bstd:0.0,StrandBias:2.3,Multiplicity:1.50
0.001	0.997	0.001	0.001
0.997	0.001	0.001	0.001
0.001	0.936	0.001	0.062
0.001	0.001	0.265	0.733
0.001	0.997	0.001	0.001
0.997	0.001	0.001	0.001
0.997	0.001	0.001	0.001
0.001	0.001	0.001	0.997
0.001	0.997	0.001	0.001
0.001	0.001	0.001	0.997
0.997	0.001	0.001	0.001
0.001	0.001	0.203	0.795
>TCACVTAACTCT	19-TCACVTAACTCT	7.791196	-11.406365	0	T:4.0(2.48%),B:2.3(0.10%),P:1e-4	Tpos:106.4,Tstd:30.2,Bpos:135.5,Bstd:52.5,StrandBias:-1.3,Multiplicity:1.75
0.001	0.001	0.001	0.997
0.001	0.997	0.001	0.001
0.666	0.001	0.332	0.001
0.001	0.997	0.001	0.001
0.333	0.333	0.333	0.001
0.001	0.001	0.001	0.997
0.997	0.001	0.001	0.001
0.997	0.001	0.001	0.001
0.001	0.997	0.001	0.001
0.332	0.001	0.001	0.666
0.001	0.997	0.001	0.001
0.001	0.001	0.001	0.997
>ATCTCACGTGAC	20-ATCTCACGTGAC	10.409522	-11.406365	0	T:4.0(2.48%),B:2.6(0.11%),P:1e-4	Tpos:160.6,Tstd:39.5,Bpos:110.3,Bstd:34.6,StrandBias:2.0,Multiplicity:1.25
0.700	0.100	0.100	0.100
0.100	0.100	0.100	0.700
0.100	0.700	0.100	0.100
0.100	0.100	0.100	0.700
0.100	0.700	0.100	0.100
0.700	0.100	0.100	0.100
0.100	0.700	0.100	0.100
0.100	0.100	0.700	0.100
0.100	0.100	0.100	0.700
0.100	0.100	0.700	0.100
0.700	0.100	0.100	0.100
0.100	0.700	0.100	0.100
>TATGAACCAATC	21-TATGAACCAATC	10.409522	-10.004339	0	T:3.0(1.86%),B:1.5(0.06%),P:1e-4	Tpos:111.5,Tstd:44.7,Bpos:34.0,Bstd:0.0,StrandBias:2.3,Multiplicity:2.00
0.100	0.100	0.100	0.700
0.700	0.100	0.100	0.100
0.100	0.100	0.100	0.700
0.100	0.100	0.700	0.100
0.700	0.100	0.100	0.100
0.700	0.100	0.100	0.100
0.100	0.700	0.100	0.100
0.100	0.700	0.100	0.100
0.700	0.100	0.100	0.100
0.700	0.100	0.100	0.100
0.100	0.100	0.100	0.700
0.100	0.700	0.100	0.100
>AACCTGGTTAAT	22-AACCTGGTTAAT	10.409522	-10.004339	0	T:3.0(1.86%),B:1.5(0.06%),P:1e-4	Tpos:112.4,Tstd:56.9,Bpos:48.0,Bstd:11.7,StrandBias:0.6,Multiplicity:1.67
0.700	0.100	0.100	0.100
0.700	0.100	0.100	0.100
0.100	0.700	0.100	0.100
0.100	0.700	0.100	0.100
0.100	0.100	0.100	0.700
0.100	0.100	0.700	0.100
0.100	0.100	0.700	0.100
0.100	0.100	0.100	0.700
0.100	0.100	0.100	0.700
0.700	0.100	0.100	0.100
0.700	0.100	0.100	0.100
0.100	0.100	0.100	0.700
>GTTGCTATAGWG	23-GTTGCTATAGWG	15.581276	-10.004339	0	T:3.0(1.86%),B:0.0(0.00%),P:1e-4	Tpos:66.8,Tstd:50.4,Bpos:0.0,Bstd:0.0,StrandBias:2.0,Multiplicity:1.67
0.001	0.001	0.997	0.001
0.001	0.001	0.001	0.997
0.001	0.001	0.001	0.997
0.001	0.001	0.997	0.001
0.001	0.997	0.001	0.001
0.001	0.001	0.001	0.997
0.997	0.001	0.001	0.001
0.001	0.001	0.001	0.997
0.997	0.001	0.001	0.001
0.001	0.001	0.997	0.001
0.528	0.001	0.001	0.470
0.001	0.001	0.764	0.234
>ACGTATTGATGT	24-ACGTATTGATGT	10.409522	-6.172981	0	T:2.0(1.24%),B:1.7(0.07%),P:1e-2	Tpos:66.1,Tstd:36.8,Bpos:161.2,Bstd:41.0,StrandBias:10.0,Multiplicity:5.00
0.700	0.100	0.100	0.100
0.100	0.700	0.100	0.100
0.100	0.100	0.700	0.100
0.100	0.100	0.100	0.700
0.700	0.100	0.100	0.100
0.100	0.100	0.100	0.700
0.100	0.100	0.100	0.700
0.100	0.100	0.700	0.100
0.700	0.100	0.100	0.100
0.100	0.100	0.100	0.700
0.100	0.100	0.700	0.100
0.100	0.100	0.100	0.700
>AGAGSTGCGTKA	25-AGAGSTGCGTKA	14.158165	-6.172981	0	T:2.0(1.24%),B:0.0(0.00%),P:1e-2	Tpos:112.5,Tstd:58.9,Bpos:0.0,Bstd:0.0,StrandBias:1.6,Multiplicity:2.00
0.997	0.001	0.001	0.001
0.422	0.001	0.576	0.001
0.997	0.001	0.001	0.001
0.001	0.001	0.997	0.001
0.001	0.424	0.423	0.152
0.001	0.001	0.001	0.997
0.030	0.001	0.968	0.001
0.001	0.847	0.001	0.151
0.001	0.001	0.989	0.009
0.001	0.001	0.001	0.997
0.001	0.001	0.565	0.433
0.994	0.001	0.001	0.004
