>ACGTGTATGT	1-ACGTGTATGT	11.220453	-32.557712	0	T:8.0(4.97%),B:1.7(0.07%),P:1e-14	Tpos:68.0,Tstd:73.7,Bpos:125.0,Bstd:0.0,StrandBias:1.6,Multiplicity:1.00
0.997	0.001	0.001	0.001
0.143	0.713	0.143	0.001
0.001	0.001	0.997	0.001
0.001	0.001	0.001	0.997
0.001	0.001	0.997	0.001
0.001	0.143	0.143	0.713
0.997	0.001	0.001	0.001
0.001	0.001	0.001	0.997
0.143	0.143	0.713	0.001
0.001	0.001	0.001	0.997
>AAGAGACWTG	2-AAGAGACWTG	9.684197	-29.672635	0	T:14.0(8.70%),B:12.4(0.51%),P:1e-12	Tpos:136.6,Tstd:70.4,Bpos:167.4,Bstd:52.2,StrandBias:0.4,Multiplicity:1.00
0.643	0.001	0.001	0.355
0.685	0.157	0.157	0.001
0.001	0.001	0.997	0.001
0.842	0.156	0.001	0.001
0.157	0.001	0.679	0.163
0.842	0.156	0.001	0.001
0.001	0.997	0.001	0.001
0.365	0.157	0.001	0.477
0.001	0.157	0.001	0.841
0.001	0.001	0.997	0.001
>TGCATTYATT	3-TGCATTYATT	10.250638	-24.056624	0	T:11.0(6.83%),B:9.2(0.38%),P:1e-10	Tpos:94.4,Tstd:66.9,Bpos:145.6,Bstd:56.9,StrandBias:0.0,Multiplicity:1.00
0.001	0.001	0.001	0.997
0.190	0.001	0.808	0.001
0.157	0.529	0.157	0.157
0.997	0.001	0.001	0.001
0.001	0.157	0.174	0.668
0.001	0.001	0.001	0.997
0.001	0.352	0.175	0.472
0.997	0.001	0.001	0.001
0.001	0.001	0.001	0.997
0.001	0.157	0.157	0.685
>ACGATGTTAG	4-ACGATGTTAG	10.913064	-21.634978	0	T:8.0(4.97%),B:4.5(0.18%),P:1e-9	Tpos:157.6,Tstd:57.0,Bpos:186.8,Bstd:78.7,StrandBias:1.6,Multiplicity:1.00
0.874	0.001	0.124	0.001
0.125	0.749	0.001	0.125
0.001	0.125	0.749	0.125
0.997	0.001	0.001	0.001
0.001	0.001	0.124	0.874
0.001	0.001	0.997	0.001
0.001	0.001	0.001	0.997
0.124	0.001	0.001	0.874
0.997	0.001	0.001	0.001
0.001	0.001	0.997	0.001
>GGCTTGTGAT	5-GGCTTGTGAT	11.713639	-20.138646	0	T:7.0(4.35%),B:3.3(0.14%),P:1e-8	Tpos:159.0,Tstd:41.9,Bpos:90.1,Bstd:43.8,StrandBias:-1.3,Multiplicity:1.00
0.001	0.001	0.997	0.001
0.001	0.001	0.997	0.001
0.001	0.997	0.001	0.001
0.001	0.139	0.001	0.859
0.001	0.001	0.001	0.997
0.001	0.001	0.997	0.001
0.001	0.139	0.001	0.859
0.001	0.001	0.997	0.001
0.997	0.001	0.001	0.001
0.001	0.001	0.001	0.997
>CGAGCCGAAT	6-CGAGCCGAAT	11.236213	-20.138646	0	T:7.0(4.35%),B:3.1(0.13%),P:1e-8	Tpos:109.3,Tstd:57.3,Bpos:105.8,Bstd:19.1,StrandBias:1.3,Multiplicity:1.00
0.001	0.997	0.001	0.001
0.001	0.001	0.997	0.001
0.997	0.001	0.001	0.001
0.001	0.001	0.997	0.001
0.001	0.997	0.001	0.001
0.001	0.832	0.001	0.166
0.001	0.001	0.997	0.001
0.667	0.001	0.166	0.166
0.667	0.001	0.166	0.166
0.001	0.001	0.001	0.997
>CGTCATGACG	7-CGTCATGACG	11.160261	-20.138646	0	T:7.0(4.35%),B:3.7(0.15%),P:1e-8	Tpos:163.8,Tstd:39.4,Bpos:102.3,Bstd:23.0,StrandBias:1.6,Multiplicity:1.00
0.001	0.997	0.001	0.001
0.001	0.001	0.997	0.001
0.001	0.001	0.001	0.997
0.150	0.848	0.001	0.001
0.997	0.001	0.001	0.001
0.001	0.150	0.001	0.848
0.001	0.001	0.997	0.001
0.697	0.151	0.001	0.151
0.093	0.905	0.001	0.001
0.150	0.001	0.848	0.001
>CTTCTTCCCA	8-CTTCTTCCCA	10.800422	-18.368042	0	T:10.0(6.21%),B:12.7(0.52%),P:1e-7	Tpos:123.3,Tstd:67.5,Bpos:108.2,Bstd:48.9,StrandBias:-0.8,Multiplicity:1.10
0.110	0.888	0.001	0.001
0.001	0.001	0.001	0.997
0.001	0.110	0.001	0.888
0.001	0.777	0.111	0.111
0.001	0.001	0.110	0.888
0.110	0.001	0.001	0.888
0.001	0.997	0.001	0.001
0.001	0.997	0.001	0.001
0.001	0.888	0.110	0.001
0.888	0.001	0.001	0.110
>CGTCCTTAGG	9-CGTCCTTAGG	11.060955	-18.180176	0	T:7.0(4.35%),B:4.4(0.18%),P:1e-7	Tpos:123.1,Tstd:59.6,Bpos:121.0,Bstd:103.1,StrandBias:0.4,Multiplicity:1.00
0.001	0.997	0.001	0.001
0.001	0.001	0.997	0.001
0.001	0.001	0.001	0.997
0.001	0.713	0.143	0.143
0.001	0.856	0.001	0.142
0.001	0.001	0.001	0.997
0.001	0.001	0.001	0.997
0.713	0.143	0.143	0.001
0.001	0.001	0.997	0.001
0.001	0.001	0.856	0.142
>TTCCATCAGG	10-TTCCATCAGG	11.168319	-16.673444	0	T:7.0(4.35%),B:5.8(0.24%),P:1e-7	Tpos:112.1,Tstd:67.4,Bpos:105.8,Bstd:29.0,StrandBias:-0.4,Multiplicity:1.00
0.001	0.001	0.001	0.997
0.001	0.001	0.001	0.997
0.001	0.851	0.001	0.147
0.001	0.851	0.001	0.147
0.851	0.001	0.001	0.147
0.001	0.001	0.147	0.851
0.001	0.997	0.001	0.001
0.851	0.147	0.001	0.001
0.001	0.001	0.887	0.111
0.001	0.001	0.997	0.001
>TATCCTCTCC	11-TATCCTCTCC	11.276337	-14.864288	0	T:6.0(3.73%),B:4.7(0.19%),P:1e-6	Tpos:126.6,Tstd:63.5,Bpos:161.9,Bstd:58.6,StrandBias:3.0,Multiplicity:1.50
0.001	0.001	0.001	0.997
0.667	0.166	0.166	0.001
0.001	0.001	0.001	0.997
0.166	0.832	0.001	0.001
0.001	0.997	0.001	0.001
0.001	0.001	0.001	0.997
0.001	0.832	0.166	0.001
0.001	0.001	0.001	0.997
0.001	0.997	0.001	0.001
0.001	0.832	0.166	0.001
>ATAAATTACC	12-ATAAATTACC	6.697550	-13.889407	0	T:60.0(37.27%),B:502.2(20.64%),P:1e-6	Tpos:128.3,Tstd:69.3,Bpos:130.2,Bstd:73.1,StrandBias:-0.2,Multiplicity:1.33
0.838	0.031	0.084	0.047
0.086	0.064	0.090	0.760
0.780	0.047	0.059	0.114
0.864	0.031	0.031	0.074
0.862	0.028	0.063	0.047
0.071	0.001	0.031	0.897
0.063	0.051	0.085	0.801
0.800	0.043	0.098	0.059
0.096	0.659	0.091	0.154
0.071	0.746	0.112	0.071
>AACTACCGGC	13-AACTACCGGC	7.880095	-12.301461	0	T:14.0(8.70%),B:48.2(1.98%),P:1e-5	Tpos:118.5,Tstd:66.0,Bpos:125.2,Bstd:63.5,StrandBias:1.6,Multiplicity:1.23
0.656	0.225	0.001	0.118
0.993	0.001	0.005	0.001
0.284	0.714	0.001	0.001
0.123	0.001	0.001	0.875
0.876	0.005	0.001	0.118
0.011	0.763	0.225	0.001
0.112	0.775	0.001	0.112
0.225	0.001	0.715	0.059
0.230	0.001	0.764	0.005
0.112	0.866	0.001	0.021
>ACCGTGACCA	14-ACCGTGACCA	11.187377	-11.707345	0	T:5.0(3.11%),B:4.7(0.19%),P:1e-5	Tpos:146.3,Tstd:59.9,Bpos:159.8,Bstd:29.4,StrandBias:1.0,Multiplicity:1.80
0.997	0.001	0.001	0.001
0.001	0.997	0.001	0.001
0.115	0.883	0.001	0.001
0.115	0.001	0.883	0.001
0.001	0.001	0.115	0.883
0.001	0.001	0.997	0.001
0.997	0.001	0.001	0.001
0.001	0.883	0.115	0.001
0.115	0.883	0.001	0.001
0.997	0.001	0.001	0.001
>MWTRAATGGC	15-MWTRAATGGC	10.673352	-11.707345	0	T:5.0(3.11%),B:4.4(0.18%),P:1e-5	Tpos:125.0,Tstd:56.6,Bpos:136.5,Bstd:38.5,StrandBias:-0.6,Multiplicity:1.00
0.390	0.539	0.070	0.001
0.377	0.001	0.104	0.518
0.001	0.001	0.001	0.997
0.503	0.001	0.495	0.001
0.903	0.001	0.001	0.095
0.892	0.001	0.001	0.106
0.001	0.001	0.001	0.997
0.365	0.001	0.579	0.055
0.001	0.001	0.997	0.001
0.001	0.877	0.025	0.097
>GACYGGTTAG	16-GACYGGTTAG	11.407621	-10.004339	0	T:3.0(1.86%),B:0.7(0.03%),P:1e-4	Tpos:136.0,Tstd:46.8,Bpos:208.0,Bstd:0.0,StrandBias:10.0,Multiplicity:2.00
0.190	0.001	0.808	0.001
0.997	0.001	0.001	0.001
0.001	0.997	0.001	0.001
0.001	0.571	0.001	0.427
0.001	0.001	0.997	0.001
0.001	0.001	0.997	0.001
0.001	0.001	0.001	0.997
0.001	0.001	0.001	0.997
0.997	0.001	0.001	0.001
0.001	0.001	0.808	0.190
>ATTGATGTGT	17-ATTGATGTGT	10.982966	-9.786274	0	T:5.0(3.11%),B:6.1(0.25%),P:1e-4	Tpos:82.6,Tstd:47.2,Bpos:80.3,Bstd:45.7,StrandBias:1.9,Multiplicity:2.80
0.997	0.001	0.001	0.001
0.001	0.001	0.001	0.997
0.001	0.001	0.001	0.997
0.066	0.001	0.932	0.001
0.932	0.066	0.001	0.001
0.001	0.001	0.001	0.997
0.066	0.001	0.932	0.001
0.001	0.001	0.001	0.997
0.001	0.001	0.997	0.001
0.001	0.001	0.001	0.997
>CCATCTGTCA	18-CCATCTGTCA	11.713639	-8.736492	0	T:4.0(2.48%),B:4.9(0.20%),P:1e-3	Tpos:102.1,Tstd:44.7,Bpos:64.5,Bstd:24.7,StrandBias:2.6,Multiplicity:1.75
0.001	0.997	0.001	0.001
0.139	0.859	0.001	0.001
0.997	0.001	0.001	0.001
0.001	0.001	0.001	0.997
0.001	0.997	0.001	0.001
0.001	0.001	0.001	0.997
0.001	0.001	0.997	0.001
0.139	0.001	0.001	0.859
0.001	0.997	0.001	0.001
0.997	0.001	0.001	0.001
>GAGGTAGGTT	19-GAGGTAGGTT	10.296193	-7.973407	0	T:3.0(1.86%),B:2.0(0.08%),P:1e-3	Tpos:135.2,Tstd:68.8,Bpos:69.3,Bstd:32.2,StrandBias:1.6,Multiplicity:1.33
0.100	0.100	0.700	0.100
0.700	0.100	0.100	0.100
0.100	0.100	0.700	0.100
0.100	0.100	0.700	0.100
0.100	0.100	0.100	0.700
0.700	0.100	0.100	0.100
0.100	0.100	0.700	0.100
0.100	0.100	0.700	0.100
0.100	0.100	0.100	0.700
0.100	0.100	0.100	0.700
>GAACCTGGTT	20-GAACCTGGTT	13.645885	-6.172981	0	T:2.0(1.24%),B:2.0(0.08%),P:1e-2	Tpos:115.5,Tstd:62.3,Bpos:49.3,Bstd:9.4,StrandBias:1.6,Multiplicity:2.00
0.001	0.001	0.908	0.090
0.997	0.001	0.001	0.001
0.997	0.001	0.001	0.001
0.001	0.997	0.001	0.001
0.001	0.997	0.001	0.001
0.090	0.001	0.001	0.908
0.001	0.001	0.997	0.001
0.001	0.001	0.997	0.001
0.001	0.001	0.001	0.997
0.001	0.001	0.001	0.997
>CTATAGCAAC	21-CTATAGCAAC	12.063945	-5.377048	0	T:4.0(2.48%),B:10.2(0.42%),P:1e-2	Tpos:79.9,Tstd:47.8,Bpos:60.8,Bstd:28.5,StrandBias:-1.6,Multiplicity:2.00
0.001	0.997	0.001	0.001
0.001	0.001	0.001	0.997
0.997	0.001	0.001	0.001
0.170	0.170	0.001	0.659
0.997	0.001	0.001	0.001
0.001	0.001	0.997	0.001
0.001	0.997	0.001	0.001
0.997	0.001	0.001	0.001
0.997	0.001	0.001	0.001
0.001	0.997	0.001	0.001
>GCGTTATTCA	22-GCGTTATTCA	12.015743	-4.829933	0	T:2.0(1.24%),B:2.3(0.10%),P:1e-2	Tpos:121.0,Tstd:48.2,Bpos:120.5,Bstd:51.3,StrandBias:2.3,Multiplicity:3.00
0.001	0.001	0.997	0.001
0.001	0.836	0.162	0.001
0.001	0.001	0.997	0.001
0.001	0.001	0.001	0.997
0.001	0.001	0.001	0.997
0.997	0.001	0.001	0.001
0.001	0.001	0.001	0.997
0.001	0.001	0.001	0.997
0.001	0.997	0.001	0.001
0.997	0.001	0.001	0.001
>TCTGTGATTG	23-TCTGTGATTG	4.458463	-4.803893	0	T:153.0(95.03%),B:2172.1(89.28%),P:1e-2	Tpos:123.2,Tstd:69.9,Bpos:124.2,Bstd:72.3,StrandBias:0.1,Multiplicity:2.27
0.100	0.100	0.100	0.700
0.100	0.700	0.100	0.100
0.100	0.100	0.100	0.700
0.100	0.100	0.700	0.100
0.100	0.100	0.100	0.700
0.100	0.100	0.700	0.100
0.700	0.100	0.100	0.100
0.100	0.100	0.100	0.700
0.100	0.100	0.100	0.700
0.100	0.100	0.700	0.100
>TCTGAATAAT	24-TCTGAATAAT	10.296193	-2.087003	0	T:1.0(0.62%),B:2.3(0.09%),P:1e0	Tpos:105.2,Tstd:69.9,Bpos:92.8,Bstd:30.3,StrandBias:-10.0,Multiplicity:5.00
0.100	0.100	0.100	0.700
0.100	0.700	0.100	0.100
0.100	0.100	0.100	0.700
0.100	0.100	0.700	0.100
0.700	0.100	0.100	0.100
0.700	0.100	0.100	0.100
0.100	0.100	0.100	0.700
0.700	0.100	0.100	0.100
0.700	0.100	0.100	0.100
0.100	0.100	0.100	0.700
