>AAGCGATTGC	1-AAGCGATTGC	7.812877	-23.426170	0	T:16.0(30.77%),B:97.8(3.89%),P:1e-10	Tpos:128.3,Tstd:91.5,Bpos:121.9,Bstd:76.0,StrandBias:0.5,Multiplicity:1.12
0.841	0.079	0.001	0.079
0.919	0.079	0.001	0.001
0.001	0.001	0.774	0.224
0.225	0.564	0.159	0.052
0.163	0.052	0.784	0.001
0.836	0.162	0.001	0.001
0.001	0.079	0.239	0.681
0.001	0.079	0.001	0.919
0.082	0.004	0.845	0.069
0.001	0.854	0.144	0.001
>CGGCAGGTGC	2-CGGCAGGTGC	5.898739	-20.135592	0	T:25.0(48.08%),B:337.1(13.42%),P:1e-8	Tpos:125.7,Tstd:59.0,Bpos:126.9,Bstd:70.9,StrandBias:-0.3,Multiplicity:1.25
0.270	0.638	0.091	0.001
0.089	0.178	0.730	0.003
0.181	0.089	0.641	0.089
0.001	0.733	0.177	0.089
0.997	0.001	0.001	0.001
0.089	0.177	0.733	0.001
0.001	0.089	0.733	0.177
0.001	0.001	0.001	0.997
0.001	0.001	0.997	0.001
0.089	0.816	0.003	0.092
>ACGTGAAACA	3-ACGTGAAACA	9.203293	-20.059056	0	T:10.0(19.23%),B:35.0(1.39%),P:1e-8	Tpos:98.9,Tstd:60.2,Bpos:134.8,Bstd:80.2,StrandBias:-1.0,Multiplicity:1.20
0.997	0.001	0.001	0.001
0.001	0.997	0.001	0.001
0.001	0.154	0.718	0.127
0.001	0.307	0.001	0.691
0.001	0.126	0.872	0.001
0.997	0.001	0.001	0.001
0.997	0.001	0.001	0.001
0.997	0.001	0.001	0.001
0.126	0.872	0.001	0.001
0.997	0.001	0.001	0.001
>CTTAAGTATT	4-CTTAAGTATT	10.971701	-18.339361	0	T:7.0(13.46%),B:13.7(0.54%),P:1e-7	Tpos:117.8,Tstd:77.3,Bpos:96.4,Bstd:51.4,StrandBias:0.7,Multiplicity:1.14
0.001	0.997	0.001	0.001
0.152	0.001	0.001	0.846
0.152	0.001	0.001	0.846
0.997	0.001	0.001	0.001
0.846	0.001	0.001	0.152
0.110	0.001	0.763	0.126
0.001	0.152	0.001	0.846
0.997	0.001	0.001	0.001
0.001	0.001	0.001	0.997
0.001	0.001	0.001	0.997
>CGTGTTCGCK	5-CGTGTTCGCK	8.764105	-16.448000	0	T:10.0(19.23%),B:50.0(1.99%),P:1e-7	Tpos:145.5,Tstd:64.5,Bpos:149.9,Bstd:78.2,StrandBias:-2.1,Multiplicity:1.50
0.001	0.997	0.001	0.001
0.001	0.001	0.791	0.207
0.001	0.001	0.001	0.997
0.215	0.001	0.783	0.001
0.322	0.001	0.001	0.676
0.218	0.001	0.001	0.780
0.001	0.791	0.001	0.207
0.230	0.001	0.768	0.001
0.001	0.860	0.001	0.138
0.001	0.001	0.568	0.430
>CTTTTGCCTA	6-CTTTTGCCTA	9.221711	-13.677644	0	T:9.0(17.31%),B:52.3(2.08%),P:1e-5	Tpos:64.3,Tstd:59.2,Bpos:115.0,Bstd:81.9,StrandBias:-0.8,Multiplicity:1.22
0.244	0.754	0.001	0.001
0.001	0.001	0.001	0.997
0.001	0.001	0.001	0.997
0.001	0.001	0.001	0.997
0.001	0.001	0.001	0.997
0.001	0.148	0.554	0.297
0.149	0.553	0.149	0.149
0.122	0.876	0.001	0.001
0.001	0.148	0.335	0.516
0.997	0.001	0.001	0.001
>TCATCGCGTG	7-TCATCGCGTG	12.641032	-13.497796	0	T:3.0(5.77%),B:0.9(0.04%),P:1e-5	Tpos:191.0,Tstd:71.4,Bpos:98.0,Bstd:0.0,StrandBias:1.0,Multiplicity:1.00
0.238	0.001	0.001	0.760
0.001	0.997	0.001	0.001
0.997	0.001	0.001	0.001
0.001	0.001	0.001	0.997
0.001	0.997	0.001	0.001
0.001	0.001	0.997	0.001
0.001	0.997	0.001	0.001
0.001	0.238	0.760	0.001
0.001	0.001	0.001	0.997
0.239	0.239	0.521	0.001
>CCTAATTGAT	8-CCTAATTGAT	11.746161	-12.555479	0	T:5.0(9.62%),B:11.6(0.46%),P:1e-5	Tpos:112.1,Tstd:46.6,Bpos:125.6,Bstd:59.5,StrandBias:-1.3,Multiplicity:1.40
0.001	0.997	0.001	0.001
0.001	0.770	0.228	0.001
0.001	0.001	0.001	0.997
0.997	0.001	0.001	0.001
0.997	0.001	0.001	0.001
0.001	0.001	0.001	0.997
0.001	0.001	0.001	0.997
0.229	0.229	0.541	0.001
0.997	0.001	0.001	0.001
0.001	0.001	0.001	0.997
>YSRWTTGCAT	9-YSRWTTGCAT	8.582338	-11.964203	0	T:11.0(21.15%),B:102.7(4.09%),P:1e-5	Tpos:108.9,Tstd:71.7,Bpos:123.7,Bstd:76.4,StrandBias:1.9,Multiplicity:1.27
0.001	0.525	0.018	0.456
0.001	0.437	0.561	0.001
0.456	0.001	0.542	0.001
0.490	0.001	0.001	0.508
0.001	0.001	0.001	0.997
0.001	0.001	0.070	0.928
0.306	0.001	0.692	0.001
0.071	0.495	0.109	0.326
0.997	0.001	0.001	0.001
0.008	0.089	0.001	0.902
>CATATCACGG	10-CATATCACGG	11.091263	-11.731076	0	T:4.0(7.69%),B:6.7(0.27%),P:1e-5	Tpos:150.1,Tstd:62.7,Bpos:145.7,Bstd:64.2,StrandBias:1.3,Multiplicity:1.75
0.001	0.997	0.001	0.001
0.856	0.001	0.142	0.001
0.001	0.001	0.001	0.997
0.856	0.001	0.142	0.001
0.001	0.142	0.001	0.856
0.001	0.997	0.001	0.001
0.997	0.001	0.001	0.001
0.001	0.997	0.001	0.001
0.142	0.001	0.856	0.001
0.001	0.143	0.713	0.143
