>MRWMTYAYTCWT	1-MRWMTYAYTCWT	9.225856	-24.678566	0	T:10.0(19.23%),B:21.5(0.86%),P:1e-10	Tpos:117.0,Tstd:62.2,Bpos:134.2,Bstd:79.9,StrandBias:0.6,Multiplicity:1.00
0.514	0.443	0.035	0.008
0.556	0.001	0.442	0.001
0.443	0.039	0.001	0.517
0.556	0.442	0.001	0.001
0.001	0.001	0.001	0.997
0.001	0.512	0.001	0.486
0.964	0.034	0.001	0.001
0.001	0.447	0.035	0.517
0.001	0.001	0.001	0.997
0.001	0.995	0.001	0.003
0.521	0.035	0.001	0.443
0.001	0.001	0.001	0.997
>GMCGKAWWTKAT	2-GMCGKAWWTKAT	10.206753	-24.389142	0	T:5.0(9.62%),B:1.7(0.07%),P:1e-10	Tpos:97.4,Tstd:35.0,Bpos:110.8,Bstd:27.8,StrandBias:-0.6,Multiplicity:1.00
0.001	0.001	0.997	0.001
0.505	0.493	0.001	0.001
0.001	0.949	0.049	0.001
0.051	0.005	0.943	0.001
0.001	0.001	0.493	0.505
0.944	0.050	0.005	0.001
0.442	0.001	0.001	0.556
0.448	0.001	0.001	0.550
0.001	0.001	0.001	0.997
0.001	0.011	0.494	0.494
0.997	0.001	0.001	0.001
0.001	0.005	0.001	0.993
>SMMTCGCWTGCK	3-SMMTCGCWTGCK	7.030983	-23.599413	0	T:6.0(11.54%),B:3.6(0.14%),P:1e-10	Tpos:136.8,Tstd:82.4,Bpos:84.1,Bstd:76.4,StrandBias:1.0,Multiplicity:1.00
0.001	0.499	0.499	0.001
0.556	0.442	0.001	0.001
0.499	0.499	0.001	0.001
0.001	0.001	0.001	0.997
0.001	0.997	0.001	0.001
0.001	0.001	0.997	0.001
0.001	0.997	0.001	0.001
0.443	0.001	0.057	0.500
0.001	0.001	0.001	0.997
0.001	0.056	0.942	0.001
0.001	0.942	0.056	0.001
0.001	0.001	0.442	0.556
>AGTAATTCCCTA	4-AGTAATTCCCTA	8.113453	-21.038023	0	T:14.0(26.92%),B:81.1(3.23%),P:1e-9	Tpos:95.0,Tstd:63.3,Bpos:126.2,Bstd:74.9,StrandBias:0.2,Multiplicity:1.07
0.608	0.166	0.075	0.151
0.075	0.001	0.607	0.317
0.151	0.151	0.075	0.623
0.849	0.075	0.001	0.075
0.622	0.001	0.001	0.376
0.074	0.001	0.001	0.924
0.074	0.001	0.001	0.924
0.001	0.849	0.075	0.075
0.227	0.621	0.001	0.151
0.001	0.849	0.075	0.075
0.075	0.152	0.001	0.772
0.773	0.075	0.001	0.151
>ACKTSAAACAYM	5-ACKTSAAACAYM	7.276489	-20.953892	0	T:9.0(17.31%),B:22.9(0.91%),P:1e-9	Tpos:89.4,Tstd:44.8,Bpos:110.7,Bstd:67.7,StrandBias:-0.8,Multiplicity:1.22
0.997	0.001	0.001	0.001
0.001	0.997	0.001	0.001
0.002	0.053	0.502	0.443
0.001	0.058	0.001	0.940
0.002	0.443	0.554	0.001
0.997	0.001	0.001	0.001
0.997	0.001	0.001	0.001
0.898	0.001	0.001	0.100
0.001	0.997	0.001	0.001
0.949	0.001	0.049	0.001
0.001	0.549	0.001	0.449
0.445	0.550	0.001	0.004
>ATATCAAACAAG	6-ATATCAAACAAG	10.716923	-18.883965	0	T:7.0(13.46%),B:12.8(0.51%),P:1e-8	Tpos:158.1,Tstd:64.1,Bpos:132.6,Bstd:58.8,StrandBias:2.8,Multiplicity:1.14
0.960	0.001	0.001	0.038
0.001	0.190	0.190	0.619
0.809	0.189	0.001	0.001
0.001	0.001	0.191	0.807
0.190	0.770	0.001	0.039
0.610	0.001	0.001	0.388
0.572	0.001	0.229	0.198
0.619	0.001	0.190	0.190
0.001	0.997	0.001	0.001
0.997	0.001	0.001	0.001
0.618	0.001	0.190	0.191
0.001	0.001	0.997	0.001
>AGCTTTTGCCGA	7-AGCTTTTGCCGA	9.334476	-17.806507	0	T:8.0(15.38%),B:22.3(0.89%),P:1e-7	Tpos:57.6,Tstd:43.6,Bpos:145.2,Bstd:72.0,StrandBias:0.0,Multiplicity:1.00
0.997	0.001	0.001	0.001
0.020	0.001	0.819	0.160
0.001	0.997	0.001	0.001
0.319	0.001	0.001	0.679
0.001	0.319	0.160	0.520
0.001	0.159	0.001	0.839
0.160	0.160	0.001	0.679
0.319	0.160	0.520	0.001
0.159	0.839	0.001	0.001
0.160	0.679	0.001	0.160
0.001	0.159	0.839	0.001
0.679	0.319	0.001	0.001
>AGAAAAAGCAAT	8-AGAAAAAGCAAT	10.647838	-16.064454	0	T:4.0(7.69%),B:2.9(0.11%),P:1e-6	Tpos:145.5,Tstd:67.6,Bpos:122.9,Bstd:69.9,StrandBias:-1.6,Multiplicity:1.00
0.997	0.001	0.001	0.001
0.001	0.001	0.997	0.001
0.795	0.001	0.203	0.001
0.997	0.001	0.001	0.001
0.997	0.001	0.001	0.001
0.997	0.001	0.001	0.001
0.997	0.001	0.001	0.001
0.067	0.001	0.931	0.001
0.001	0.997	0.001	0.001
0.931	0.067	0.001	0.001
0.997	0.001	0.001	0.001
0.001	0.203	0.001	0.795
>ATGTAGCATHAA	9-ATGTAGCATHAA	10.797599	-15.970993	0	T:8.0(15.38%),B:28.6(1.14%),P:1e-6	Tpos:111.0,Tstd:70.3,Bpos:152.0,Bstd:64.4,StrandBias:0.3,Multiplicity:1.12
0.692	0.306	0.001	0.001
0.001	0.013	0.001	0.985
0.001	0.001	0.692	0.306
0.380	0.001	0.001	0.618
0.978	0.001	0.020	0.001
0.001	0.001	0.635	0.363
0.383	0.614	0.001	0.002
0.997	0.001	0.001	0.001
0.001	0.016	0.001	0.982
0.307	0.338	0.021	0.334
0.669	0.001	0.002	0.328
0.997	0.001	0.001	0.001
>CAACATDTCACG	10-CAACATDTCACG	12.635890	-13.497796	0	T:3.0(5.77%),B:1.7(0.07%),P:1e-5	Tpos:131.7,Tstd:50.5,Bpos:80.6,Bstd:28.3,StrandBias:1.3,Multiplicity:2.33
0.142	0.856	0.001	0.001
0.997	0.001	0.001	0.001
0.856	0.001	0.142	0.001
0.001	0.997	0.001	0.001
0.856	0.001	0.142	0.001
0.001	0.001	0.001	0.997
0.428	0.001	0.285	0.285
0.001	0.001	0.142	0.856
0.001	0.997	0.001	0.001
0.997	0.001	0.001	0.001
0.142	0.856	0.001	0.001
0.142	0.001	0.856	0.001
>GCACATGATTGG	11-GCACATGATTGG	10.164062	-10.231180	0	T:3.0(5.77%),B:3.3(0.13%),P:1e-4	Tpos:94.6,Tstd:40.5,Bpos:92.7,Bstd:26.5,StrandBias:0.6,Multiplicity:1.67
0.001	0.001	0.997	0.001
0.001	0.863	0.135	0.001
0.931	0.001	0.067	0.001
0.001	0.795	0.001	0.203
0.863	0.001	0.135	0.001
0.001	0.001	0.001	0.997
0.001	0.001	0.997	0.001
0.997	0.001	0.001	0.001
0.001	0.001	0.001	0.997
0.001	0.001	0.001	0.997
0.001	0.001	0.997	0.001
0.001	0.001	0.997	0.001
>TTBGTCCAATAY	12-TTBGTCCAATAY	9.253217	-10.154966	0	T:4.0(7.69%),B:9.8(0.39%),P:1e-4	Tpos:96.0,Tstd:25.7,Bpos:98.8,Bstd:95.3,StrandBias:2.3,Multiplicity:1.25
0.001	0.256	0.001	0.742
0.001	0.249	0.001	0.749
0.001	0.364	0.371	0.265
0.001	0.136	0.621	0.242
0.121	0.007	0.001	0.871
0.001	0.757	0.121	0.121
0.136	0.727	0.015	0.122
0.997	0.001	0.001	0.001
0.734	0.001	0.008	0.257
0.001	0.121	0.121	0.757
0.606	0.129	0.144	0.121
0.129	0.364	0.128	0.378
>CASGAWMAYGCT	13-CASGAWMAYGCT	13.722067	-8.481007	0	T:2.0(3.85%),B:0.5(0.02%),P:1e-3	Tpos:129.2,Tstd:66.5,Bpos:176.0,Bstd:0.0,StrandBias:10.0,Multiplicity:2.00
0.001	0.997	0.001	0.001
0.997	0.001	0.001	0.001
0.001	0.534	0.443	0.022
0.001	0.001	0.997	0.001
0.997	0.001	0.001	0.001
0.533	0.001	0.001	0.465
0.442	0.556	0.001	0.001
0.997	0.001	0.001	0.001
0.001	0.556	0.001	0.442
0.001	0.001	0.997	0.001
0.001	0.976	0.022	0.001
0.022	0.001	0.001	0.976
>GCACGGTAACGC	14-GCACGGTAACGC	16.108045	-3.887726	0	T:1.0(1.92%),B:2.0(0.08%),P:1e-1	Tpos:71.0,Tstd:0.0,Bpos:98.0,Bstd:0.0,StrandBias:10.0,Multiplicity:1.00
0.001	0.001	0.997	0.001
0.001	0.997	0.001	0.001
0.997	0.001	0.001	0.001
0.001	0.997	0.001	0.001
0.050	0.001	0.948	0.001
0.203	0.001	0.795	0.001
0.050	0.001	0.001	0.948
0.846	0.152	0.001	0.001
0.997	0.001	0.001	0.001
0.001	0.997	0.001	0.001
0.001	0.001	0.997	0.001
0.001	0.997	0.001	0.001
