>AAGCGATTGC	1-AAGCGATTGC	7.812877	-23.426170	0	T:16.0(30.77%),B:97.8(3.89%),P:1e-10	Tpos:128.3,Tstd:91.5,Bpos:121.9,Bstd:76.0,StrandBias:0.5,Multiplicity:1.12
0.841	0.079	0.001	0.079
0.919	0.079	0.001	0.001
0.001	0.001	0.774	0.224
0.225	0.564	0.159	0.052
0.163	0.052	0.784	0.001
0.836	0.162	0.001	0.001
0.001	0.079	0.239	0.681
0.001	0.079	0.001	0.919
0.082	0.004	0.845	0.069
0.001	0.854	0.144	0.001
>CGGCAGGTGC	2-CGGCAGGTGC	5.898739	-20.135592	0	T:25.0(48.08%),B:337.1(13.42%),P:1e-8	Tpos:125.7,Tstd:59.0,Bpos:126.9,Bstd:70.9,StrandBias:-0.3,Multiplicity:1.25
0.270	0.638	0.091	0.001
0.089	0.178	0.730	0.003
0.181	0.089	0.641	0.089
0.001	0.733	0.177	0.089
0.997	0.001	0.001	0.001
0.089	0.177	0.733	0.001
0.001	0.089	0.733	0.177
0.001	0.001	0.001	0.997
0.001	0.001	0.997	0.001
0.089	0.816	0.003	0.092
>ACGTGAAACA	3-ACGTGAAACA	9.203293	-20.059056	0	T:10.0(19.23%),B:35.0(1.39%),P:1e-8	Tpos:98.9,Tstd:60.2,Bpos:134.8,Bstd:80.2,StrandBias:-1.0,Multiplicity:1.20
0.997	0.001	0.001	0.001
0.001	0.997	0.001	0.001
0.001	0.154	0.718	0.127
0.001	0.307	0.001	0.691
0.001	0.126	0.872	0.001
0.997	0.001	0.001	0.001
0.997	0.001	0.001	0.001
0.997	0.001	0.001	0.001
0.126	0.872	0.001	0.001
0.997	0.001	0.001	0.001
>CTTAAGTATT	4-CTTAAGTATT	10.971701	-18.339361	0	T:7.0(13.46%),B:13.7(0.54%),P:1e-7	Tpos:117.8,Tstd:77.3,Bpos:96.4,Bstd:51.4,StrandBias:0.7,Multiplicity:1.14
0.001	0.997	0.001	0.001
0.152	0.001	0.001	0.846
0.152	0.001	0.001	0.846
0.997	0.001	0.001	0.001
0.846	0.001	0.001	0.152
0.110	0.001	0.763	0.126
0.001	0.152	0.001	0.846
0.997	0.001	0.001	0.001
0.001	0.001	0.001	0.997
0.001	0.001	0.001	0.997
>CGTGTTCGCK	5-CGTGTTCGCK	8.764105	-16.448000	0	T:10.0(19.23%),B:50.0(1.99%),P:1e-7	Tpos:145.5,Tstd:64.5,Bpos:149.9,Bstd:78.2,StrandBias:-2.1,Multiplicity:1.50
0.001	0.997	0.001	0.001
0.001	0.001	0.791	0.207
0.001	0.001	0.001	0.997
0.215	0.001	0.783	0.001
0.322	0.001	0.001	0.676
0.218	0.001	0.001	0.780
0.001	0.791	0.001	0.207
0.230	0.001	0.768	0.001
0.001	0.860	0.001	0.138
0.001	0.001	0.568	0.430
>CTTTTGCCTA	6-CTTTTGCCTA	9.221711	-13.677644	0	T:9.0(17.31%),B:52.3(2.08%),P:1e-5	Tpos:64.3,Tstd:59.2,Bpos:115.0,Bstd:81.9,StrandBias:-0.8,Multiplicity:1.22
0.244	0.754	0.001	0.001
0.001	0.001	0.001	0.997
0.001	0.001	0.001	0.997
0.001	0.001	0.001	0.997
0.001	0.001	0.001	0.997
0.001	0.148	0.554	0.297
0.149	0.553	0.149	0.149
0.122	0.876	0.001	0.001
0.001	0.148	0.335	0.516
0.997	0.001	0.001	0.001
>TCATCGCGTG	7-TCATCGCGTG	12.641032	-13.497796	0	T:3.0(5.77%),B:0.9(0.04%),P:1e-5	Tpos:191.0,Tstd:71.4,Bpos:98.0,Bstd:0.0,StrandBias:1.0,Multiplicity:1.00
0.238	0.001	0.001	0.760
0.001	0.997	0.001	0.001
0.997	0.001	0.001	0.001
0.001	0.001	0.001	0.997
0.001	0.997	0.001	0.001
0.001	0.001	0.997	0.001
0.001	0.997	0.001	0.001
0.001	0.238	0.760	0.001
0.001	0.001	0.001	0.997
0.239	0.239	0.521	0.001
>CCTAATTGAT	8-CCTAATTGAT	11.746161	-12.555479	0	T:5.0(9.62%),B:11.6(0.46%),P:1e-5	Tpos:112.1,Tstd:46.6,Bpos:125.6,Bstd:59.5,StrandBias:-1.3,Multiplicity:1.40
0.001	0.997	0.001	0.001
0.001	0.770	0.228	0.001
0.001	0.001	0.001	0.997
0.997	0.001	0.001	0.001
0.997	0.001	0.001	0.001
0.001	0.001	0.001	0.997
0.001	0.001	0.001	0.997
0.229	0.229	0.541	0.001
0.997	0.001	0.001	0.001
0.001	0.001	0.001	0.997
>YSRWTTGCAT	9-YSRWTTGCAT	8.582338	-11.964203	0	T:11.0(21.15%),B:102.7(4.09%),P:1e-5	Tpos:108.9,Tstd:71.7,Bpos:123.7,Bstd:76.4,StrandBias:1.9,Multiplicity:1.27
0.001	0.525	0.018	0.456
0.001	0.437	0.561	0.001
0.456	0.001	0.542	0.001
0.490	0.001	0.001	0.508
0.001	0.001	0.001	0.997
0.001	0.001	0.070	0.928
0.306	0.001	0.692	0.001
0.071	0.495	0.109	0.326
0.997	0.001	0.001	0.001
0.008	0.089	0.001	0.902
>CATATCACGG	10-CATATCACGG	11.091263	-11.731076	0	T:4.0(7.69%),B:6.7(0.27%),P:1e-5	Tpos:150.1,Tstd:62.7,Bpos:145.7,Bstd:64.2,StrandBias:1.3,Multiplicity:1.75
0.001	0.997	0.001	0.001
0.856	0.001	0.142	0.001
0.001	0.001	0.001	0.997
0.856	0.001	0.142	0.001
0.001	0.142	0.001	0.856
0.001	0.997	0.001	0.001
0.997	0.001	0.001	0.001
0.001	0.997	0.001	0.001
0.142	0.001	0.856	0.001
0.001	0.143	0.713	0.143
>MRWMTYAYTCWT	1-MRWMTYAYTCWT	9.225856	-24.678566	0	T:10.0(19.23%),B:21.5(0.86%),P:1e-10	Tpos:117.0,Tstd:62.2,Bpos:134.2,Bstd:79.9,StrandBias:0.6,Multiplicity:1.00
0.514	0.443	0.035	0.008
0.556	0.001	0.442	0.001
0.443	0.039	0.001	0.517
0.556	0.442	0.001	0.001
0.001	0.001	0.001	0.997
0.001	0.512	0.001	0.486
0.964	0.034	0.001	0.001
0.001	0.447	0.035	0.517
0.001	0.001	0.001	0.997
0.001	0.995	0.001	0.003
0.521	0.035	0.001	0.443
0.001	0.001	0.001	0.997
>GMCGKAWWTKAT	2-GMCGKAWWTKAT	10.206753	-24.389142	0	T:5.0(9.62%),B:1.7(0.07%),P:1e-10	Tpos:97.4,Tstd:35.0,Bpos:110.8,Bstd:27.8,StrandBias:-0.6,Multiplicity:1.00
0.001	0.001	0.997	0.001
0.505	0.493	0.001	0.001
0.001	0.949	0.049	0.001
0.051	0.005	0.943	0.001
0.001	0.001	0.493	0.505
0.944	0.050	0.005	0.001
0.442	0.001	0.001	0.556
0.448	0.001	0.001	0.550
0.001	0.001	0.001	0.997
0.001	0.011	0.494	0.494
0.997	0.001	0.001	0.001
0.001	0.005	0.001	0.993
>SMMTCGCWTGCK	3-SMMTCGCWTGCK	7.030983	-23.599413	0	T:6.0(11.54%),B:3.6(0.14%),P:1e-10	Tpos:136.8,Tstd:82.4,Bpos:84.1,Bstd:76.4,StrandBias:1.0,Multiplicity:1.00
0.001	0.499	0.499	0.001
0.556	0.442	0.001	0.001
0.499	0.499	0.001	0.001
0.001	0.001	0.001	0.997
0.001	0.997	0.001	0.001
0.001	0.001	0.997	0.001
0.001	0.997	0.001	0.001
0.443	0.001	0.057	0.500
0.001	0.001	0.001	0.997
0.001	0.056	0.942	0.001
0.001	0.942	0.056	0.001
0.001	0.001	0.442	0.556
>AGTAATTCCCTA	4-AGTAATTCCCTA	8.113453	-21.038023	0	T:14.0(26.92%),B:81.1(3.23%),P:1e-9	Tpos:95.0,Tstd:63.3,Bpos:126.2,Bstd:74.9,StrandBias:0.2,Multiplicity:1.07
0.608	0.166	0.075	0.151
0.075	0.001	0.607	0.317
0.151	0.151	0.075	0.623
0.849	0.075	0.001	0.075
0.622	0.001	0.001	0.376
0.074	0.001	0.001	0.924
0.074	0.001	0.001	0.924
0.001	0.849	0.075	0.075
0.227	0.621	0.001	0.151
0.001	0.849	0.075	0.075
0.075	0.152	0.001	0.772
0.773	0.075	0.001	0.151
>ACKTSAAACAYM	5-ACKTSAAACAYM	7.276489	-20.953892	0	T:9.0(17.31%),B:22.9(0.91%),P:1e-9	Tpos:89.4,Tstd:44.8,Bpos:110.7,Bstd:67.7,StrandBias:-0.8,Multiplicity:1.22
0.997	0.001	0.001	0.001
0.001	0.997	0.001	0.001
0.002	0.053	0.502	0.443
0.001	0.058	0.001	0.940
0.002	0.443	0.554	0.001
0.997	0.001	0.001	0.001
0.997	0.001	0.001	0.001
0.898	0.001	0.001	0.100
0.001	0.997	0.001	0.001
0.949	0.001	0.049	0.001
0.001	0.549	0.001	0.449
0.445	0.550	0.001	0.004
>ATATCAAACAAG	6-ATATCAAACAAG	10.716923	-18.883965	0	T:7.0(13.46%),B:12.8(0.51%),P:1e-8	Tpos:158.1,Tstd:64.1,Bpos:132.6,Bstd:58.8,StrandBias:2.8,Multiplicity:1.14
0.960	0.001	0.001	0.038
0.001	0.190	0.190	0.619
0.809	0.189	0.001	0.001
0.001	0.001	0.191	0.807
0.190	0.770	0.001	0.039
0.610	0.001	0.001	0.388
0.572	0.001	0.229	0.198
0.619	0.001	0.190	0.190
0.001	0.997	0.001	0.001
0.997	0.001	0.001	0.001
0.618	0.001	0.190	0.191
0.001	0.001	0.997	0.001
>AGCTTTTGCCGA	7-AGCTTTTGCCGA	9.334476	-17.806507	0	T:8.0(15.38%),B:22.3(0.89%),P:1e-7	Tpos:57.6,Tstd:43.6,Bpos:145.2,Bstd:72.0,StrandBias:0.0,Multiplicity:1.00
0.997	0.001	0.001	0.001
0.020	0.001	0.819	0.160
0.001	0.997	0.001	0.001
0.319	0.001	0.001	0.679
0.001	0.319	0.160	0.520
0.001	0.159	0.001	0.839
0.160	0.160	0.001	0.679
0.319	0.160	0.520	0.001
0.159	0.839	0.001	0.001
0.160	0.679	0.001	0.160
0.001	0.159	0.839	0.001
0.679	0.319	0.001	0.001
>AGAAAAAGCAAT	8-AGAAAAAGCAAT	10.647838	-16.064454	0	T:4.0(7.69%),B:2.9(0.11%),P:1e-6	Tpos:145.5,Tstd:67.6,Bpos:122.9,Bstd:69.9,StrandBias:-1.6,Multiplicity:1.00
0.997	0.001	0.001	0.001
0.001	0.001	0.997	0.001
0.795	0.001	0.203	0.001
0.997	0.001	0.001	0.001
0.997	0.001	0.001	0.001
0.997	0.001	0.001	0.001
0.997	0.001	0.001	0.001
0.067	0.001	0.931	0.001
0.001	0.997	0.001	0.001
0.931	0.067	0.001	0.001
0.997	0.001	0.001	0.001
0.001	0.203	0.001	0.795
>ATGTAGCATHAA	9-ATGTAGCATHAA	10.797599	-15.970993	0	T:8.0(15.38%),B:28.6(1.14%),P:1e-6	Tpos:111.0,Tstd:70.3,Bpos:152.0,Bstd:64.4,StrandBias:0.3,Multiplicity:1.12
0.692	0.306	0.001	0.001
0.001	0.013	0.001	0.985
0.001	0.001	0.692	0.306
0.380	0.001	0.001	0.618
0.978	0.001	0.020	0.001
0.001	0.001	0.635	0.363
0.383	0.614	0.001	0.002
0.997	0.001	0.001	0.001
0.001	0.016	0.001	0.982
0.307	0.338	0.021	0.334
0.669	0.001	0.002	0.328
0.997	0.001	0.001	0.001
>CAACATDTCACG	10-CAACATDTCACG	12.635890	-13.497796	0	T:3.0(5.77%),B:1.7(0.07%),P:1e-5	Tpos:131.7,Tstd:50.5,Bpos:80.6,Bstd:28.3,StrandBias:1.3,Multiplicity:2.33
0.142	0.856	0.001	0.001
0.997	0.001	0.001	0.001
0.856	0.001	0.142	0.001
0.001	0.997	0.001	0.001
0.856	0.001	0.142	0.001
0.001	0.001	0.001	0.997
0.428	0.001	0.285	0.285
0.001	0.001	0.142	0.856
0.001	0.997	0.001	0.001
0.997	0.001	0.001	0.001
0.142	0.856	0.001	0.001
0.142	0.001	0.856	0.001
>GCACATGATTGG	11-GCACATGATTGG	10.164062	-10.231180	0	T:3.0(5.77%),B:3.3(0.13%),P:1e-4	Tpos:94.6,Tstd:40.5,Bpos:92.7,Bstd:26.5,StrandBias:0.6,Multiplicity:1.67
0.001	0.001	0.997	0.001
0.001	0.863	0.135	0.001
0.931	0.001	0.067	0.001
0.001	0.795	0.001	0.203
0.863	0.001	0.135	0.001
0.001	0.001	0.001	0.997
0.001	0.001	0.997	0.001
0.997	0.001	0.001	0.001
0.001	0.001	0.001	0.997
0.001	0.001	0.001	0.997
0.001	0.001	0.997	0.001
0.001	0.001	0.997	0.001
>TTBGTCCAATAY	12-TTBGTCCAATAY	9.253217	-10.154966	0	T:4.0(7.69%),B:9.8(0.39%),P:1e-4	Tpos:96.0,Tstd:25.7,Bpos:98.8,Bstd:95.3,StrandBias:2.3,Multiplicity:1.25
0.001	0.256	0.001	0.742
0.001	0.249	0.001	0.749
0.001	0.364	0.371	0.265
0.001	0.136	0.621	0.242
0.121	0.007	0.001	0.871
0.001	0.757	0.121	0.121
0.136	0.727	0.015	0.122
0.997	0.001	0.001	0.001
0.734	0.001	0.008	0.257
0.001	0.121	0.121	0.757
0.606	0.129	0.144	0.121
0.129	0.364	0.128	0.378
>CASGAWMAYGCT	13-CASGAWMAYGCT	13.722067	-8.481007	0	T:2.0(3.85%),B:0.5(0.02%),P:1e-3	Tpos:129.2,Tstd:66.5,Bpos:176.0,Bstd:0.0,StrandBias:10.0,Multiplicity:2.00
0.001	0.997	0.001	0.001
0.997	0.001	0.001	0.001
0.001	0.534	0.443	0.022
0.001	0.001	0.997	0.001
0.997	0.001	0.001	0.001
0.533	0.001	0.001	0.465
0.442	0.556	0.001	0.001
0.997	0.001	0.001	0.001
0.001	0.556	0.001	0.442
0.001	0.001	0.997	0.001
0.001	0.976	0.022	0.001
0.022	0.001	0.001	0.976
>GCACGGTAACGC	14-GCACGGTAACGC	16.108045	-3.887726	0	T:1.0(1.92%),B:2.0(0.08%),P:1e-1	Tpos:71.0,Tstd:0.0,Bpos:98.0,Bstd:0.0,StrandBias:10.0,Multiplicity:1.00
0.001	0.001	0.997	0.001
0.001	0.997	0.001	0.001
0.997	0.001	0.001	0.001
0.001	0.997	0.001	0.001
0.050	0.001	0.948	0.001
0.203	0.001	0.795	0.001
0.050	0.001	0.001	0.948
0.846	0.152	0.001	0.001
0.997	0.001	0.001	0.001
0.001	0.997	0.001	0.001
0.001	0.001	0.997	0.001
0.001	0.997	0.001	0.001
>CCACTA	1-CCACTA	6.177716	-7.750275	0	T:11.0(21.15%),B:163.8(6.52%),P:1e-3	Tpos:151.9,Tstd:65.3,Bpos:118.9,Bstd:70.2,StrandBias:0.3,Multiplicity:1.00
0.100	0.700	0.100	0.100
0.100	0.700	0.100	0.100
0.700	0.100	0.100	0.100
0.100	0.700	0.100	0.100
0.100	0.100	0.100	0.700
0.700	0.100	0.100	0.100
>TGGGGC	2-TGGGGC	5.155581	-7.347936	0	T:23.0(44.23%),B:582.3(23.17%),P:1e-3	Tpos:129.2,Tstd:60.7,Bpos:124.5,Bstd:79.6,StrandBias:1.4,Multiplicity:1.26
0.001	0.205	0.001	0.793
0.001	0.001	0.997	0.001
0.209	0.001	0.789	0.001
0.001	0.001	0.997	0.001
0.001	0.001	0.997	0.001
0.001	0.997	0.001	0.001
>CTGCCK	3-CTGCCK	5.697669	-6.313338	0	T:19.0(36.54%),B:468.5(18.64%),P:1e-2	Tpos:159.5,Tstd:65.9,Bpos:126.6,Bstd:80.6,StrandBias:0.0,Multiplicity:1.39
0.001	0.997	0.001	0.001
0.001	0.001	0.163	0.835
0.001	0.001	0.997	0.001
0.001	0.997	0.001	0.001
0.001	0.997	0.001	0.001
0.001	0.001	0.546	0.452
>GATATG	4-GATATG	7.292141	-6.210480	0	T:22.0(42.31%),B:589.0(23.44%),P:1e-2	Tpos:135.3,Tstd:71.6,Bpos:127.6,Bstd:77.2,StrandBias:0.4,Multiplicity:1.45
0.001	0.001	0.997	0.001
0.634	0.001	0.001	0.364
0.001	0.001	0.001	0.997
0.997	0.001	0.001	0.001
0.001	0.001	0.001	0.997
0.001	0.001	0.997	0.001
>CGTGCA	5-CGTGCA	7.054470	-3.058379	0	T:13.0(25.00%),B:385.7(15.35%),P:1e-1	Tpos:126.9,Tstd:59.2,Bpos:122.9,Bstd:79.0,StrandBias:-0.4,Multiplicity:1.62
0.001	0.997	0.001	0.001
0.001	0.001	0.997	0.001
0.001	0.001	0.001	0.997
0.001	0.001	0.997	0.001
0.001	0.997	0.001	0.001
0.711	0.287	0.001	0.001
>TCCATRSM	1-TCCATRSM	5.704004	-14.955107	0	T:28.0(53.85%),B:539.2(21.46%),P:1e-6	Tpos:134.5,Tstd:66.0,Bpos:128.9,Bstd:77.0,StrandBias:0.5,Multiplicity:1.44
0.020	0.018	0.046	0.916
0.026	0.715	0.016	0.243
0.089	0.866	0.023	0.022
0.544	0.113	0.227	0.116
0.072	0.015	0.145	0.768
0.431	0.003	0.564	0.002
0.051	0.485	0.426	0.037
0.445	0.553	0.001	0.001
>RGCACGTG	2-RGCACGTG	7.006435	-14.848062	0	T:18.0(34.62%),B:228.9(9.11%),P:1e-6	Tpos:118.3,Tstd:43.6,Bpos:134.1,Bstd:65.8,StrandBias:-0.1,Multiplicity:1.33
0.423	0.002	0.344	0.232
0.077	0.131	0.707	0.085
0.001	0.954	0.044	0.001
0.958	0.001	0.001	0.040
0.058	0.727	0.170	0.045
0.001	0.140	0.782	0.077
0.124	0.134	0.001	0.741
0.031	0.072	0.817	0.080
>ATTTCCGT	3-ATTTCCGT	8.003599	-11.964203	0	T:11.0(21.15%),B:102.7(4.09%),P:1e-5	Tpos:90.6,Tstd:72.0,Bpos:129.9,Bstd:78.9,StrandBias:0.6,Multiplicity:1.00
0.713	0.001	0.262	0.024
0.001	0.001	0.001	0.997
0.251	0.030	0.001	0.718
0.014	0.178	0.001	0.807
0.001	0.997	0.001	0.001
0.032	0.680	0.287	0.001
0.001	0.188	0.810	0.001
0.039	0.001	0.045	0.915
>GTGATATG	4-GTGATATG	8.298858	-11.822928	0	T:8.0(15.38%),B:49.3(1.96%),P:1e-5	Tpos:161.1,Tstd:71.7,Bpos:133.1,Bstd:68.5,StrandBias:-0.8,Multiplicity:1.38
0.001	0.001	0.997	0.001
0.001	0.001	0.001	0.997
0.001	0.001	0.997	0.001
0.997	0.001	0.001	0.001
0.001	0.001	0.069	0.929
0.997	0.001	0.001	0.001
0.001	0.093	0.001	0.905
0.001	0.001	0.997	0.001
>CGWACACG	5-CGWACACG	8.114904	-7.799905	0	T:7.0(13.46%),B:66.4(2.64%),P:1e-3	Tpos:152.9,Tstd:58.8,Bpos:120.7,Bstd:84.7,StrandBias:2.3,Multiplicity:1.57
0.001	0.557	0.113	0.329
0.093	0.001	0.905	0.001
0.464	0.001	0.017	0.518
0.767	0.090	0.142	0.001
0.001	0.855	0.123	0.021
0.896	0.001	0.001	0.102
0.019	0.720	0.108	0.153
0.001	0.001	0.873	0.125
