>CGCATCTTGTGA	13-CGCATCTTGTGA,BestGuess:MITF(bHLH)/MastCells-MITF-ChIP-Seq(GSE48085)/Homer(0.722)	11.190589	-11.618442	0	T:3.0(3.49%),B:0.0(0.00%),P:1e-5
0.059	0.763	0.059	0.119
0.001	0.394	0.546	0.059
0.270	0.612	0.059	0.059
0.552	0.059	0.270	0.119
0.001	0.058	0.001	0.940
0.001	0.687	0.194	0.118
0.119	0.005	0.059	0.817
0.001	0.119	0.059	0.821
0.059	0.005	0.817	0.119
0.059	0.059	0.059	0.823
0.059	0.118	0.822	0.001
0.823	0.059	0.059	0.059
