>CTACCGAACA	1-CTACCGAACA	11.091263	-33.548654	0	T:8.0(5.16%),B:1.7(0.06%),P:1e-14	Tpos:149.3,Tstd:62.5,Bpos:112.5,Bstd:20.5,StrandBias:0.3,Multiplicity:1.12
0.001	0.997	0.001	0.001
0.001	0.142	0.001	0.856
0.856	0.001	0.001	0.142
0.001	0.997	0.001	0.001
0.001	0.856	0.142	0.001
0.143	0.143	0.713	0.001
0.997	0.001	0.001	0.001
0.997	0.001	0.001	0.001
0.001	0.856	0.142	0.001
0.997	0.001	0.001	0.001
>CTCTGTCATC	2-CTCTGTCATC	11.060955	-30.125751	0	T:10.0(6.45%),B:4.5(0.17%),P:1e-13	Tpos:134.5,Tstd:66.3,Bpos:112.9,Bstd:81.0,StrandBias:0.0,Multiplicity:1.00
0.143	0.713	0.001	0.143
0.001	0.001	0.001	0.997
0.143	0.713	0.143	0.001
0.001	0.001	0.001	0.997
0.142	0.001	0.856	0.001
0.001	0.001	0.001	0.997
0.142	0.856	0.001	0.001
0.997	0.001	0.001	0.001
0.001	0.001	0.001	0.997
0.001	0.997	0.001	0.001
>GCCATTCAAS	3-GCCATTCAAS	11.029758	-26.617851	0	T:11.0(7.10%),B:8.0(0.30%),P:1e-11	Tpos:131.0,Tstd:55.9,Bpos:107.9,Bstd:54.3,StrandBias:0.8,Multiplicity:1.00
0.001	0.001	0.997	0.001
0.001	0.997	0.001	0.001
0.229	0.769	0.001	0.001
0.997	0.001	0.001	0.001
0.001	0.001	0.001	0.997
0.001	0.001	0.001	0.997
0.001	0.769	0.001	0.229
0.741	0.014	0.001	0.244
0.997	0.001	0.001	0.001
0.001	0.459	0.539	0.001
>CTCCCTTGGG	4-CTCCCTTGGG	10.375833	-22.606118	0	T:8.0(5.16%),B:4.3(0.16%),P:1e-9	Tpos:108.5,Tstd:58.9,Bpos:123.5,Bstd:44.6,StrandBias:1.2,Multiplicity:1.25
0.001	0.997	0.001	0.001
0.001	0.281	0.001	0.717
0.001	0.997	0.001	0.001
0.001	0.997	0.001	0.001
0.001	0.997	0.001	0.001
0.243	0.001	0.001	0.755
0.001	0.001	0.229	0.769
0.001	0.001	0.997	0.001
0.229	0.001	0.769	0.001
0.001	0.229	0.769	0.001
>CGTCATGACG	5-CGTCATGACG	11.091263	-22.606118	0	T:8.0(5.16%),B:4.1(0.16%),P:1e-9	Tpos:172.7,Tstd:45.2,Bpos:108.8,Bstd:34.4,StrandBias:0.3,Multiplicity:1.00
0.001	0.856	0.001	0.142
0.001	0.001	0.997	0.001
0.001	0.001	0.001	0.997
0.142	0.856	0.001	0.001
0.997	0.001	0.001	0.001
0.001	0.142	0.001	0.856
0.001	0.001	0.997	0.001
0.713	0.143	0.001	0.143
0.142	0.856	0.001	0.001
0.001	0.001	0.997	0.001
>TCGTTAATTT	6-TCGTTAATTT	9.950188	-20.359146	0	T:13.0(8.39%),B:23.8(0.90%),P:1e-8	Tpos:143.0,Tstd:84.4,Bpos:146.3,Bstd:73.9,StrandBias:-1.1,Multiplicity:1.23
0.081	0.081	0.081	0.757
0.001	0.839	0.080	0.080
0.178	0.080	0.741	0.001
0.001	0.001	0.001	0.997
0.001	0.001	0.080	0.918
0.868	0.001	0.080	0.051
0.918	0.001	0.080	0.001
0.001	0.001	0.001	0.997
0.001	0.001	0.001	0.997
0.001	0.001	0.001	0.997
>TGACTATCGA	7-TGACTATCGA	8.094355	-19.862009	0	T:17.0(10.97%),B:46.2(1.74%),P:1e-8	Tpos:136.9,Tstd:67.6,Bpos:126.1,Bstd:79.3,StrandBias:0.7,Multiplicity:1.06
0.197	0.147	0.001	0.655
0.099	0.076	0.776	0.049
0.996	0.001	0.001	0.002
0.168	0.679	0.052	0.101
0.098	0.001	0.197	0.704
0.702	0.001	0.197	0.100
0.038	0.001	0.049	0.912
0.001	0.776	0.174	0.049
0.083	0.049	0.816	0.052
0.997	0.001	0.001	0.001
>GGGAAAGAKC	8-GGGAAAGAKC	8.662324	-19.841067	0	T:14.0(9.03%),B:29.8(1.12%),P:1e-8	Tpos:88.6,Tstd:55.5,Bpos:99.9,Bstd:71.2,StrandBias:0.6,Multiplicity:1.07
0.001	0.001	0.858	0.140
0.001	0.140	0.858	0.001
0.001	0.001	0.997	0.001
0.858	0.001	0.140	0.001
0.858	0.001	0.001	0.140
0.997	0.001	0.001	0.001
0.036	0.001	0.823	0.140
0.750	0.001	0.001	0.248
0.176	0.001	0.428	0.395
0.001	0.718	0.280	0.001
>CGTCCTTAGG	9-CGTCCTTAGG	11.236213	-19.647969	0	T:6.0(3.87%),B:2.5(0.10%),P:1e-8	Tpos:116.3,Tstd:61.9,Bpos:138.9,Bstd:92.6,StrandBias:1.0,Multiplicity:1.00
0.001	0.997	0.001	0.001
0.001	0.001	0.997	0.001
0.001	0.001	0.001	0.997
0.001	0.667	0.166	0.166
0.001	0.997	0.001	0.001
0.001	0.001	0.001	0.997
0.001	0.001	0.001	0.997
0.667	0.166	0.166	0.001
0.001	0.001	0.997	0.001
0.001	0.001	0.832	0.166
>TCACTACTBC	10-TCACTACTBC	11.143220	-19.647969	0	T:6.0(3.87%),B:2.2(0.08%),P:1e-8	Tpos:168.0,Tstd:62.9,Bpos:123.8,Bstd:14.6,StrandBias:2.3,Multiplicity:1.00
0.001	0.001	0.001	0.997
0.001	0.997	0.001	0.001
0.997	0.001	0.001	0.001
0.001	0.997	0.001	0.001
0.001	0.001	0.001	0.997
0.997	0.001	0.001	0.001
0.052	0.649	0.001	0.298
0.001	0.001	0.001	0.997
0.104	0.299	0.299	0.299
0.001	0.997	0.001	0.001
>ATGYTTKRAW	11-ATGYTTKRAW	5.225188	-19.333845	0	T:29.0(18.71%),B:142.5(5.38%),P:1e-8	Tpos:130.3,Tstd:76.0,Bpos:125.0,Bstd:76.7,StrandBias:-0.3,Multiplicity:1.07
0.997	0.001	0.001	0.001
0.001	0.001	0.001	0.997
0.001	0.001	0.997	0.001
0.001	0.429	0.058	0.512
0.001	0.001	0.001	0.997
0.001	0.001	0.001	0.997
0.001	0.001	0.487	0.511
0.426	0.053	0.519	0.002
0.997	0.001	0.001	0.001
0.432	0.075	0.001	0.492
>ACCYGGTTAG	12-ACCYGGTTAG	9.096188	-15.675596	0	T:5.0(3.23%),B:2.2(0.08%),P:1e-6	Tpos:136.2,Tstd:45.1,Bpos:150.9,Bstd:84.3,StrandBias:0.6,Multiplicity:1.00
0.879	0.001	0.119	0.001
0.147	0.851	0.001	0.001
0.001	0.997	0.001	0.001
0.001	0.510	0.001	0.488
0.001	0.001	0.997	0.001
0.001	0.001	0.997	0.001
0.001	0.001	0.001	0.997
0.001	0.001	0.001	0.997
0.997	0.001	0.001	0.001
0.001	0.001	0.971	0.027
>CTAGAGCAAC	13-CTAGAGCAAC	9.869352	-14.930507	0	T:11.0(7.10%),B:25.1(0.95%),P:1e-6	Tpos:101.6,Tstd:59.9,Bpos:99.3,Bstd:58.6,StrandBias:-0.7,Multiplicity:1.45
0.064	0.934	0.001	0.001
0.001	0.001	0.001	0.997
0.997	0.001	0.001	0.001
0.054	0.085	0.554	0.307
0.997	0.001	0.001	0.001
0.001	0.084	0.914	0.001
0.084	0.831	0.084	0.001
0.997	0.001	0.001	0.001
0.997	0.001	0.001	0.001
0.084	0.850	0.001	0.065
>TAGGTTCCTA	14-TAGGTTCCTA	7.099872	-14.739720	0	T:15.0(9.68%),B:51.9(1.96%),P:1e-6	Tpos:151.7,Tstd:63.3,Bpos:116.9,Bstd:70.5,StrandBias:-0.3,Multiplicity:1.20
0.001	0.001	0.001	0.997
0.870	0.001	0.128	0.001
0.001	0.001	0.870	0.128
0.001	0.001	0.997	0.001
0.001	0.001	0.001	0.997
0.001	0.001	0.001	0.997
0.129	0.643	0.099	0.129
0.001	0.997	0.001	0.001
0.001	0.128	0.001	0.870
0.870	0.001	0.128	0.001
>ACCGTGACCA	15-ACCGTGACCA	11.380004	-14.618166	0	T:4.0(2.58%),B:1.7(0.06%),P:1e-6	Tpos:146.1,Tstd:63.5,Bpos:187.9,Bstd:36.9,StrandBias:1.6,Multiplicity:2.00
0.997	0.001	0.001	0.001
0.001	0.997	0.001	0.001
0.001	0.997	0.001	0.001
0.130	0.001	0.868	0.001
0.001	0.001	0.130	0.868
0.001	0.001	0.997	0.001
0.997	0.001	0.001	0.001
0.001	0.868	0.130	0.001
0.130	0.868	0.001	0.001
0.997	0.001	0.001	0.001
>TACGCCATGA	16-TACGCCATGA	10.912917	-13.695318	0	T:5.0(3.23%),B:3.8(0.14%),P:1e-5	Tpos:118.8,Tstd:46.6,Bpos:115.4,Bstd:66.4,StrandBias:1.0,Multiplicity:1.80
0.001	0.001	0.001	0.997
0.997	0.001	0.001	0.001
0.001	0.997	0.001	0.001
0.001	0.318	0.661	0.020
0.001	0.997	0.001	0.001
0.001	0.656	0.001	0.342
0.997	0.001	0.001	0.001
0.001	0.001	0.001	0.997
0.001	0.298	0.700	0.001
0.700	0.001	0.298	0.001
>TATCCTCTCC	17-TATCCTCTCC	11.490573	-12.303904	0	T:5.0(3.23%),B:4.4(0.17%),P:1e-5	Tpos:123.6,Tstd:66.8,Bpos:193.3,Bstd:68.7,StrandBias:2.8,Multiplicity:1.60
0.001	0.001	0.001	0.997
0.599	0.200	0.200	0.001
0.001	0.001	0.001	0.997
0.199	0.799	0.001	0.001
0.001	0.997	0.001	0.001
0.001	0.001	0.001	0.997
0.001	0.799	0.199	0.001
0.001	0.001	0.001	0.997
0.001	0.997	0.001	0.001
0.001	0.997	0.001	0.001
>AATTACGTAA	18-AATTACGTAA	10.191269	-12.105625	0	T:8.0(5.16%),B:16.0(0.61%),P:1e-5	Tpos:121.4,Tstd:71.7,Bpos:105.8,Bstd:54.2,StrandBias:-0.3,Multiplicity:1.12
0.896	0.001	0.001	0.102
0.896	0.102	0.001	0.001
0.001	0.001	0.001	0.997
0.001	0.001	0.055	0.943
0.896	0.102	0.001	0.001
0.001	0.848	0.102	0.049
0.048	0.001	0.950	0.001
0.001	0.001	0.001	0.997
0.896	0.001	0.102	0.001
0.896	0.001	0.102	0.001
>GCGCKCGCTT	19-GCGCKCGCTT	8.794879	-11.208304	0	T:14.0(9.03%),B:60.9(2.30%),P:1e-4	Tpos:119.4,Tstd:63.5,Bpos:116.4,Bstd:62.6,StrandBias:0.4,Multiplicity:1.31
0.001	0.001	0.997	0.001
0.001	0.997	0.001	0.001
0.001	0.107	0.891	0.001
0.134	0.864	0.001	0.001
0.239	0.001	0.446	0.313
0.213	0.782	0.001	0.004
0.104	0.001	0.551	0.344
0.001	0.790	0.001	0.208
0.132	0.208	0.001	0.659
0.001	0.001	0.232	0.766
>CTTACGTCGC	20-CTTACGTCGC	12.319569	-10.370852	0	T:3.0(1.94%),B:1.3(0.05%),P:1e-4	Tpos:111.6,Tstd:84.1,Bpos:121.0,Bstd:68.7,StrandBias:0.6,Multiplicity:1.67
0.001	0.997	0.001	0.001
0.001	0.001	0.001	0.997
0.001	0.001	0.001	0.997
0.997	0.001	0.001	0.001
0.001	0.626	0.001	0.372
0.001	0.001	0.997	0.001
0.001	0.001	0.001	0.997
0.001	0.997	0.001	0.001
0.128	0.001	0.705	0.166
0.166	0.832	0.001	0.001
>GAGTTGTGTG	21-GAGTTGTGTG	12.303425	-10.370852	0	T:3.0(1.94%),B:1.5(0.06%),P:1e-4	Tpos:127.3,Tstd:50.2,Bpos:174.0,Bstd:0.0,StrandBias:1.0,Multiplicity:2.00
0.001	0.001	0.997	0.001
0.997	0.001	0.001	0.001
0.001	0.001	0.997	0.001
0.001	0.001	0.001	0.997
0.001	0.001	0.001	0.997
0.216	0.001	0.782	0.001
0.001	0.001	0.001	0.997
0.001	0.001	0.997	0.001
0.001	0.001	0.001	0.997
0.001	0.001	0.997	0.001
>TTATTCAGAC	22-TTATTCAGAC	11.473398	-10.314593	0	T:4.0(2.58%),B:3.7(0.14%),P:1e-4	Tpos:122.0,Tstd:70.6,Bpos:142.3,Bstd:40.2,StrandBias:2.8,Multiplicity:2.00
0.122	0.001	0.001	0.876
0.001	0.001	0.001	0.997
0.997	0.001	0.001	0.001
0.122	0.001	0.001	0.876
0.001	0.001	0.001	0.997
0.001	0.997	0.001	0.001
0.997	0.001	0.001	0.001
0.001	0.001	0.997	0.001
0.997	0.001	0.001	0.001
0.001	0.876	0.001	0.122
>TCTGTGATTG	23-TCTGTGATTG	12.021897	-9.209191	0	T:4.0(2.58%),B:4.7(0.18%),P:1e-3	Tpos:130.6,Tstd:49.0,Bpos:77.3,Bstd:42.9,StrandBias:-1.3,Multiplicity:1.75
0.001	0.163	0.001	0.835
0.001	0.997	0.001	0.001
0.001	0.001	0.001	0.997
0.001	0.001	0.997	0.001
0.001	0.001	0.001	0.997
0.001	0.001	0.997	0.001
0.997	0.001	0.001	0.001
0.001	0.001	0.001	0.997
0.001	0.001	0.001	0.997
0.001	0.001	0.997	0.001
>TTTACATATT	24-TTTACATATT	13.636231	-7.160605	0	T:3.0(1.94%),B:3.7(0.14%),P:1e-3	Tpos:135.0,Tstd:76.7,Bpos:138.8,Bstd:67.3,StrandBias:-1.6,Multiplicity:1.33
0.001	0.001	0.001	0.997
0.001	0.001	0.001	0.997
0.001	0.001	0.001	0.997
0.819	0.001	0.001	0.179
0.001	0.997	0.001	0.001
0.997	0.001	0.001	0.001
0.001	0.001	0.001	0.997
0.997	0.001	0.001	0.001
0.001	0.001	0.001	0.997
0.001	0.001	0.001	0.997
>GCGTTATTCA	25-GCGTTATTCA	12.021897	-4.294855	0	T:2.0(1.29%),B:3.6(0.13%),P:1e-1	Tpos:138.2,Tstd:49.9,Bpos:148.7,Bstd:61.6,StrandBias:10.0,Multiplicity:3.00
0.001	0.001	0.997	0.001
0.001	0.997	0.001	0.001
0.001	0.001	0.997	0.001
0.163	0.001	0.001	0.835
0.001	0.001	0.001	0.997
0.997	0.001	0.001	0.001
0.001	0.001	0.001	0.997
0.001	0.001	0.001	0.997
0.001	0.997	0.001	0.001
0.997	0.001	0.001	0.001
