>GCCATTCAARCT	1-GCCATTCAARCT	11.025242	-32.952842	0	T:10.0(6.45%),B:3.4(0.13%),P:1e-14	Tpos:153.0,Tstd:52.7,Bpos:152.4,Bstd:14.4,StrandBias:-0.6,Multiplicity:1.00
0.087	0.001	0.911	0.001
0.088	0.823	0.001	0.088
0.194	0.717	0.088	0.001
0.997	0.001	0.001	0.001
0.001	0.001	0.001	0.997
0.001	0.001	0.001	0.997
0.282	0.451	0.001	0.266
0.823	0.088	0.001	0.088
0.911	0.001	0.001	0.087
0.361	0.001	0.462	0.176
0.273	0.725	0.001	0.001
0.176	0.097	0.001	0.726
>SGAAAGTGMTTT	2-SGAAAGTGMTTT	10.328552	-27.944041	0	T:10.0(6.45%),B:5.0(0.19%),P:1e-12	Tpos:77.6,Tstd:52.9,Bpos:109.7,Bstd:102.5,StrandBias:0.8,Multiplicity:1.10
0.001	0.375	0.438	0.187
0.187	0.019	0.793	0.001
0.792	0.188	0.019	0.001
0.997	0.001	0.001	0.001
0.397	0.187	0.207	0.209
0.187	0.187	0.606	0.020
0.001	0.001	0.001	0.997
0.001	0.001	0.771	0.227
0.374	0.395	0.001	0.230
0.393	0.001	0.001	0.605
0.001	0.001	0.001	0.997
0.001	0.209	0.001	0.789
>CTATACTKTTGC	3-CTATACTKTTGC	10.841683	-24.858316	0	T:8.0(5.16%),B:3.5(0.13%),P:1e-10	Tpos:142.6,Tstd:74.5,Bpos:136.9,Bstd:77.5,StrandBias:0.0,Multiplicity:1.00
0.001	0.735	0.001	0.263
0.001	0.001	0.001	0.997
0.633	0.001	0.001	0.365
0.001	0.001	0.001	0.997
0.997	0.001	0.001	0.001
0.091	0.557	0.264	0.088
0.001	0.088	0.013	0.898
0.001	0.001	0.453	0.545
0.176	0.088	0.001	0.735
0.176	0.001	0.001	0.822
0.277	0.001	0.634	0.088
0.264	0.647	0.001	0.088
>SCWMGTAAAATR	4-SCWMGTAAAATR	10.929282	-23.758707	0	T:6.0(3.87%),B:0.8(0.03%),P:1e-10	Tpos:127.3,Tstd:75.5,Bpos:138.0,Bstd:0.0,StrandBias:-1.0,Multiplicity:1.00
0.001	0.425	0.573	0.001
0.001	0.997	0.001	0.001
0.425	0.001	0.001	0.573
0.536	0.462	0.001	0.001
0.001	0.001	0.962	0.036
0.001	0.001	0.001	0.997
0.997	0.001	0.001	0.001
0.997	0.001	0.001	0.001
0.997	0.001	0.001	0.001
0.997	0.001	0.001	0.001
0.001	0.001	0.001	0.997
0.536	0.001	0.426	0.037
>WGATGTCATGAC	5-WGATGTCATGAC	10.673240	-23.758707	0	T:6.0(3.87%),B:1.4(0.05%),P:1e-10	Tpos:120.1,Tstd:52.0,Bpos:171.0,Bstd:0.0,StrandBias:-1.6,Multiplicity:1.17
0.401	0.001	0.193	0.406
0.001	0.294	0.498	0.207
0.594	0.207	0.001	0.198
0.096	0.001	0.096	0.807
0.293	0.001	0.705	0.001
0.193	0.115	0.111	0.581
0.001	0.806	0.001	0.192
0.997	0.001	0.001	0.001
0.096	0.001	0.208	0.695
0.096	0.001	0.677	0.226
0.997	0.001	0.001	0.001
0.001	0.888	0.110	0.001
>TTACGCCATGAA	6-TTACGCCATGAA	10.298912	-22.606118	0	T:8.0(5.16%),B:4.4(0.16%),P:1e-9	Tpos:119.9,Tstd:50.6,Bpos:123.8,Bstd:41.0,StrandBias:1.6,Multiplicity:1.50
0.001	0.001	0.186	0.812
0.001	0.186	0.001	0.812
0.997	0.001	0.001	0.001
0.001	0.997	0.001	0.001
0.001	0.186	0.812	0.001
0.001	0.812	0.001	0.186
0.001	0.778	0.001	0.220
0.625	0.001	0.187	0.187
0.001	0.001	0.001	0.997
0.001	0.186	0.812	0.001
0.797	0.187	0.015	0.001
0.812	0.001	0.001	0.186
>ACCGAGGCTACC	7-ACCGAGGCTACC	10.748653	-22.606118	0	T:8.0(5.16%),B:4.7(0.18%),P:1e-9	Tpos:127.8,Tstd:48.0,Bpos:145.8,Bstd:53.0,StrandBias:1.0,Multiplicity:1.12
0.727	0.271	0.001	0.001
0.015	0.848	0.001	0.136
0.001	0.863	0.001	0.135
0.001	0.271	0.727	0.001
0.863	0.135	0.001	0.001
0.001	0.001	0.863	0.135
0.001	0.001	0.997	0.001
0.001	0.863	0.135	0.001
0.135	0.001	0.001	0.863
0.863	0.001	0.001	0.135
0.001	0.712	0.272	0.015
0.001	0.863	0.001	0.135
>CGAAAATTTTCC	8-CGAAAATTTTCC	10.864447	-19.094236	0	T:5.0(3.23%),B:1.2(0.05%),P:1e-8	Tpos:132.0,Tstd:54.4,Bpos:92.8,Bstd:53.4,StrandBias:-0.4,Multiplicity:1.00
0.034	0.964	0.001	0.001
0.298	0.001	0.700	0.001
0.596	0.001	0.402	0.001
0.700	0.001	0.298	0.001
0.700	0.298	0.001	0.001
0.997	0.001	0.001	0.001
0.034	0.001	0.001	0.964
0.001	0.001	0.001	0.997
0.001	0.001	0.001	0.997
0.001	0.001	0.001	0.997
0.001	0.700	0.001	0.298
0.001	0.997	0.001	0.001
>GTGATTGGTTAG	9-GTGATTGGTTAG	11.615673	-19.094236	0	T:5.0(3.23%),B:0.0(0.00%),P:1e-8	Tpos:109.9,Tstd:58.2,Bpos:0.0,Bstd:0.0,StrandBias:-0.4,Multiplicity:1.40
0.001	0.001	0.997	0.001
0.001	0.001	0.001	0.997
0.001	0.001	0.769	0.229
0.997	0.001	0.001	0.001
0.001	0.309	0.001	0.689
0.001	0.024	0.230	0.745
0.001	0.001	0.997	0.001
0.001	0.001	0.997	0.001
0.230	0.001	0.230	0.539
0.001	0.001	0.229	0.769
0.997	0.001	0.001	0.001
0.001	0.001	0.997	0.001
>ACCGTGACCATG	10-ACCGTGACCATG	11.752834	-17.263289	0	T:6.0(3.87%),B:3.4(0.13%),P:1e-7	Tpos:163.6,Tstd:38.4,Bpos:87.2,Bstd:50.4,StrandBias:-0.3,Multiplicity:1.50
0.527	0.157	0.315	0.001
0.001	0.997	0.001	0.001
0.157	0.685	0.001	0.157
0.157	0.001	0.841	0.001
0.001	0.001	0.001	0.997
0.157	0.001	0.527	0.315
0.841	0.001	0.001	0.157
0.001	0.997	0.001	0.001
0.001	0.997	0.001	0.001
0.986	0.001	0.012	0.001
0.001	0.012	0.001	0.986
0.001	0.314	0.684	0.001
>ATATTTCTTTCA	11-ATATTTCTTTCA	12.178518	-16.364741	0	T:8.0(5.16%),B:9.9(0.37%),P:1e-7	Tpos:135.6,Tstd:87.0,Bpos:91.6,Bstd:64.1,StrandBias:1.0,Multiplicity:1.12
0.868	0.001	0.001	0.130
0.001	0.001	0.001	0.997
0.916	0.001	0.082	0.001
0.001	0.001	0.001	0.997
0.001	0.001	0.001	0.997
0.001	0.001	0.001	0.997
0.131	0.737	0.001	0.131
0.131	0.001	0.131	0.737
0.001	0.001	0.130	0.868
0.001	0.001	0.001	0.997
0.001	0.997	0.001	0.001
0.997	0.001	0.001	0.001
>GACGTAAGCATA	12-GACGTAAGCATA	10.105067	-16.147775	0	T:9.0(5.81%),B:13.1(0.49%),P:1e-7	Tpos:141.7,Tstd:63.1,Bpos:101.1,Bstd:67.0,StrandBias:-0.2,Multiplicity:1.67
0.096	0.001	0.807	0.096
0.902	0.096	0.001	0.001
0.193	0.613	0.001	0.193
0.192	0.001	0.806	0.001
0.001	0.096	0.001	0.902
0.709	0.001	0.001	0.289
0.902	0.001	0.001	0.096
0.001	0.096	0.902	0.001
0.096	0.807	0.001	0.096
0.795	0.001	0.011	0.193
0.001	0.096	0.011	0.892
0.997	0.001	0.001	0.001
>TTTGCTGAAAMA	13-TTTGCTGAAAMA	12.579519	-15.675596	0	T:5.0(3.23%),B:2.9(0.11%),P:1e-6	Tpos:150.8,Tstd:90.2,Bpos:192.7,Bstd:19.2,StrandBias:-1.0,Multiplicity:1.20
0.001	0.001	0.001	0.997
0.186	0.001	0.001	0.812
0.001	0.001	0.001	0.997
0.001	0.001	0.812	0.186
0.001	0.593	0.390	0.016
0.186	0.001	0.001	0.812
0.202	0.001	0.796	0.001
0.997	0.001	0.001	0.001
0.812	0.186	0.001	0.001
0.997	0.001	0.001	0.001
0.374	0.439	0.001	0.187
0.997	0.001	0.001	0.001
>MATMTCCTCTMC	14-MATMTCCTCTMC	8.833119	-15.675596	0	T:5.0(3.23%),B:2.6(0.10%),P:1e-6	Tpos:107.4,Tstd:78.5,Bpos:83.7,Bstd:34.4,StrandBias:10.0,Multiplicity:1.60
0.426	0.536	0.037	0.001
0.997	0.001	0.001	0.001
0.001	0.036	0.001	0.962
0.426	0.536	0.037	0.001
0.001	0.073	0.001	0.925
0.001	0.962	0.001	0.036
0.001	0.997	0.001	0.001
0.001	0.001	0.001	0.997
0.001	0.997	0.001	0.001
0.001	0.001	0.001	0.997
0.425	0.573	0.001	0.001
0.001	0.997	0.001	0.001
>CCCCCATGGGGA	15-CCCCCATGGGGA	8.864065	-15.675596	0	T:5.0(3.23%),B:2.3(0.09%),P:1e-6	Tpos:104.1,Tstd:63.1,Bpos:114.8,Bstd:13.5,StrandBias:1.0,Multiplicity:1.80
0.001	0.997	0.001	0.001
0.001	0.986	0.001	0.012
0.001	0.997	0.001	0.001
0.001	0.997	0.001	0.001
0.001	0.997	0.001	0.001
0.741	0.001	0.001	0.257
0.001	0.012	0.001	0.986
0.001	0.001	0.997	0.001
0.001	0.001	0.997	0.001
0.191	0.001	0.807	0.001
0.233	0.012	0.754	0.001
0.766	0.001	0.001	0.232
>AMCAGYCTASGC	16-AMCAGYCTASGC	8.758672	-15.675596	0	T:5.0(3.23%),B:2.2(0.08%),P:1e-6	Tpos:134.3,Tstd:79.2,Bpos:64.9,Bstd:54.5,StrandBias:-1.3,Multiplicity:1.20
0.749	0.174	0.076	0.001
0.375	0.500	0.124	0.001
0.173	0.627	0.199	0.001
0.850	0.148	0.001	0.001
0.174	0.200	0.399	0.227
0.150	0.376	0.100	0.375
0.001	0.625	0.099	0.275
0.174	0.149	0.125	0.552
0.824	0.001	0.174	0.001
0.075	0.450	0.475	0.001
0.001	0.151	0.549	0.299
0.150	0.524	0.051	0.275
>CCGCGAGTTGAG	17-CCGCGAGTTGAG	11.011712	-14.618166	0	T:4.0(2.58%),B:0.6(0.02%),P:1e-6	Tpos:128.8,Tstd:61.7,Bpos:59.0,Bstd:25.5,StrandBias:-1.0,Multiplicity:1.50
0.001	0.997	0.001	0.001
0.001	0.934	0.001	0.064
0.001	0.001	0.997	0.001
0.001	0.741	0.257	0.001
0.001	0.001	0.741	0.257
0.997	0.001	0.001	0.001
0.001	0.001	0.997	0.001
0.001	0.001	0.001	0.997
0.064	0.001	0.001	0.934
0.001	0.001	0.997	0.001
0.934	0.001	0.064	0.001
0.001	0.001	0.997	0.001
>ATGAATGACCGT	18-ATGAATGACCGT	10.409522	-14.618166	0	T:4.0(2.58%),B:1.2(0.04%),P:1e-6	Tpos:132.5,Tstd:62.5,Bpos:152.0,Bstd:0.0,StrandBias:1.6,Multiplicity:1.00
0.700	0.100	0.100	0.100
0.100	0.100	0.100	0.700
0.100	0.100	0.700	0.100
0.700	0.100	0.100	0.100
0.700	0.100	0.100	0.100
0.100	0.100	0.100	0.700
0.100	0.100	0.700	0.100
0.700	0.100	0.100	0.100
0.100	0.700	0.100	0.100
0.100	0.700	0.100	0.100
0.100	0.100	0.700	0.100
0.100	0.100	0.100	0.700
>TAACCRGGTTCC	19-TAACCRGGTTCC	10.738265	-14.294456	0	T:6.0(3.87%),B:5.5(0.21%),P:1e-6	Tpos:125.0,Tstd:33.6,Bpos:108.4,Bstd:36.7,StrandBias:-1.0,Multiplicity:1.00
0.001	0.001	0.001	0.997
0.769	0.229	0.001	0.001
0.769	0.229	0.001	0.001
0.001	0.997	0.001	0.001
0.001	0.769	0.001	0.229
0.539	0.001	0.459	0.001
0.001	0.001	0.997	0.001
0.001	0.001	0.769	0.229
0.001	0.001	0.001	0.997
0.001	0.229	0.001	0.769
0.020	0.749	0.001	0.230
0.001	0.959	0.020	0.020
>ATCACAGAGCAW	20-ATCACAGAGCAW	8.140300	-11.891053	0	T:4.0(2.58%),B:2.6(0.10%),P:1e-5	Tpos:95.9,Tstd:63.3,Bpos:176.6,Bstd:1.6,StrandBias:0.7,Multiplicity:2.00
0.839	0.001	0.001	0.159
0.001	0.001	0.001	0.997
0.001	0.839	0.001	0.159
0.997	0.001	0.001	0.001
0.001	0.997	0.001	0.001
0.997	0.001	0.001	0.001
0.160	0.160	0.520	0.160
0.997	0.001	0.001	0.001
0.001	0.001	0.997	0.001
0.001	0.997	0.001	0.001
0.997	0.001	0.001	0.001
0.480	0.001	0.001	0.518
>TGTCGTTACCAT	21-TGTCGTTACCAT	12.069236	-11.891053	0	T:4.0(2.58%),B:2.8(0.10%),P:1e-5	Tpos:166.9,Tstd:60.9,Bpos:153.7,Bstd:54.3,StrandBias:10.0,Multiplicity:1.75
0.001	0.001	0.001	0.997
0.001	0.001	0.832	0.166
0.166	0.001	0.001	0.832
0.001	0.832	0.001	0.166
0.166	0.001	0.832	0.001
0.001	0.001	0.001	0.997
0.166	0.001	0.166	0.667
0.832	0.001	0.001	0.166
0.001	0.997	0.001	0.001
0.001	0.997	0.001	0.001
0.997	0.001	0.001	0.001
0.001	0.001	0.001	0.997
>GTTGCTATAGWG	22-GTTGCTATAGWG	15.582092	-10.370852	0	T:3.0(1.94%),B:0.0(0.00%),P:1e-4	Tpos:66.8,Tstd:50.4,Bpos:0.0,Bstd:0.0,StrandBias:2.0,Multiplicity:1.67
0.001	0.001	0.997	0.001
0.001	0.001	0.001	0.997
0.001	0.001	0.001	0.997
0.001	0.001	0.997	0.001
0.001	0.997	0.001	0.001
0.001	0.001	0.001	0.997
0.997	0.001	0.001	0.001
0.001	0.001	0.001	0.997
0.997	0.001	0.001	0.001
0.001	0.001	0.997	0.001
0.527	0.001	0.001	0.471
0.001	0.001	0.763	0.235
>TGTTTTTTTCAG	23-TGTTTTTTTCAG	10.790600	-10.314593	0	T:4.0(2.58%),B:3.0(0.11%),P:1e-4	Tpos:43.6,Tstd:26.6,Bpos:122.0,Bstd:79.8,StrandBias:2.0,Multiplicity:1.25
0.001	0.001	0.257	0.741
0.001	0.064	0.934	0.001
0.064	0.001	0.001	0.934
0.001	0.001	0.001	0.997
0.001	0.001	0.001	0.997
0.064	0.193	0.001	0.742
0.001	0.001	0.001	0.997
0.001	0.001	0.001	0.997
0.001	0.001	0.001	0.997
0.001	0.997	0.001	0.001
0.997	0.001	0.001	0.001
0.001	0.001	0.997	0.001
>AATTATTCAGAT	24-AATTATTCAGAT	9.185435	-9.529639	0	T:7.0(4.52%),B:17.3(0.65%),P:1e-4	Tpos:119.4,Tstd:61.5,Bpos:110.2,Bstd:77.1,StrandBias:2.2,Multiplicity:1.57
0.997	0.001	0.001	0.001
0.688	0.001	0.001	0.310
0.001	0.001	0.001	0.997
0.001	0.001	0.001	0.997
0.997	0.001	0.001	0.001
0.001	0.001	0.298	0.700
0.001	0.001	0.001	0.997
0.001	0.997	0.001	0.001
0.700	0.001	0.001	0.298
0.336	0.001	0.662	0.001
0.973	0.013	0.013	0.001
0.001	0.402	0.001	0.596
>GACTCAGAGCTG	25-GACTCAGAGCTG	8.804476	-6.415802	0	T:2.0(1.29%),B:0.0(0.00%),P:1e-2	Tpos:123.1,Tstd:46.9,Bpos:0.0,Bstd:0.0,StrandBias:3.0,Multiplicity:4.50
0.001	0.001	0.741	0.257
0.997	0.001	0.001	0.001
0.001	0.741	0.001	0.257
0.001	0.001	0.001	0.997
0.001	0.997	0.001	0.001
0.997	0.001	0.001	0.001
0.001	0.001	0.997	0.001
0.997	0.001	0.001	0.001
0.001	0.001	0.997	0.001
0.001	0.741	0.001	0.257
0.001	0.001	0.001	0.997
0.001	0.001	0.997	0.001
