>TAGCTACA	1-TAGCTACA	7.788629	-21.712713	0	T:27.0(17.42%),B:111.6(4.21%),P:1e-9	Tpos:98.8,Tstd:65.4,Bpos:127.5,Bstd:67.7,StrandBias:-0.7,Multiplicity:1.19
0.179	0.016	0.001	0.804
0.795	0.001	0.197	0.007
0.001	0.001	0.997	0.001
0.037	0.852	0.019	0.092
0.172	0.009	0.016	0.803
0.841	0.001	0.016	0.142
0.001	0.982	0.008	0.009
0.947	0.001	0.022	0.030
>TAGGAACC	2-TAGGAACC	6.911322	-17.745134	0	T:25.0(16.13%),B:116.7(4.40%),P:1e-7	Tpos:123.2,Tstd:58.5,Bpos:114.5,Bstd:63.4,StrandBias:0.2,Multiplicity:1.12
0.030	0.045	0.001	0.924
0.887	0.001	0.085	0.027
0.085	0.001	0.656	0.258
0.019	0.033	0.947	0.001
0.897	0.030	0.027	0.046
0.962	0.001	0.036	0.001
0.037	0.904	0.001	0.058
0.001	0.942	0.027	0.030
>TCATGACG	3-TCATGACG	5.904188	-15.635082	0	T:50.0(32.26%),B:411.1(15.51%),P:1e-6	Tpos:132.9,Tstd:57.8,Bpos:123.1,Bstd:77.7,StrandBias:-0.3,Multiplicity:1.18
0.230	0.137	0.045	0.588
0.030	0.765	0.004	0.201
0.770	0.034	0.168	0.028
0.064	0.139	0.078	0.719
0.205	0.114	0.653	0.028
0.694	0.030	0.001	0.275
0.110	0.759	0.001	0.130
0.118	0.001	0.673	0.208
>GCGACGGA	4-GCGACGGA	8.146135	-14.826363	0	T:10.0(6.45%),B:20.6(0.78%),P:1e-6	Tpos:111.9,Tstd:81.9,Bpos:134.4,Bstd:74.6,StrandBias:-0.6,Multiplicity:1.00
0.001	0.001	0.997	0.001
0.001	0.997	0.001	0.001
0.153	0.001	0.845	0.001
0.591	0.407	0.001	0.001
0.001	0.997	0.001	0.001
0.001	0.001	0.997	0.001
0.001	0.001	0.997	0.001
0.591	0.001	0.407	0.001
>CGTCCCTG	5-CGTCCCTG	5.390172	-13.969736	0	T:54.0(34.84%),B:487.2(18.38%),P:1e-6	Tpos:122.4,Tstd:63.7,Bpos:122.8,Bstd:71.6,StrandBias:0.3,Multiplicity:1.26
0.036	0.870	0.014	0.080
0.001	0.109	0.790	0.100
0.104	0.209	0.172	0.515
0.001	0.831	0.128	0.040
0.165	0.690	0.129	0.016
0.076	0.776	0.112	0.036
0.001	0.029	0.108	0.862
0.080	0.103	0.669	0.148
>GTGGCGCA	6-GTGGCGCA	8.254107	-12.265399	0	T:13.0(8.39%),B:47.5(1.79%),P:1e-5	Tpos:142.3,Tstd:65.9,Bpos:129.1,Bstd:61.6,StrandBias:-1.1,Multiplicity:1.15
0.001	0.156	0.829	0.014
0.001	0.001	0.001	0.997
0.001	0.001	0.997	0.001
0.001	0.345	0.653	0.001
0.001	0.830	0.168	0.001
0.001	0.296	0.702	0.001
0.001	0.997	0.001	0.001
0.997	0.001	0.001	0.001
>TGGCCTGC	7-TGGCCTGC	8.236954	-10.370852	0	T:3.0(1.94%),B:1.5(0.06%),P:1e-4	Tpos:123.2,Tstd:32.0,Bpos:64.7,Bstd:31.3,StrandBias:10.0,Multiplicity:1.33
0.100	0.100	0.100	0.700
0.100	0.100	0.700	0.100
0.100	0.100	0.700	0.100
0.100	0.700	0.100	0.100
0.100	0.700	0.100	0.100
0.100	0.100	0.100	0.700
0.100	0.100	0.700	0.100
0.100	0.700	0.100	0.100
>CGCCTTCC	8-CGCCTTCC	8.236954	-10.314593	0	T:4.0(2.58%),B:3.8(0.14%),P:1e-4	Tpos:94.5,Tstd:35.5,Bpos:70.5,Bstd:49.7,StrandBias:1.6,Multiplicity:1.00
0.100	0.700	0.100	0.100
0.100	0.100	0.700	0.100
0.100	0.700	0.100	0.100
0.100	0.700	0.100	0.100
0.100	0.100	0.100	0.700
0.100	0.100	0.100	0.700
0.100	0.700	0.100	0.100
0.100	0.700	0.100	0.100
>TTGGAGAA	9-TTGGAGAA	10.923140	-10.308836	0	T:7.0(4.52%),B:15.6(0.59%),P:1e-4	Tpos:103.7,Tstd:71.9,Bpos:129.2,Bstd:69.7,StrandBias:-1.3,Multiplicity:1.00
0.001	0.001	0.001	0.997
0.001	0.001	0.001	0.997
0.001	0.001	0.997	0.001
0.001	0.001	0.997	0.001
0.864	0.001	0.001	0.134
0.001	0.001	0.997	0.001
0.997	0.001	0.001	0.001
0.997	0.001	0.001	0.001
>CTTACGTC	10-CTTACGTC	8.111245	-10.037757	0	T:12.0(7.74%),B:50.9(1.92%),P:1e-4	Tpos:125.3,Tstd:66.4,Bpos:107.3,Bstd:67.3,StrandBias:0.9,Multiplicity:1.42
0.001	0.907	0.091	0.001
0.001	0.001	0.001	0.997
0.001	0.001	0.001	0.997
0.997	0.001	0.001	0.001
0.001	0.749	0.249	0.001
0.147	0.001	0.851	0.001
0.001	0.089	0.001	0.909
0.001	0.997	0.001	0.001
>CTGTCATC	11-CTGTCATC	9.371053	-8.688444	0	T:10.0(6.45%),B:41.5(1.57%),P:1e-3	Tpos:125.6,Tstd:53.0,Bpos:137.8,Bstd:59.4,StrandBias:-0.3,Multiplicity:1.10
0.001	0.815	0.183	0.001
0.001	0.001	0.001	0.997
0.001	0.001	0.997	0.001
0.001	0.001	0.001	0.997
0.001	0.997	0.001	0.001
0.997	0.001	0.001	0.001
0.001	0.001	0.001	0.997
0.001	0.997	0.001	0.001
>TCTGAATA	12-TCTGAATA	8.236954	-6.507116	0	T:5.0(3.23%),B:15.0(0.57%),P:1e-2	Tpos:108.8,Tstd:49.6,Bpos:119.2,Bstd:64.4,StrandBias:-3.5,Multiplicity:2.40
0.100	0.100	0.100	0.700
0.100	0.700	0.100	0.100
0.100	0.100	0.100	0.700
0.100	0.100	0.700	0.100
0.700	0.100	0.100	0.100
0.700	0.100	0.100	0.100
0.100	0.100	0.100	0.700
0.700	0.100	0.100	0.100
>GTCGGATG	13-GTCGGATG	8.236954	-6.340183	0	T:3.0(1.94%),B:4.3(0.16%),P:1e-2	Tpos:105.2,Tstd:75.0,Bpos:154.7,Bstd:63.2,StrandBias:1.6,Multiplicity:1.33
0.100	0.100	0.700	0.100
0.100	0.100	0.100	0.700
0.100	0.700	0.100	0.100
0.100	0.100	0.700	0.100
0.100	0.100	0.700	0.100
0.700	0.100	0.100	0.100
0.100	0.100	0.100	0.700
0.100	0.100	0.700	0.100
