>CTACCGAACA	1-CTACCGAACA	11.091263	-33.548654	0	T:8.0(5.16%),B:1.7(0.06%),P:1e-14	Tpos:149.3,Tstd:62.5,Bpos:112.5,Bstd:20.5,StrandBias:0.3,Multiplicity:1.12
0.001	0.997	0.001	0.001
0.001	0.142	0.001	0.856
0.856	0.001	0.001	0.142
0.001	0.997	0.001	0.001
0.001	0.856	0.142	0.001
0.143	0.143	0.713	0.001
0.997	0.001	0.001	0.001
0.997	0.001	0.001	0.001
0.001	0.856	0.142	0.001
0.997	0.001	0.001	0.001
>CTCTGTCATC	2-CTCTGTCATC	11.060955	-30.125751	0	T:10.0(6.45%),B:4.5(0.17%),P:1e-13	Tpos:134.5,Tstd:66.3,Bpos:112.9,Bstd:81.0,StrandBias:0.0,Multiplicity:1.00
0.143	0.713	0.001	0.143
0.001	0.001	0.001	0.997
0.143	0.713	0.143	0.001
0.001	0.001	0.001	0.997
0.142	0.001	0.856	0.001
0.001	0.001	0.001	0.997
0.142	0.856	0.001	0.001
0.997	0.001	0.001	0.001
0.001	0.001	0.001	0.997
0.001	0.997	0.001	0.001
>GCCATTCAAS	3-GCCATTCAAS	11.029758	-26.617851	0	T:11.0(7.10%),B:8.0(0.30%),P:1e-11	Tpos:131.0,Tstd:55.9,Bpos:107.9,Bstd:54.3,StrandBias:0.8,Multiplicity:1.00
0.001	0.001	0.997	0.001
0.001	0.997	0.001	0.001
0.229	0.769	0.001	0.001
0.997	0.001	0.001	0.001
0.001	0.001	0.001	0.997
0.001	0.001	0.001	0.997
0.001	0.769	0.001	0.229
0.741	0.014	0.001	0.244
0.997	0.001	0.001	0.001
0.001	0.459	0.539	0.001
>CTCCCTTGGG	4-CTCCCTTGGG	10.375833	-22.606118	0	T:8.0(5.16%),B:4.3(0.16%),P:1e-9	Tpos:108.5,Tstd:58.9,Bpos:123.5,Bstd:44.6,StrandBias:1.2,Multiplicity:1.25
0.001	0.997	0.001	0.001
0.001	0.281	0.001	0.717
0.001	0.997	0.001	0.001
0.001	0.997	0.001	0.001
0.001	0.997	0.001	0.001
0.243	0.001	0.001	0.755
0.001	0.001	0.229	0.769
0.001	0.001	0.997	0.001
0.229	0.001	0.769	0.001
0.001	0.229	0.769	0.001
>CGTCATGACG	5-CGTCATGACG	11.091263	-22.606118	0	T:8.0(5.16%),B:4.1(0.16%),P:1e-9	Tpos:172.7,Tstd:45.2,Bpos:108.8,Bstd:34.4,StrandBias:0.3,Multiplicity:1.00
0.001	0.856	0.001	0.142
0.001	0.001	0.997	0.001
0.001	0.001	0.001	0.997
0.142	0.856	0.001	0.001
0.997	0.001	0.001	0.001
0.001	0.142	0.001	0.856
0.001	0.001	0.997	0.001
0.713	0.143	0.001	0.143
0.142	0.856	0.001	0.001
0.001	0.001	0.997	0.001
>TCGTTAATTT	6-TCGTTAATTT	9.950188	-20.359146	0	T:13.0(8.39%),B:23.8(0.90%),P:1e-8	Tpos:143.0,Tstd:84.4,Bpos:146.3,Bstd:73.9,StrandBias:-1.1,Multiplicity:1.23
0.081	0.081	0.081	0.757
0.001	0.839	0.080	0.080
0.178	0.080	0.741	0.001
0.001	0.001	0.001	0.997
0.001	0.001	0.080	0.918
0.868	0.001	0.080	0.051
0.918	0.001	0.080	0.001
0.001	0.001	0.001	0.997
0.001	0.001	0.001	0.997
0.001	0.001	0.001	0.997
>TGACTATCGA	7-TGACTATCGA	8.094355	-19.862009	0	T:17.0(10.97%),B:46.2(1.74%),P:1e-8	Tpos:136.9,Tstd:67.6,Bpos:126.1,Bstd:79.3,StrandBias:0.7,Multiplicity:1.06
0.197	0.147	0.001	0.655
0.099	0.076	0.776	0.049
0.996	0.001	0.001	0.002
0.168	0.679	0.052	0.101
0.098	0.001	0.197	0.704
0.702	0.001	0.197	0.100
0.038	0.001	0.049	0.912
0.001	0.776	0.174	0.049
0.083	0.049	0.816	0.052
0.997	0.001	0.001	0.001
>GGGAAAGAKC	8-GGGAAAGAKC	8.662324	-19.841067	0	T:14.0(9.03%),B:29.8(1.12%),P:1e-8	Tpos:88.6,Tstd:55.5,Bpos:99.9,Bstd:71.2,StrandBias:0.6,Multiplicity:1.07
0.001	0.001	0.858	0.140
0.001	0.140	0.858	0.001
0.001	0.001	0.997	0.001
0.858	0.001	0.140	0.001
0.858	0.001	0.001	0.140
0.997	0.001	0.001	0.001
0.036	0.001	0.823	0.140
0.750	0.001	0.001	0.248
0.176	0.001	0.428	0.395
0.001	0.718	0.280	0.001
>CGTCCTTAGG	9-CGTCCTTAGG	11.236213	-19.647969	0	T:6.0(3.87%),B:2.5(0.10%),P:1e-8	Tpos:116.3,Tstd:61.9,Bpos:138.9,Bstd:92.6,StrandBias:1.0,Multiplicity:1.00
0.001	0.997	0.001	0.001
0.001	0.001	0.997	0.001
0.001	0.001	0.001	0.997
0.001	0.667	0.166	0.166
0.001	0.997	0.001	0.001
0.001	0.001	0.001	0.997
0.001	0.001	0.001	0.997
0.667	0.166	0.166	0.001
0.001	0.001	0.997	0.001
0.001	0.001	0.832	0.166
>TCACTACTBC	10-TCACTACTBC	11.143220	-19.647969	0	T:6.0(3.87%),B:2.2(0.08%),P:1e-8	Tpos:168.0,Tstd:62.9,Bpos:123.8,Bstd:14.6,StrandBias:2.3,Multiplicity:1.00
0.001	0.001	0.001	0.997
0.001	0.997	0.001	0.001
0.997	0.001	0.001	0.001
0.001	0.997	0.001	0.001
0.001	0.001	0.001	0.997
0.997	0.001	0.001	0.001
0.052	0.649	0.001	0.298
0.001	0.001	0.001	0.997
0.104	0.299	0.299	0.299
0.001	0.997	0.001	0.001
>ATGYTTKRAW	11-ATGYTTKRAW	5.225188	-19.333845	0	T:29.0(18.71%),B:142.5(5.38%),P:1e-8	Tpos:130.3,Tstd:76.0,Bpos:125.0,Bstd:76.7,StrandBias:-0.3,Multiplicity:1.07
0.997	0.001	0.001	0.001
0.001	0.001	0.001	0.997
0.001	0.001	0.997	0.001
0.001	0.429	0.058	0.512
0.001	0.001	0.001	0.997
0.001	0.001	0.001	0.997
0.001	0.001	0.487	0.511
0.426	0.053	0.519	0.002
0.997	0.001	0.001	0.001
0.432	0.075	0.001	0.492
>ACCYGGTTAG	12-ACCYGGTTAG	9.096188	-15.675596	0	T:5.0(3.23%),B:2.2(0.08%),P:1e-6	Tpos:136.2,Tstd:45.1,Bpos:150.9,Bstd:84.3,StrandBias:0.6,Multiplicity:1.00
0.879	0.001	0.119	0.001
0.147	0.851	0.001	0.001
0.001	0.997	0.001	0.001
0.001	0.510	0.001	0.488
0.001	0.001	0.997	0.001
0.001	0.001	0.997	0.001
0.001	0.001	0.001	0.997
0.001	0.001	0.001	0.997
0.997	0.001	0.001	0.001
0.001	0.001	0.971	0.027
>CTAGAGCAAC	13-CTAGAGCAAC	9.869352	-14.930507	0	T:11.0(7.10%),B:25.1(0.95%),P:1e-6	Tpos:101.6,Tstd:59.9,Bpos:99.3,Bstd:58.6,StrandBias:-0.7,Multiplicity:1.45
0.064	0.934	0.001	0.001
0.001	0.001	0.001	0.997
0.997	0.001	0.001	0.001
0.054	0.085	0.554	0.307
0.997	0.001	0.001	0.001
0.001	0.084	0.914	0.001
0.084	0.831	0.084	0.001
0.997	0.001	0.001	0.001
0.997	0.001	0.001	0.001
0.084	0.850	0.001	0.065
>TAGGTTCCTA	14-TAGGTTCCTA	7.099872	-14.739720	0	T:15.0(9.68%),B:51.9(1.96%),P:1e-6	Tpos:151.7,Tstd:63.3,Bpos:116.9,Bstd:70.5,StrandBias:-0.3,Multiplicity:1.20
0.001	0.001	0.001	0.997
0.870	0.001	0.128	0.001
0.001	0.001	0.870	0.128
0.001	0.001	0.997	0.001
0.001	0.001	0.001	0.997
0.001	0.001	0.001	0.997
0.129	0.643	0.099	0.129
0.001	0.997	0.001	0.001
0.001	0.128	0.001	0.870
0.870	0.001	0.128	0.001
>ACCGTGACCA	15-ACCGTGACCA	11.380004	-14.618166	0	T:4.0(2.58%),B:1.7(0.06%),P:1e-6	Tpos:146.1,Tstd:63.5,Bpos:187.9,Bstd:36.9,StrandBias:1.6,Multiplicity:2.00
0.997	0.001	0.001	0.001
0.001	0.997	0.001	0.001
0.001	0.997	0.001	0.001
0.130	0.001	0.868	0.001
0.001	0.001	0.130	0.868
0.001	0.001	0.997	0.001
0.997	0.001	0.001	0.001
0.001	0.868	0.130	0.001
0.130	0.868	0.001	0.001
0.997	0.001	0.001	0.001
>TACGCCATGA	16-TACGCCATGA	10.912917	-13.695318	0	T:5.0(3.23%),B:3.8(0.14%),P:1e-5	Tpos:118.8,Tstd:46.6,Bpos:115.4,Bstd:66.4,StrandBias:1.0,Multiplicity:1.80
0.001	0.001	0.001	0.997
0.997	0.001	0.001	0.001
0.001	0.997	0.001	0.001
0.001	0.318	0.661	0.020
0.001	0.997	0.001	0.001
0.001	0.656	0.001	0.342
0.997	0.001	0.001	0.001
0.001	0.001	0.001	0.997
0.001	0.298	0.700	0.001
0.700	0.001	0.298	0.001
>TATCCTCTCC	17-TATCCTCTCC	11.490573	-12.303904	0	T:5.0(3.23%),B:4.4(0.17%),P:1e-5	Tpos:123.6,Tstd:66.8,Bpos:193.3,Bstd:68.7,StrandBias:2.8,Multiplicity:1.60
0.001	0.001	0.001	0.997
0.599	0.200	0.200	0.001
0.001	0.001	0.001	0.997
0.199	0.799	0.001	0.001
0.001	0.997	0.001	0.001
0.001	0.001	0.001	0.997
0.001	0.799	0.199	0.001
0.001	0.001	0.001	0.997
0.001	0.997	0.001	0.001
0.001	0.997	0.001	0.001
>AATTACGTAA	18-AATTACGTAA	10.191269	-12.105625	0	T:8.0(5.16%),B:16.0(0.61%),P:1e-5	Tpos:121.4,Tstd:71.7,Bpos:105.8,Bstd:54.2,StrandBias:-0.3,Multiplicity:1.12
0.896	0.001	0.001	0.102
0.896	0.102	0.001	0.001
0.001	0.001	0.001	0.997
0.001	0.001	0.055	0.943
0.896	0.102	0.001	0.001
0.001	0.848	0.102	0.049
0.048	0.001	0.950	0.001
0.001	0.001	0.001	0.997
0.896	0.001	0.102	0.001
0.896	0.001	0.102	0.001
>GCGCKCGCTT	19-GCGCKCGCTT	8.794879	-11.208304	0	T:14.0(9.03%),B:60.9(2.30%),P:1e-4	Tpos:119.4,Tstd:63.5,Bpos:116.4,Bstd:62.6,StrandBias:0.4,Multiplicity:1.31
0.001	0.001	0.997	0.001
0.001	0.997	0.001	0.001
0.001	0.107	0.891	0.001
0.134	0.864	0.001	0.001
0.239	0.001	0.446	0.313
0.213	0.782	0.001	0.004
0.104	0.001	0.551	0.344
0.001	0.790	0.001	0.208
0.132	0.208	0.001	0.659
0.001	0.001	0.232	0.766
>CTTACGTCGC	20-CTTACGTCGC	12.319569	-10.370852	0	T:3.0(1.94%),B:1.3(0.05%),P:1e-4	Tpos:111.6,Tstd:84.1,Bpos:121.0,Bstd:68.7,StrandBias:0.6,Multiplicity:1.67
0.001	0.997	0.001	0.001
0.001	0.001	0.001	0.997
0.001	0.001	0.001	0.997
0.997	0.001	0.001	0.001
0.001	0.626	0.001	0.372
0.001	0.001	0.997	0.001
0.001	0.001	0.001	0.997
0.001	0.997	0.001	0.001
0.128	0.001	0.705	0.166
0.166	0.832	0.001	0.001
>GAGTTGTGTG	21-GAGTTGTGTG	12.303425	-10.370852	0	T:3.0(1.94%),B:1.5(0.06%),P:1e-4	Tpos:127.3,Tstd:50.2,Bpos:174.0,Bstd:0.0,StrandBias:1.0,Multiplicity:2.00
0.001	0.001	0.997	0.001
0.997	0.001	0.001	0.001
0.001	0.001	0.997	0.001
0.001	0.001	0.001	0.997
0.001	0.001	0.001	0.997
0.216	0.001	0.782	0.001
0.001	0.001	0.001	0.997
0.001	0.001	0.997	0.001
0.001	0.001	0.001	0.997
0.001	0.001	0.997	0.001
>TTATTCAGAC	22-TTATTCAGAC	11.473398	-10.314593	0	T:4.0(2.58%),B:3.7(0.14%),P:1e-4	Tpos:122.0,Tstd:70.6,Bpos:142.3,Bstd:40.2,StrandBias:2.8,Multiplicity:2.00
0.122	0.001	0.001	0.876
0.001	0.001	0.001	0.997
0.997	0.001	0.001	0.001
0.122	0.001	0.001	0.876
0.001	0.001	0.001	0.997
0.001	0.997	0.001	0.001
0.997	0.001	0.001	0.001
0.001	0.001	0.997	0.001
0.997	0.001	0.001	0.001
0.001	0.876	0.001	0.122
>TCTGTGATTG	23-TCTGTGATTG	12.021897	-9.209191	0	T:4.0(2.58%),B:4.7(0.18%),P:1e-3	Tpos:130.6,Tstd:49.0,Bpos:77.3,Bstd:42.9,StrandBias:-1.3,Multiplicity:1.75
0.001	0.163	0.001	0.835
0.001	0.997	0.001	0.001
0.001	0.001	0.001	0.997
0.001	0.001	0.997	0.001
0.001	0.001	0.001	0.997
0.001	0.001	0.997	0.001
0.997	0.001	0.001	0.001
0.001	0.001	0.001	0.997
0.001	0.001	0.001	0.997
0.001	0.001	0.997	0.001
>TTTACATATT	24-TTTACATATT	13.636231	-7.160605	0	T:3.0(1.94%),B:3.7(0.14%),P:1e-3	Tpos:135.0,Tstd:76.7,Bpos:138.8,Bstd:67.3,StrandBias:-1.6,Multiplicity:1.33
0.001	0.001	0.001	0.997
0.001	0.001	0.001	0.997
0.001	0.001	0.001	0.997
0.819	0.001	0.001	0.179
0.001	0.997	0.001	0.001
0.997	0.001	0.001	0.001
0.001	0.001	0.001	0.997
0.997	0.001	0.001	0.001
0.001	0.001	0.001	0.997
0.001	0.001	0.001	0.997
>GCGTTATTCA	25-GCGTTATTCA	12.021897	-4.294855	0	T:2.0(1.29%),B:3.6(0.13%),P:1e-1	Tpos:138.2,Tstd:49.9,Bpos:148.7,Bstd:61.6,StrandBias:10.0,Multiplicity:3.00
0.001	0.001	0.997	0.001
0.001	0.997	0.001	0.001
0.001	0.001	0.997	0.001
0.163	0.001	0.001	0.835
0.001	0.001	0.001	0.997
0.997	0.001	0.001	0.001
0.001	0.001	0.001	0.997
0.001	0.001	0.001	0.997
0.001	0.997	0.001	0.001
0.997	0.001	0.001	0.001
>GCCATTCAARCT	1-GCCATTCAARCT	11.025242	-32.952842	0	T:10.0(6.45%),B:3.4(0.13%),P:1e-14	Tpos:153.0,Tstd:52.7,Bpos:152.4,Bstd:14.4,StrandBias:-0.6,Multiplicity:1.00
0.087	0.001	0.911	0.001
0.088	0.823	0.001	0.088
0.194	0.717	0.088	0.001
0.997	0.001	0.001	0.001
0.001	0.001	0.001	0.997
0.001	0.001	0.001	0.997
0.282	0.451	0.001	0.266
0.823	0.088	0.001	0.088
0.911	0.001	0.001	0.087
0.361	0.001	0.462	0.176
0.273	0.725	0.001	0.001
0.176	0.097	0.001	0.726
>SGAAAGTGMTTT	2-SGAAAGTGMTTT	10.328552	-27.944041	0	T:10.0(6.45%),B:5.0(0.19%),P:1e-12	Tpos:77.6,Tstd:52.9,Bpos:109.7,Bstd:102.5,StrandBias:0.8,Multiplicity:1.10
0.001	0.375	0.438	0.187
0.187	0.019	0.793	0.001
0.792	0.188	0.019	0.001
0.997	0.001	0.001	0.001
0.397	0.187	0.207	0.209
0.187	0.187	0.606	0.020
0.001	0.001	0.001	0.997
0.001	0.001	0.771	0.227
0.374	0.395	0.001	0.230
0.393	0.001	0.001	0.605
0.001	0.001	0.001	0.997
0.001	0.209	0.001	0.789
>CTATACTKTTGC	3-CTATACTKTTGC	10.841683	-24.858316	0	T:8.0(5.16%),B:3.5(0.13%),P:1e-10	Tpos:142.6,Tstd:74.5,Bpos:136.9,Bstd:77.5,StrandBias:0.0,Multiplicity:1.00
0.001	0.735	0.001	0.263
0.001	0.001	0.001	0.997
0.633	0.001	0.001	0.365
0.001	0.001	0.001	0.997
0.997	0.001	0.001	0.001
0.091	0.557	0.264	0.088
0.001	0.088	0.013	0.898
0.001	0.001	0.453	0.545
0.176	0.088	0.001	0.735
0.176	0.001	0.001	0.822
0.277	0.001	0.634	0.088
0.264	0.647	0.001	0.088
>SCWMGTAAAATR	4-SCWMGTAAAATR	10.929282	-23.758707	0	T:6.0(3.87%),B:0.8(0.03%),P:1e-10	Tpos:127.3,Tstd:75.5,Bpos:138.0,Bstd:0.0,StrandBias:-1.0,Multiplicity:1.00
0.001	0.425	0.573	0.001
0.001	0.997	0.001	0.001
0.425	0.001	0.001	0.573
0.536	0.462	0.001	0.001
0.001	0.001	0.962	0.036
0.001	0.001	0.001	0.997
0.997	0.001	0.001	0.001
0.997	0.001	0.001	0.001
0.997	0.001	0.001	0.001
0.997	0.001	0.001	0.001
0.001	0.001	0.001	0.997
0.536	0.001	0.426	0.037
>WGATGTCATGAC	5-WGATGTCATGAC	10.673240	-23.758707	0	T:6.0(3.87%),B:1.4(0.05%),P:1e-10	Tpos:120.1,Tstd:52.0,Bpos:171.0,Bstd:0.0,StrandBias:-1.6,Multiplicity:1.17
0.401	0.001	0.193	0.406
0.001	0.294	0.498	0.207
0.594	0.207	0.001	0.198
0.096	0.001	0.096	0.807
0.293	0.001	0.705	0.001
0.193	0.115	0.111	0.581
0.001	0.806	0.001	0.192
0.997	0.001	0.001	0.001
0.096	0.001	0.208	0.695
0.096	0.001	0.677	0.226
0.997	0.001	0.001	0.001
0.001	0.888	0.110	0.001
>TTACGCCATGAA	6-TTACGCCATGAA	10.298912	-22.606118	0	T:8.0(5.16%),B:4.4(0.16%),P:1e-9	Tpos:119.9,Tstd:50.6,Bpos:123.8,Bstd:41.0,StrandBias:1.6,Multiplicity:1.50
0.001	0.001	0.186	0.812
0.001	0.186	0.001	0.812
0.997	0.001	0.001	0.001
0.001	0.997	0.001	0.001
0.001	0.186	0.812	0.001
0.001	0.812	0.001	0.186
0.001	0.778	0.001	0.220
0.625	0.001	0.187	0.187
0.001	0.001	0.001	0.997
0.001	0.186	0.812	0.001
0.797	0.187	0.015	0.001
0.812	0.001	0.001	0.186
>ACCGAGGCTACC	7-ACCGAGGCTACC	10.748653	-22.606118	0	T:8.0(5.16%),B:4.7(0.18%),P:1e-9	Tpos:127.8,Tstd:48.0,Bpos:145.8,Bstd:53.0,StrandBias:1.0,Multiplicity:1.12
0.727	0.271	0.001	0.001
0.015	0.848	0.001	0.136
0.001	0.863	0.001	0.135
0.001	0.271	0.727	0.001
0.863	0.135	0.001	0.001
0.001	0.001	0.863	0.135
0.001	0.001	0.997	0.001
0.001	0.863	0.135	0.001
0.135	0.001	0.001	0.863
0.863	0.001	0.001	0.135
0.001	0.712	0.272	0.015
0.001	0.863	0.001	0.135
>CGAAAATTTTCC	8-CGAAAATTTTCC	10.864447	-19.094236	0	T:5.0(3.23%),B:1.2(0.05%),P:1e-8	Tpos:132.0,Tstd:54.4,Bpos:92.8,Bstd:53.4,StrandBias:-0.4,Multiplicity:1.00
0.034	0.964	0.001	0.001
0.298	0.001	0.700	0.001
0.596	0.001	0.402	0.001
0.700	0.001	0.298	0.001
0.700	0.298	0.001	0.001
0.997	0.001	0.001	0.001
0.034	0.001	0.001	0.964
0.001	0.001	0.001	0.997
0.001	0.001	0.001	0.997
0.001	0.001	0.001	0.997
0.001	0.700	0.001	0.298
0.001	0.997	0.001	0.001
>GTGATTGGTTAG	9-GTGATTGGTTAG	11.615673	-19.094236	0	T:5.0(3.23%),B:0.0(0.00%),P:1e-8	Tpos:109.9,Tstd:58.2,Bpos:0.0,Bstd:0.0,StrandBias:-0.4,Multiplicity:1.40
0.001	0.001	0.997	0.001
0.001	0.001	0.001	0.997
0.001	0.001	0.769	0.229
0.997	0.001	0.001	0.001
0.001	0.309	0.001	0.689
0.001	0.024	0.230	0.745
0.001	0.001	0.997	0.001
0.001	0.001	0.997	0.001
0.230	0.001	0.230	0.539
0.001	0.001	0.229	0.769
0.997	0.001	0.001	0.001
0.001	0.001	0.997	0.001
>ACCGTGACCATG	10-ACCGTGACCATG	11.752834	-17.263289	0	T:6.0(3.87%),B:3.4(0.13%),P:1e-7	Tpos:163.6,Tstd:38.4,Bpos:87.2,Bstd:50.4,StrandBias:-0.3,Multiplicity:1.50
0.527	0.157	0.315	0.001
0.001	0.997	0.001	0.001
0.157	0.685	0.001	0.157
0.157	0.001	0.841	0.001
0.001	0.001	0.001	0.997
0.157	0.001	0.527	0.315
0.841	0.001	0.001	0.157
0.001	0.997	0.001	0.001
0.001	0.997	0.001	0.001
0.986	0.001	0.012	0.001
0.001	0.012	0.001	0.986
0.001	0.314	0.684	0.001
>ATATTTCTTTCA	11-ATATTTCTTTCA	12.178518	-16.364741	0	T:8.0(5.16%),B:9.9(0.37%),P:1e-7	Tpos:135.6,Tstd:87.0,Bpos:91.6,Bstd:64.1,StrandBias:1.0,Multiplicity:1.12
0.868	0.001	0.001	0.130
0.001	0.001	0.001	0.997
0.916	0.001	0.082	0.001
0.001	0.001	0.001	0.997
0.001	0.001	0.001	0.997
0.001	0.001	0.001	0.997
0.131	0.737	0.001	0.131
0.131	0.001	0.131	0.737
0.001	0.001	0.130	0.868
0.001	0.001	0.001	0.997
0.001	0.997	0.001	0.001
0.997	0.001	0.001	0.001
>GACGTAAGCATA	12-GACGTAAGCATA	10.105067	-16.147775	0	T:9.0(5.81%),B:13.1(0.49%),P:1e-7	Tpos:141.7,Tstd:63.1,Bpos:101.1,Bstd:67.0,StrandBias:-0.2,Multiplicity:1.67
0.096	0.001	0.807	0.096
0.902	0.096	0.001	0.001
0.193	0.613	0.001	0.193
0.192	0.001	0.806	0.001
0.001	0.096	0.001	0.902
0.709	0.001	0.001	0.289
0.902	0.001	0.001	0.096
0.001	0.096	0.902	0.001
0.096	0.807	0.001	0.096
0.795	0.001	0.011	0.193
0.001	0.096	0.011	0.892
0.997	0.001	0.001	0.001
>TTTGCTGAAAMA	13-TTTGCTGAAAMA	12.579519	-15.675596	0	T:5.0(3.23%),B:2.9(0.11%),P:1e-6	Tpos:150.8,Tstd:90.2,Bpos:192.7,Bstd:19.2,StrandBias:-1.0,Multiplicity:1.20
0.001	0.001	0.001	0.997
0.186	0.001	0.001	0.812
0.001	0.001	0.001	0.997
0.001	0.001	0.812	0.186
0.001	0.593	0.390	0.016
0.186	0.001	0.001	0.812
0.202	0.001	0.796	0.001
0.997	0.001	0.001	0.001
0.812	0.186	0.001	0.001
0.997	0.001	0.001	0.001
0.374	0.439	0.001	0.187
0.997	0.001	0.001	0.001
>MATMTCCTCTMC	14-MATMTCCTCTMC	8.833119	-15.675596	0	T:5.0(3.23%),B:2.6(0.10%),P:1e-6	Tpos:107.4,Tstd:78.5,Bpos:83.7,Bstd:34.4,StrandBias:10.0,Multiplicity:1.60
0.426	0.536	0.037	0.001
0.997	0.001	0.001	0.001
0.001	0.036	0.001	0.962
0.426	0.536	0.037	0.001
0.001	0.073	0.001	0.925
0.001	0.962	0.001	0.036
0.001	0.997	0.001	0.001
0.001	0.001	0.001	0.997
0.001	0.997	0.001	0.001
0.001	0.001	0.001	0.997
0.425	0.573	0.001	0.001
0.001	0.997	0.001	0.001
>CCCCCATGGGGA	15-CCCCCATGGGGA	8.864065	-15.675596	0	T:5.0(3.23%),B:2.3(0.09%),P:1e-6	Tpos:104.1,Tstd:63.1,Bpos:114.8,Bstd:13.5,StrandBias:1.0,Multiplicity:1.80
0.001	0.997	0.001	0.001
0.001	0.986	0.001	0.012
0.001	0.997	0.001	0.001
0.001	0.997	0.001	0.001
0.001	0.997	0.001	0.001
0.741	0.001	0.001	0.257
0.001	0.012	0.001	0.986
0.001	0.001	0.997	0.001
0.001	0.001	0.997	0.001
0.191	0.001	0.807	0.001
0.233	0.012	0.754	0.001
0.766	0.001	0.001	0.232
>AMCAGYCTASGC	16-AMCAGYCTASGC	8.758672	-15.675596	0	T:5.0(3.23%),B:2.2(0.08%),P:1e-6	Tpos:134.3,Tstd:79.2,Bpos:64.9,Bstd:54.5,StrandBias:-1.3,Multiplicity:1.20
0.749	0.174	0.076	0.001
0.375	0.500	0.124	0.001
0.173	0.627	0.199	0.001
0.850	0.148	0.001	0.001
0.174	0.200	0.399	0.227
0.150	0.376	0.100	0.375
0.001	0.625	0.099	0.275
0.174	0.149	0.125	0.552
0.824	0.001	0.174	0.001
0.075	0.450	0.475	0.001
0.001	0.151	0.549	0.299
0.150	0.524	0.051	0.275
>CCGCGAGTTGAG	17-CCGCGAGTTGAG	11.011712	-14.618166	0	T:4.0(2.58%),B:0.6(0.02%),P:1e-6	Tpos:128.8,Tstd:61.7,Bpos:59.0,Bstd:25.5,StrandBias:-1.0,Multiplicity:1.50
0.001	0.997	0.001	0.001
0.001	0.934	0.001	0.064
0.001	0.001	0.997	0.001
0.001	0.741	0.257	0.001
0.001	0.001	0.741	0.257
0.997	0.001	0.001	0.001
0.001	0.001	0.997	0.001
0.001	0.001	0.001	0.997
0.064	0.001	0.001	0.934
0.001	0.001	0.997	0.001
0.934	0.001	0.064	0.001
0.001	0.001	0.997	0.001
>ATGAATGACCGT	18-ATGAATGACCGT	10.409522	-14.618166	0	T:4.0(2.58%),B:1.2(0.04%),P:1e-6	Tpos:132.5,Tstd:62.5,Bpos:152.0,Bstd:0.0,StrandBias:1.6,Multiplicity:1.00
0.700	0.100	0.100	0.100
0.100	0.100	0.100	0.700
0.100	0.100	0.700	0.100
0.700	0.100	0.100	0.100
0.700	0.100	0.100	0.100
0.100	0.100	0.100	0.700
0.100	0.100	0.700	0.100
0.700	0.100	0.100	0.100
0.100	0.700	0.100	0.100
0.100	0.700	0.100	0.100
0.100	0.100	0.700	0.100
0.100	0.100	0.100	0.700
>TAACCRGGTTCC	19-TAACCRGGTTCC	10.738265	-14.294456	0	T:6.0(3.87%),B:5.5(0.21%),P:1e-6	Tpos:125.0,Tstd:33.6,Bpos:108.4,Bstd:36.7,StrandBias:-1.0,Multiplicity:1.00
0.001	0.001	0.001	0.997
0.769	0.229	0.001	0.001
0.769	0.229	0.001	0.001
0.001	0.997	0.001	0.001
0.001	0.769	0.001	0.229
0.539	0.001	0.459	0.001
0.001	0.001	0.997	0.001
0.001	0.001	0.769	0.229
0.001	0.001	0.001	0.997
0.001	0.229	0.001	0.769
0.020	0.749	0.001	0.230
0.001	0.959	0.020	0.020
>ATCACAGAGCAW	20-ATCACAGAGCAW	8.140300	-11.891053	0	T:4.0(2.58%),B:2.6(0.10%),P:1e-5	Tpos:95.9,Tstd:63.3,Bpos:176.6,Bstd:1.6,StrandBias:0.7,Multiplicity:2.00
0.839	0.001	0.001	0.159
0.001	0.001	0.001	0.997
0.001	0.839	0.001	0.159
0.997	0.001	0.001	0.001
0.001	0.997	0.001	0.001
0.997	0.001	0.001	0.001
0.160	0.160	0.520	0.160
0.997	0.001	0.001	0.001
0.001	0.001	0.997	0.001
0.001	0.997	0.001	0.001
0.997	0.001	0.001	0.001
0.480	0.001	0.001	0.518
>TGTCGTTACCAT	21-TGTCGTTACCAT	12.069236	-11.891053	0	T:4.0(2.58%),B:2.8(0.10%),P:1e-5	Tpos:166.9,Tstd:60.9,Bpos:153.7,Bstd:54.3,StrandBias:10.0,Multiplicity:1.75
0.001	0.001	0.001	0.997
0.001	0.001	0.832	0.166
0.166	0.001	0.001	0.832
0.001	0.832	0.001	0.166
0.166	0.001	0.832	0.001
0.001	0.001	0.001	0.997
0.166	0.001	0.166	0.667
0.832	0.001	0.001	0.166
0.001	0.997	0.001	0.001
0.001	0.997	0.001	0.001
0.997	0.001	0.001	0.001
0.001	0.001	0.001	0.997
>GTTGCTATAGWG	22-GTTGCTATAGWG	15.582092	-10.370852	0	T:3.0(1.94%),B:0.0(0.00%),P:1e-4	Tpos:66.8,Tstd:50.4,Bpos:0.0,Bstd:0.0,StrandBias:2.0,Multiplicity:1.67
0.001	0.001	0.997	0.001
0.001	0.001	0.001	0.997
0.001	0.001	0.001	0.997
0.001	0.001	0.997	0.001
0.001	0.997	0.001	0.001
0.001	0.001	0.001	0.997
0.997	0.001	0.001	0.001
0.001	0.001	0.001	0.997
0.997	0.001	0.001	0.001
0.001	0.001	0.997	0.001
0.527	0.001	0.001	0.471
0.001	0.001	0.763	0.235
>TGTTTTTTTCAG	23-TGTTTTTTTCAG	10.790600	-10.314593	0	T:4.0(2.58%),B:3.0(0.11%),P:1e-4	Tpos:43.6,Tstd:26.6,Bpos:122.0,Bstd:79.8,StrandBias:2.0,Multiplicity:1.25
0.001	0.001	0.257	0.741
0.001	0.064	0.934	0.001
0.064	0.001	0.001	0.934
0.001	0.001	0.001	0.997
0.001	0.001	0.001	0.997
0.064	0.193	0.001	0.742
0.001	0.001	0.001	0.997
0.001	0.001	0.001	0.997
0.001	0.001	0.001	0.997
0.001	0.997	0.001	0.001
0.997	0.001	0.001	0.001
0.001	0.001	0.997	0.001
>AATTATTCAGAT	24-AATTATTCAGAT	9.185435	-9.529639	0	T:7.0(4.52%),B:17.3(0.65%),P:1e-4	Tpos:119.4,Tstd:61.5,Bpos:110.2,Bstd:77.1,StrandBias:2.2,Multiplicity:1.57
0.997	0.001	0.001	0.001
0.688	0.001	0.001	0.310
0.001	0.001	0.001	0.997
0.001	0.001	0.001	0.997
0.997	0.001	0.001	0.001
0.001	0.001	0.298	0.700
0.001	0.001	0.001	0.997
0.001	0.997	0.001	0.001
0.700	0.001	0.001	0.298
0.336	0.001	0.662	0.001
0.973	0.013	0.013	0.001
0.001	0.402	0.001	0.596
>GACTCAGAGCTG	25-GACTCAGAGCTG	8.804476	-6.415802	0	T:2.0(1.29%),B:0.0(0.00%),P:1e-2	Tpos:123.1,Tstd:46.9,Bpos:0.0,Bstd:0.0,StrandBias:3.0,Multiplicity:4.50
0.001	0.001	0.741	0.257
0.997	0.001	0.001	0.001
0.001	0.741	0.001	0.257
0.001	0.001	0.001	0.997
0.001	0.997	0.001	0.001
0.997	0.001	0.001	0.001
0.001	0.001	0.997	0.001
0.997	0.001	0.001	0.001
0.001	0.001	0.997	0.001
0.001	0.741	0.001	0.257
0.001	0.001	0.001	0.997
0.001	0.001	0.997	0.001
>GTTGCT	1-GTTGCT	5.384157	-12.465807	0	T:77.0(49.68%),B:849.6(32.06%),P:1e-5	Tpos:109.6,Tstd:62.0,Bpos:127.0,Bstd:72.3,StrandBias:0.4,Multiplicity:1.35
0.001	0.001	0.997	0.001
0.001	0.001	0.001	0.997
0.212	0.001	0.001	0.786
0.001	0.254	0.744	0.001
0.001	0.997	0.001	0.001
0.001	0.001	0.001	0.997
>GTCATG	2-GTCATG	7.074403	-11.820196	0	T:64.0(41.29%),B:665.2(25.10%),P:1e-5	Tpos:137.8,Tstd:62.0,Bpos:123.5,Bstd:73.9,StrandBias:0.1,Multiplicity:1.22
0.001	0.001	0.997	0.001
0.001	0.001	0.164	0.834
0.001	0.648	0.001	0.350
0.997	0.001	0.001	0.001
0.001	0.001	0.001	0.997
0.001	0.001	0.997	0.001
>TCCCGA	3-TCCCGA	6.301350	-10.783253	0	T:36.0(23.23%),B:300.1(11.32%),P:1e-4	Tpos:109.2,Tstd:70.8,Bpos:122.2,Bstd:74.3,StrandBias:0.7,Multiplicity:1.00
0.001	0.001	0.001	0.997
0.197	0.801	0.001	0.001
0.001	0.807	0.001	0.191
0.001	0.997	0.001	0.001
0.001	0.001	0.997	0.001
0.845	0.001	0.001	0.153
>GGCGCA	4-GGCGCA	7.063089	-9.950918	0	T:28.0(18.06%),B:214.9(8.11%),P:1e-4	Tpos:133.3,Tstd:61.7,Bpos:120.9,Bstd:62.8,StrandBias:-0.6,Multiplicity:1.15
0.001	0.001	0.997	0.001
0.001	0.001	0.839	0.159
0.001	0.997	0.001	0.001
0.001	0.001	0.997	0.001
0.001	0.997	0.001	0.001
0.654	0.344	0.001	0.001
>GGTAAC	5-GGTAAC	7.834338	-6.203013	0	T:27.0(17.42%),B:258.0(9.73%),P:1e-2	Tpos:115.7,Tstd:63.7,Bpos:126.7,Bstd:64.4,StrandBias:0.2,Multiplicity:1.15
0.001	0.001	0.997	0.001
0.001	0.001	0.997	0.001
0.001	0.001	0.001	0.997
0.626	0.372	0.001	0.001
0.997	0.001	0.001	0.001
0.001	0.997	0.001	0.001
>TAGCTACA	1-TAGCTACA	7.788629	-21.712713	0	T:27.0(17.42%),B:111.6(4.21%),P:1e-9	Tpos:98.8,Tstd:65.4,Bpos:127.5,Bstd:67.7,StrandBias:-0.7,Multiplicity:1.19
0.179	0.016	0.001	0.804
0.795	0.001	0.197	0.007
0.001	0.001	0.997	0.001
0.037	0.852	0.019	0.092
0.172	0.009	0.016	0.803
0.841	0.001	0.016	0.142
0.001	0.982	0.008	0.009
0.947	0.001	0.022	0.030
>TAGGAACC	2-TAGGAACC	6.911322	-17.745134	0	T:25.0(16.13%),B:116.7(4.40%),P:1e-7	Tpos:123.2,Tstd:58.5,Bpos:114.5,Bstd:63.4,StrandBias:0.2,Multiplicity:1.12
0.030	0.045	0.001	0.924
0.887	0.001	0.085	0.027
0.085	0.001	0.656	0.258
0.019	0.033	0.947	0.001
0.897	0.030	0.027	0.046
0.962	0.001	0.036	0.001
0.037	0.904	0.001	0.058
0.001	0.942	0.027	0.030
>TCATGACG	3-TCATGACG	5.904188	-15.635082	0	T:50.0(32.26%),B:411.1(15.51%),P:1e-6	Tpos:132.9,Tstd:57.8,Bpos:123.1,Bstd:77.7,StrandBias:-0.3,Multiplicity:1.18
0.230	0.137	0.045	0.588
0.030	0.765	0.004	0.201
0.770	0.034	0.168	0.028
0.064	0.139	0.078	0.719
0.205	0.114	0.653	0.028
0.694	0.030	0.001	0.275
0.110	0.759	0.001	0.130
0.118	0.001	0.673	0.208
>GCGACGGA	4-GCGACGGA	8.146135	-14.826363	0	T:10.0(6.45%),B:20.6(0.78%),P:1e-6	Tpos:111.9,Tstd:81.9,Bpos:134.4,Bstd:74.6,StrandBias:-0.6,Multiplicity:1.00
0.001	0.001	0.997	0.001
0.001	0.997	0.001	0.001
0.153	0.001	0.845	0.001
0.591	0.407	0.001	0.001
0.001	0.997	0.001	0.001
0.001	0.001	0.997	0.001
0.001	0.001	0.997	0.001
0.591	0.001	0.407	0.001
>CGTCCCTG	5-CGTCCCTG	5.390172	-13.969736	0	T:54.0(34.84%),B:487.2(18.38%),P:1e-6	Tpos:122.4,Tstd:63.7,Bpos:122.8,Bstd:71.6,StrandBias:0.3,Multiplicity:1.26
0.036	0.870	0.014	0.080
0.001	0.109	0.790	0.100
0.104	0.209	0.172	0.515
0.001	0.831	0.128	0.040
0.165	0.690	0.129	0.016
0.076	0.776	0.112	0.036
0.001	0.029	0.108	0.862
0.080	0.103	0.669	0.148
>GTGGCGCA	6-GTGGCGCA	8.254107	-12.265399	0	T:13.0(8.39%),B:47.5(1.79%),P:1e-5	Tpos:142.3,Tstd:65.9,Bpos:129.1,Bstd:61.6,StrandBias:-1.1,Multiplicity:1.15
0.001	0.156	0.829	0.014
0.001	0.001	0.001	0.997
0.001	0.001	0.997	0.001
0.001	0.345	0.653	0.001
0.001	0.830	0.168	0.001
0.001	0.296	0.702	0.001
0.001	0.997	0.001	0.001
0.997	0.001	0.001	0.001
>TGGCCTGC	7-TGGCCTGC	8.236954	-10.370852	0	T:3.0(1.94%),B:1.5(0.06%),P:1e-4	Tpos:123.2,Tstd:32.0,Bpos:64.7,Bstd:31.3,StrandBias:10.0,Multiplicity:1.33
0.100	0.100	0.100	0.700
0.100	0.100	0.700	0.100
0.100	0.100	0.700	0.100
0.100	0.700	0.100	0.100
0.100	0.700	0.100	0.100
0.100	0.100	0.100	0.700
0.100	0.100	0.700	0.100
0.100	0.700	0.100	0.100
>CGCCTTCC	8-CGCCTTCC	8.236954	-10.314593	0	T:4.0(2.58%),B:3.8(0.14%),P:1e-4	Tpos:94.5,Tstd:35.5,Bpos:70.5,Bstd:49.7,StrandBias:1.6,Multiplicity:1.00
0.100	0.700	0.100	0.100
0.100	0.100	0.700	0.100
0.100	0.700	0.100	0.100
0.100	0.700	0.100	0.100
0.100	0.100	0.100	0.700
0.100	0.100	0.100	0.700
0.100	0.700	0.100	0.100
0.100	0.700	0.100	0.100
>TTGGAGAA	9-TTGGAGAA	10.923140	-10.308836	0	T:7.0(4.52%),B:15.6(0.59%),P:1e-4	Tpos:103.7,Tstd:71.9,Bpos:129.2,Bstd:69.7,StrandBias:-1.3,Multiplicity:1.00
0.001	0.001	0.001	0.997
0.001	0.001	0.001	0.997
0.001	0.001	0.997	0.001
0.001	0.001	0.997	0.001
0.864	0.001	0.001	0.134
0.001	0.001	0.997	0.001
0.997	0.001	0.001	0.001
0.997	0.001	0.001	0.001
>CTTACGTC	10-CTTACGTC	8.111245	-10.037757	0	T:12.0(7.74%),B:50.9(1.92%),P:1e-4	Tpos:125.3,Tstd:66.4,Bpos:107.3,Bstd:67.3,StrandBias:0.9,Multiplicity:1.42
0.001	0.907	0.091	0.001
0.001	0.001	0.001	0.997
0.001	0.001	0.001	0.997
0.997	0.001	0.001	0.001
0.001	0.749	0.249	0.001
0.147	0.001	0.851	0.001
0.001	0.089	0.001	0.909
0.001	0.997	0.001	0.001
>CTGTCATC	11-CTGTCATC	9.371053	-8.688444	0	T:10.0(6.45%),B:41.5(1.57%),P:1e-3	Tpos:125.6,Tstd:53.0,Bpos:137.8,Bstd:59.4,StrandBias:-0.3,Multiplicity:1.10
0.001	0.815	0.183	0.001
0.001	0.001	0.001	0.997
0.001	0.001	0.997	0.001
0.001	0.001	0.001	0.997
0.001	0.997	0.001	0.001
0.997	0.001	0.001	0.001
0.001	0.001	0.001	0.997
0.001	0.997	0.001	0.001
>TCTGAATA	12-TCTGAATA	8.236954	-6.507116	0	T:5.0(3.23%),B:15.0(0.57%),P:1e-2	Tpos:108.8,Tstd:49.6,Bpos:119.2,Bstd:64.4,StrandBias:-3.5,Multiplicity:2.40
0.100	0.100	0.100	0.700
0.100	0.700	0.100	0.100
0.100	0.100	0.100	0.700
0.100	0.100	0.700	0.100
0.700	0.100	0.100	0.100
0.700	0.100	0.100	0.100
0.100	0.100	0.100	0.700
0.700	0.100	0.100	0.100
>GTCGGATG	13-GTCGGATG	8.236954	-6.340183	0	T:3.0(1.94%),B:4.3(0.16%),P:1e-2	Tpos:105.2,Tstd:75.0,Bpos:154.7,Bstd:63.2,StrandBias:1.6,Multiplicity:1.33
0.100	0.100	0.700	0.100
0.100	0.100	0.100	0.700
0.100	0.700	0.100	0.100
0.100	0.100	0.700	0.100
0.100	0.100	0.700	0.100
0.700	0.100	0.100	0.100
0.100	0.100	0.100	0.700
0.100	0.100	0.700	0.100
