>CCATTAGCTAGA	1-CCATTAGCTAGA	10.004515	-50.900293	0	T:14.0(3.91%),B:1.6(0.07%),P:1e-22	Tpos:111.6,Tstd:65.0,Bpos:150.5,Bstd:37.7,StrandBias:0.7,Multiplicity:1.00
0.173	0.740	0.086	0.001
0.086	0.827	0.001	0.086
0.739	0.001	0.001	0.259
0.001	0.173	0.001	0.825
0.001	0.001	0.001	0.997
0.810	0.001	0.188	0.001
0.001	0.086	0.827	0.086
0.001	0.739	0.001	0.259
0.001	0.086	0.086	0.827
0.897	0.101	0.001	0.001
0.086	0.001	0.827	0.086
0.997	0.001	0.001	0.001
>GGATTAACACTC	2-GGATTAACACTC	10.497077	-50.900293	0	T:14.0(3.91%),B:0.5(0.02%),P:1e-22	Tpos:89.6,Tstd:50.2,Bpos:243.0,Bstd:0.0,StrandBias:-0.4,Multiplicity:1.00
0.001	0.154	0.691	0.154
0.001	0.153	0.845	0.001
0.922	0.001	0.001	0.076
0.076	0.001	0.001	0.922
0.076	0.001	0.001	0.922
0.615	0.077	0.231	0.077
0.997	0.001	0.001	0.001
0.001	0.922	0.076	0.001
0.922	0.001	0.001	0.076
0.001	0.845	0.001	0.153
0.077	0.077	0.077	0.769
0.077	0.768	0.001	0.154
>TTGTGCGTGACA	3-TTGTGCGTGACA	11.612308	-42.009488	0	T:12.0(3.35%),B:1.9(0.09%),P:1e-18	Tpos:142.2,Tstd:72.7,Bpos:207.6,Bstd:24.2,StrandBias:0.5,Multiplicity:1.00
0.001	0.209	0.001	0.789
0.001	0.001	0.001	0.997
0.001	0.001	0.894	0.104
0.001	0.001	0.001	0.997
0.232	0.001	0.640	0.127
0.001	0.673	0.001	0.325
0.001	0.001	0.997	0.001
0.001	0.001	0.001	0.997
0.011	0.348	0.640	0.001
0.789	0.105	0.001	0.105
0.001	0.997	0.001	0.001
0.673	0.001	0.221	0.105
>CTTGCCTCGAGG	4-CTTGCCTCGAGG	9.989998	-41.641171	0	T:17.0(4.75%),B:4.2(0.19%),P:1e-18	Tpos:108.7,Tstd:61.5,Bpos:165.1,Bstd:43.9,StrandBias:0.2,Multiplicity:1.00
0.095	0.524	0.143	0.238
0.095	0.095	0.048	0.762
0.001	0.094	0.001	0.904
0.001	0.190	0.762	0.047
0.001	0.951	0.001	0.047
0.001	0.997	0.001	0.001
0.001	0.047	0.001	0.951
0.048	0.809	0.095	0.048
0.095	0.095	0.809	0.001
0.951	0.001	0.047	0.001
0.001	0.047	0.905	0.047
0.095	0.048	0.762	0.095
>CCCYGRGGGMAA	5-CCCYGRGGGMAA	7.078316	-39.970019	0	T:63.0(17.60%),B:109.9(5.03%),P:1e-17	Tpos:123.1,Tstd:50.1,Bpos:122.5,Bstd:68.2,StrandBias:0.2,Multiplicity:1.13
0.045	0.558	0.264	0.133
0.043	0.942	0.014	0.001
0.001	0.984	0.001	0.014
0.234	0.338	0.001	0.426
0.015	0.264	0.442	0.279
0.410	0.059	0.352	0.178
0.220	0.029	0.722	0.029
0.001	0.001	0.997	0.001
0.073	0.191	0.648	0.088
0.294	0.442	0.177	0.088
0.456	0.058	0.235	0.251
0.751	0.001	0.014	0.234
>GHGATAGCTATC	6-GHGATAGCTATC	11.103484	-37.685302	0	T:11.0(3.07%),B:0.6(0.03%),P:1e-16	Tpos:103.8,Tstd:53.5,Bpos:11.0,Bstd:0.0,StrandBias:0.0,Multiplicity:1.00
0.048	0.096	0.848	0.008
0.399	0.304	0.001	0.296
0.047	0.001	0.951	0.001
0.951	0.001	0.047	0.001
0.048	0.048	0.001	0.903
0.664	0.096	0.096	0.144
0.047	0.001	0.951	0.001
0.001	0.903	0.001	0.095
0.048	0.096	0.112	0.744
0.856	0.048	0.048	0.048
0.001	0.047	0.001	0.951
0.001	0.997	0.001	0.001
>GCATCGGAACAC	7-GCATCGGAACAC	9.833817	-37.552281	0	T:13.0(3.63%),B:2.1(0.10%),P:1e-16	Tpos:129.5,Tstd:53.7,Bpos:102.2,Bstd:75.0,StrandBias:-0.2,Multiplicity:1.00
0.181	0.091	0.727	0.001
0.001	0.817	0.001	0.181
0.908	0.001	0.090	0.001
0.181	0.001	0.001	0.817
0.001	0.908	0.001	0.090
0.181	0.001	0.727	0.091
0.001	0.090	0.908	0.001
0.908	0.001	0.001	0.090
0.908	0.001	0.001	0.090
0.181	0.637	0.181	0.001
0.997	0.001	0.001	0.001
0.090	0.908	0.001	0.001
>GCTTTTAAAGCG	8-GCTTTTAAAGCG	10.052472	-35.043396	0	T:17.0(4.75%),B:6.7(0.31%),P:1e-15	Tpos:119.9,Tstd:77.7,Bpos:77.3,Bstd:60.5,StrandBias:1.0,Multiplicity:1.06
0.001	0.206	0.724	0.069
0.001	0.997	0.001	0.001
0.001	0.001	0.001	0.997
0.137	0.069	0.001	0.793
0.137	0.137	0.001	0.725
0.137	0.001	0.001	0.861
0.930	0.001	0.001	0.068
0.792	0.001	0.206	0.001
0.656	0.206	0.137	0.001
0.023	0.001	0.907	0.069
0.206	0.792	0.001	0.001
0.069	0.001	0.861	0.069
>TTTTGTCTTCGY	9-TTTTGTCTTCGY	11.008640	-33.837993	0	T:12.0(3.35%),B:2.5(0.11%),P:1e-14	Tpos:126.2,Tstd:61.4,Bpos:179.8,Bstd:40.9,StrandBias:0.5,Multiplicity:1.00
0.001	0.153	0.169	0.677
0.001	0.152	0.001	0.846
0.001	0.001	0.001	0.997
0.001	0.001	0.001	0.997
0.338	0.001	0.660	0.001
0.001	0.001	0.322	0.676
0.001	0.997	0.001	0.001
0.001	0.001	0.152	0.846
0.168	0.001	0.001	0.830
0.001	0.997	0.001	0.001
0.001	0.001	0.846	0.152
0.001	0.523	0.001	0.475
>TTTGACGATAAA	10-TTTGACGATAAA	11.481794	-32.427926	0	T:13.0(3.63%),B:4.0(0.18%),P:1e-14	Tpos:135.5,Tstd:77.9,Bpos:181.1,Bstd:82.1,StrandBias:0.2,Multiplicity:1.00
0.001	0.152	0.001	0.846
0.152	0.001	0.001	0.846
0.001	0.001	0.001	0.997
0.001	0.153	0.520	0.326
0.831	0.167	0.001	0.001
0.153	0.649	0.001	0.197
0.167	0.001	0.831	0.001
0.817	0.168	0.014	0.001
0.152	0.001	0.001	0.846
0.997	0.001	0.001	0.001
0.997	0.001	0.001	0.001
0.829	0.001	0.001	0.169
>TATACAAGATAA	11-TATACAAGATAA	8.565552	-31.623155	0	T:45.0(12.57%),B:71.9(3.29%),P:1e-13	Tpos:121.3,Tstd:75.3,Bpos:130.6,Bstd:83.9,StrandBias:0.5,Multiplicity:1.00
0.206	0.057	0.059	0.678
0.776	0.055	0.057	0.112
0.177	0.055	0.110	0.658
0.834	0.055	0.001	0.110
0.117	0.767	0.057	0.059
0.780	0.055	0.055	0.110
0.797	0.110	0.001	0.092
0.001	0.001	0.938	0.060
0.889	0.001	0.001	0.109
0.065	0.055	0.001	0.879
0.997	0.001	0.001	0.001
0.887	0.001	0.055	0.057
>AGAGATTTCTCG	12-AGAGATTTCTCG	9.640694	-31.528588	0	T:22.0(6.15%),B:15.5(0.71%),P:1e-13	Tpos:104.6,Tstd:70.2,Bpos:113.3,Bstd:97.6,StrandBias:-1.0,Multiplicity:1.00
0.860	0.046	0.093	0.001
0.001	0.093	0.813	0.093
0.953	0.001	0.001	0.045
0.147	0.001	0.713	0.139
0.813	0.001	0.093	0.093
0.001	0.045	0.001	0.953
0.001	0.001	0.007	0.991
0.001	0.093	0.046	0.860
0.093	0.674	0.001	0.232
0.046	0.093	0.001	0.860
0.093	0.768	0.046	0.093
0.046	0.046	0.769	0.139
>ATTACCGCTATA	13-ATTACCGCTATA	9.443560	-30.206324	0	T:11.0(3.07%),B:2.9(0.13%),P:1e-13	Tpos:104.1,Tstd:51.5,Bpos:76.6,Bstd:48.7,StrandBias:-0.5,Multiplicity:1.09
0.997	0.001	0.001	0.001
0.001	0.220	0.001	0.778
0.001	0.001	0.001	0.997
0.720	0.001	0.001	0.278
0.001	0.997	0.001	0.001
0.001	0.997	0.001	0.001
0.001	0.001	0.997	0.001
0.001	0.997	0.001	0.001
0.001	0.001	0.001	0.997
0.778	0.001	0.001	0.220
0.001	0.221	0.221	0.557
0.442	0.250	0.029	0.279
>TCCGATTACTGA	14-TCCGATTACTGA	9.488504	-30.206324	0	T:11.0(3.07%),B:2.0(0.09%),P:1e-13	Tpos:145.8,Tstd:69.8,Bpos:95.7,Bstd:50.3,StrandBias:1.2,Multiplicity:1.00
0.132	0.001	0.001	0.866
0.133	0.699	0.035	0.133
0.001	0.866	0.001	0.132
0.001	0.001	0.838	0.160
0.971	0.001	0.027	0.001
0.001	0.133	0.133	0.733
0.001	0.001	0.132	0.866
0.866	0.001	0.001	0.132
0.001	0.997	0.001	0.001
0.028	0.133	0.007	0.832
0.001	0.001	0.997	0.001
0.733	0.133	0.133	0.001
>HTTTCATTTCCT	15-HTTTCATTTCCT	7.308601	-29.695228	0	T:44.0(12.29%),B:72.2(3.31%),P:1e-12	Tpos:139.3,Tstd:76.6,Bpos:121.7,Bstd:82.1,StrandBias:0.5,Multiplicity:1.05
0.247	0.383	0.106	0.264
0.218	0.027	0.171	0.584
0.166	0.244	0.110	0.480
0.129	0.022	0.178	0.671
0.242	0.465	0.019	0.274
0.444	0.178	0.153	0.225
0.026	0.249	0.106	0.619
0.019	0.173	0.190	0.618
0.017	0.134	0.151	0.698
0.015	0.544	0.276	0.165
0.194	0.561	0.019	0.226
0.033	0.123	0.175	0.669
>AWTGAAATCCAC	16-AWTGAAATCCAC	10.976145	-26.664150	0	T:10.0(2.79%),B:2.7(0.12%),P:1e-11	Tpos:140.5,Tstd:76.2,Bpos:114.8,Bstd:46.3,StrandBias:0.3,Multiplicity:1.10
0.997	0.001	0.001	0.001
0.474	0.001	0.117	0.408
0.143	0.001	0.001	0.855
0.117	0.001	0.730	0.152
0.882	0.116	0.001	0.001
0.997	0.001	0.001	0.001
0.764	0.001	0.001	0.234
0.141	0.001	0.001	0.857
0.389	0.586	0.024	0.001
0.116	0.882	0.001	0.001
0.471	0.235	0.147	0.147
0.116	0.882	0.001	0.001
>AGTAAACCAATA	17-AGTAAACCAATA	10.366173	-26.550727	0	T:14.0(3.91%),B:6.3(0.29%),P:1e-11	Tpos:163.1,Tstd:56.7,Bpos:120.3,Bstd:37.4,StrandBias:0.7,Multiplicity:1.14
0.912	0.086	0.001	0.001
0.186	0.001	0.714	0.099
0.086	0.001	0.001	0.912
0.912	0.001	0.001	0.086
0.814	0.086	0.099	0.001
0.827	0.001	0.086	0.086
0.086	0.912	0.001	0.001
0.001	0.825	0.001	0.173
0.997	0.001	0.001	0.001
0.639	0.001	0.001	0.359
0.001	0.001	0.001	0.997
0.553	0.174	0.087	0.186
>TTTTGGCTGGAT	18-TTTTGGCTGGAT	9.074693	-25.174163	0	T:23.0(6.42%),B:23.1(1.06%),P:1e-10	Tpos:145.7,Tstd:69.2,Bpos:123.1,Bstd:64.5,StrandBias:0.4,Multiplicity:1.00
0.051	0.051	0.001	0.897
0.050	0.001	0.001	0.948
0.102	0.051	0.001	0.846
0.051	0.051	0.102	0.796
0.051	0.001	0.884	0.064
0.153	0.001	0.795	0.051
0.051	0.847	0.051	0.051
0.102	0.001	0.153	0.744
0.154	0.051	0.693	0.102
0.051	0.001	0.846	0.102
0.948	0.050	0.001	0.001
0.153	0.001	0.051	0.795
>TCTTCTTAGCGA	19-TCTTCTTAGCGA	9.231457	-21.377052	0	T:7.0(1.96%),B:1.6(0.07%),P:1e-9	Tpos:102.1,Tstd:55.7,Bpos:116.6,Bstd:65.2,StrandBias:0.0,Multiplicity:1.14
0.075	0.100	0.098	0.727
0.110	0.583	0.116	0.191
0.127	0.067	0.081	0.725
0.085	0.098	0.089	0.728
0.158	0.549	0.123	0.170
0.100	0.081	0.064	0.755
0.091	0.089	0.098	0.722
0.679	0.089	0.116	0.116
0.127	0.071	0.632	0.170
0.133	0.620	0.085	0.162
0.152	0.118	0.607	0.123
0.676	0.114	0.094	0.116
>TAAGAGCGCGCA	20-TAAGAGCGCGCA	10.134101	-17.801475	0	T:13.0(3.63%),B:10.1(0.46%),P:1e-7	Tpos:111.9,Tstd:60.4,Bpos:127.2,Bstd:87.6,StrandBias:1.5,Multiplicity:1.15
0.133	0.133	0.133	0.601
0.849	0.001	0.133	0.017
0.997	0.001	0.001	0.001
0.132	0.001	0.866	0.001
0.997	0.001	0.001	0.001
0.001	0.001	0.997	0.001
0.001	0.997	0.001	0.001
0.017	0.001	0.849	0.133
0.001	0.997	0.001	0.001
0.018	0.133	0.583	0.266
0.133	0.733	0.133	0.001
0.601	0.133	0.265	0.001
>CAGAWATTACCC	21-CAGAWATTACCC	9.937062	-16.781017	0	T:8.0(2.23%),B:3.8(0.17%),P:1e-7	Tpos:157.2,Tstd:66.9,Bpos:124.5,Bstd:36.2,StrandBias:1.2,Multiplicity:1.62
0.001	0.997	0.001	0.001
0.541	0.153	0.153	0.153
0.001	0.169	0.677	0.153
0.983	0.001	0.015	0.001
0.459	0.001	0.153	0.387
0.997	0.001	0.001	0.001
0.015	0.001	0.001	0.983
0.015	0.001	0.001	0.983
0.846	0.001	0.001	0.152
0.001	0.997	0.001	0.001
0.001	0.846	0.001	0.152
0.001	0.846	0.001	0.152
>CTGACGACGTCA	22-CTGACGACGTCA	12.063962	-13.987443	0	T:5.0(1.40%),B:0.0(0.00%),P:1e-6	Tpos:80.7,Tstd:49.2,Bpos:0.0,Bstd:0.0,StrandBias:0.0,Multiplicity:1.20
0.001	0.830	0.153	0.016
0.152	0.001	0.001	0.846
0.001	0.153	0.693	0.153
0.997	0.001	0.001	0.001
0.001	0.676	0.001	0.322
0.015	0.001	0.983	0.001
0.525	0.153	0.153	0.169
0.001	0.997	0.001	0.001
0.001	0.001	0.997	0.001
0.001	0.152	0.001	0.846
0.001	0.997	0.001	0.001
0.693	0.001	0.153	0.153
>CACGACACAATC	23-CACGACACAATC	10.577545	-13.583117	0	T:6.0(1.68%),B:2.5(0.12%),P:1e-5	Tpos:115.5,Tstd:69.8,Bpos:64.1,Bstd:5.7,StrandBias:3.0,Multiplicity:3.00
0.105	0.789	0.001	0.105
0.894	0.001	0.104	0.001
0.001	0.997	0.001	0.001
0.001	0.104	0.894	0.001
0.894	0.001	0.104	0.001
0.105	0.789	0.001	0.105
0.894	0.104	0.001	0.001
0.109	0.889	0.001	0.001
0.645	0.105	0.117	0.133
0.894	0.001	0.001	0.104
0.319	0.001	0.105	0.575
0.104	0.894	0.001	0.001
>ACAGTGCGCACT	24-ACAGTGCGCACT	9.908746	-10.554185	0	T:4.0(1.12%),B:0.7(0.03%),P:1e-4	Tpos:88.6,Tstd:62.4,Bpos:224.0,Bstd:0.0,StrandBias:0.0,Multiplicity:1.75
0.997	0.001	0.001	0.001
0.176	0.822	0.001	0.001
0.997	0.001	0.001	0.001
0.001	0.001	0.911	0.087
0.001	0.001	0.001	0.997
0.001	0.001	0.997	0.001
0.001	0.997	0.001	0.001
0.001	0.001	0.997	0.001
0.001	0.997	0.001	0.001
0.911	0.087	0.001	0.001
0.088	0.823	0.088	0.001
0.001	0.001	0.001	0.997
>GGGKGGGGGGGG	25-GGGKGGGGGGGG	8.923509	-6.980493	0	T:19.0(5.31%),B:51.3(2.35%),P:1e-3	Tpos:133.3,Tstd:78.9,Bpos:142.0,Bstd:74.7,StrandBias:-0.9,Multiplicity:1.11
0.001	0.001	0.997	0.001
0.001	0.001	0.957	0.041
0.001	0.001	0.603	0.395
0.044	0.001	0.408	0.547
0.038	0.001	0.923	0.038
0.001	0.001	0.997	0.001
0.001	0.001	0.997	0.001
0.037	0.001	0.961	0.001
0.001	0.001	0.917	0.081
0.001	0.395	0.603	0.001
0.075	0.001	0.923	0.001
0.001	0.001	0.954	0.044
