>TTTGCGGT	1-TTTGCGGT	5.469497	-20.603574	0	T:87.0(58.00%),B:815.8(33.81%),P:1e-8	Tpos:126.9,Tstd:64.3,Bpos:124.7,Bstd:73.6,StrandBias:0.0,Multiplicity:1.54
0.149	0.154	0.001	0.696
0.076	0.080	0.009	0.835
0.211	0.104	0.151	0.534
0.102	0.137	0.753	0.008
0.039	0.755	0.014	0.192
0.049	0.087	0.761	0.103
0.081	0.066	0.840	0.013
0.013	0.071	0.077	0.839
>CGDVTTAT	2-CGDVTTAT	5.717520	-20.417704	0	T:86.0(57.33%),B:803.1(33.28%),P:1e-8	Tpos:126.2,Tstd:63.0,Bpos:123.5,Bstd:75.0,StrandBias:0.0,Multiplicity:1.43
0.026	0.651	0.001	0.322
0.001	0.347	0.651	0.001
0.384	0.003	0.346	0.266
0.419	0.276	0.304	0.001
0.011	0.001	0.001	0.987
0.001	0.144	0.083	0.772
0.790	0.083	0.001	0.126
0.154	0.001	0.330	0.515
>CCACCACG	3-CCACCACG	7.158501	-17.790055	0	T:27.0(18.00%),B:126.6(5.25%),P:1e-7	Tpos:107.3,Tstd:62.3,Bpos:128.8,Bstd:62.0,StrandBias:0.3,Multiplicity:1.04
0.303	0.683	0.013	0.001
0.074	0.596	0.236	0.094
0.640	0.007	0.001	0.352
0.228	0.769	0.002	0.001
0.001	0.992	0.001	0.006
0.774	0.035	0.074	0.117
0.001	0.944	0.054	0.001
0.341	0.049	0.603	0.007
>GTTGCAAG	4-GTTGCAAG	7.373077	-13.781864	0	T:29.0(19.33%),B:174.7(7.24%),P:1e-5	Tpos:106.8,Tstd:65.3,Bpos:118.5,Bstd:72.4,StrandBias:0.4,Multiplicity:1.15
0.001	0.001	0.997	0.001
0.001	0.001	0.001	0.997
0.065	0.001	0.290	0.644
0.001	0.080	0.553	0.366
0.001	0.805	0.001	0.193
0.997	0.001	0.001	0.001
0.997	0.001	0.001	0.001
0.001	0.405	0.593	0.001
>TCGTTTGT	5-TCGTTTGT	7.978940	-12.449426	0	T:24.0(16.00%),B:136.4(5.65%),P:1e-5	Tpos:131.8,Tstd:79.8,Bpos:133.4,Bstd:68.0,StrandBias:-0.1,Multiplicity:1.09
0.176	0.001	0.001	0.822
0.001	0.692	0.306	0.001
0.001	0.001	0.997	0.001
0.001	0.257	0.001	0.741
0.167	0.001	0.001	0.831
0.001	0.041	0.001	0.957
0.001	0.001	0.859	0.139
0.001	0.001	0.226	0.772
>GCGACTGT	6-GCGACTGT	8.236954	-10.621627	0	T:6.0(4.00%),B:9.6(0.40%),P:1e-4	Tpos:151.3,Tstd:61.0,Bpos:83.3,Bstd:55.8,StrandBias:0.0,Multiplicity:1.00
0.100	0.100	0.700	0.100
0.100	0.700	0.100	0.100
0.100	0.100	0.700	0.100
0.700	0.100	0.100	0.100
0.100	0.700	0.100	0.100
0.100	0.100	0.100	0.700
0.100	0.100	0.700	0.100
0.100	0.100	0.100	0.700
>GTTTACCG	7-GTTTACCG	8.236954	-9.929132	0	T:7.0(4.67%),B:15.6(0.65%),P:1e-4	Tpos:140.3,Tstd:80.7,Bpos:133.8,Bstd:88.2,StrandBias:2.6,Multiplicity:1.00
0.100	0.100	0.700	0.100
0.100	0.100	0.100	0.700
0.100	0.100	0.100	0.700
0.100	0.100	0.100	0.700
0.700	0.100	0.100	0.100
0.100	0.700	0.100	0.100
0.100	0.700	0.100	0.100
0.100	0.100	0.700	0.100
