>TTAMCCACTA	1-TTAMCCACTA	8.437210	-34.272870	0	T:25.0(16.67%),B:50.2(2.08%),P:1e-14	Tpos:130.9,Tstd:49.3,Bpos:127.5,Bstd:72.4,StrandBias:0.1,Multiplicity:1.00
0.001	0.162	0.137	0.700
0.297	0.136	0.001	0.566
0.985	0.001	0.013	0.001
0.454	0.544	0.001	0.001
0.001	0.862	0.136	0.001
0.001	0.997	0.001	0.001
0.997	0.001	0.001	0.001
0.001	0.997	0.001	0.001
0.001	0.408	0.001	0.590
0.861	0.001	0.137	0.001
>AASMGGATTT	2-AASMGGATTT	8.113815	-28.082464	0	T:22.0(14.67%),B:49.6(2.05%),P:1e-12	Tpos:137.5,Tstd:71.3,Bpos:117.2,Bstd:78.5,StrandBias:0.8,Multiplicity:1.09
0.748	0.049	0.003	0.200
0.997	0.001	0.001	0.001
0.049	0.303	0.400	0.248
0.394	0.309	0.151	0.146
0.001	0.244	0.754	0.001
0.001	0.096	0.902	0.001
0.500	0.294	0.158	0.049
0.001	0.293	0.001	0.705
0.051	0.103	0.097	0.749
0.243	0.001	0.099	0.657
>AGGGTTTCAA	3-AGGGTTTCAA	10.832709	-25.778410	0	T:9.0(6.00%),B:4.2(0.18%),P:1e-11	Tpos:111.9,Tstd:54.9,Bpos:81.6,Bstd:57.9,StrandBias:-0.3,Multiplicity:1.00
0.885	0.001	0.113	0.001
0.113	0.001	0.885	0.001
0.001	0.001	0.885	0.113
0.114	0.114	0.771	0.001
0.001	0.001	0.001	0.997
0.001	0.001	0.001	0.997
0.001	0.001	0.113	0.885
0.113	0.885	0.001	0.001
0.912	0.001	0.001	0.086
0.997	0.001	0.001	0.001
>AAACCGCAAG	4-AAACCGCAAG	10.290108	-25.186306	0	T:14.0(9.33%),B:18.6(0.77%),P:1e-10	Tpos:118.6,Tstd:61.2,Bpos:154.7,Bstd:58.6,StrandBias:-0.4,Multiplicity:1.00
0.902	0.096	0.001	0.001
0.902	0.001	0.001	0.096
0.805	0.097	0.001	0.097
0.001	0.997	0.001	0.001
0.096	0.902	0.001	0.001
0.073	0.001	0.925	0.001
0.001	0.902	0.096	0.001
0.805	0.097	0.001	0.097
0.902	0.001	0.096	0.001
0.001	0.001	0.997	0.001
>TATTCCACGG	5-TATTCCACGG	10.652162	-24.096891	0	T:10.0(6.67%),B:7.6(0.31%),P:1e-10	Tpos:147.8,Tstd:67.5,Bpos:83.7,Bstd:71.2,StrandBias:0.0,Multiplicity:1.00
0.001	0.099	0.001	0.899
0.799	0.100	0.001	0.100
0.100	0.001	0.100	0.799
0.001	0.001	0.001	0.997
0.001	0.899	0.001	0.099
0.099	0.899	0.001	0.001
0.997	0.001	0.001	0.001
0.001	0.997	0.001	0.001
0.100	0.100	0.799	0.001
0.001	0.001	0.997	0.001
>AGGGCCTCTT	6-AGGGCCTCTT	11.276337	-23.361936	0	T:7.0(4.67%),B:3.0(0.12%),P:1e-10	Tpos:127.6,Tstd:57.8,Bpos:13.8,Bstd:1.4,StrandBias:0.4,Multiplicity:1.00
0.667	0.001	0.166	0.166
0.001	0.001	0.997	0.001
0.001	0.001	0.997	0.001
0.001	0.001	0.832	0.166
0.001	0.997	0.001	0.001
0.001	0.997	0.001	0.001
0.166	0.001	0.001	0.832
0.001	0.832	0.001	0.166
0.001	0.001	0.001	0.997
0.001	0.001	0.001	0.997
>CAAGAWMTCC	7-CAAGAWMTCC	8.692444	-22.782513	0	T:15.0(10.00%),B:26.1(1.08%),P:1e-9	Tpos:139.7,Tstd:67.5,Bpos:130.2,Bstd:72.9,StrandBias:0.2,Multiplicity:1.00
0.231	0.767	0.001	0.001
0.707	0.076	0.216	0.001
0.526	0.001	0.234	0.239
0.001	0.075	0.923	0.001
0.771	0.001	0.076	0.152
0.457	0.001	0.001	0.541
0.473	0.374	0.152	0.001
0.075	0.001	0.001	0.923
0.001	0.602	0.245	0.152
0.001	0.923	0.001	0.075
>TAATTTAGAT	8-TAATTTAGAT	9.746191	-22.065761	0	T:12.0(8.00%),B:15.8(0.65%),P:1e-9	Tpos:141.8,Tstd:65.9,Bpos:131.1,Bstd:76.6,StrandBias:-0.4,Multiplicity:1.17
0.001	0.001	0.001	0.997
0.739	0.130	0.130	0.001
0.997	0.001	0.001	0.001
0.119	0.250	0.001	0.630
0.001	0.001	0.001	0.997
0.119	0.001	0.001	0.879
0.997	0.001	0.001	0.001
0.001	0.001	0.997	0.001
0.761	0.001	0.119	0.119
0.119	0.001	0.119	0.761
>AADTMACAGC	9-AADTMACAGC	8.018356	-22.054197	0	T:36.0(24.00%),B:179.3(7.43%),P:1e-9	Tpos:107.5,Tstd:64.3,Bpos:122.4,Bstd:72.6,StrandBias:-0.7,Multiplicity:1.11
0.664	0.280	0.001	0.055
0.997	0.001	0.001	0.001
0.353	0.116	0.279	0.253
0.142	0.001	0.001	0.856
0.379	0.449	0.171	0.001
0.997	0.001	0.001	0.001
0.001	0.997	0.001	0.001
0.652	0.228	0.001	0.119
0.113	0.259	0.422	0.206
0.001	0.947	0.001	0.051
>YTTACTTCCS	10-YTTACTTCCS	9.969010	-20.036470	0	T:12.0(8.00%),B:18.6(0.77%),P:1e-8	Tpos:152.0,Tstd:59.5,Bpos:139.3,Bstd:90.2,StrandBias:0.4,Multiplicity:1.17
0.001	0.500	0.001	0.498
0.001	0.001	0.001	0.997
0.001	0.396	0.001	0.602
0.997	0.001	0.001	0.001
0.001	0.997	0.001	0.001
0.238	0.001	0.001	0.760
0.001	0.001	0.001	0.997
0.001	0.640	0.358	0.001
0.001	0.868	0.001	0.130
0.001	0.478	0.520	0.001
>ATGGCTACAA	11-ATGGCTACAA	10.852519	-19.750318	0	T:9.0(6.00%),B:8.3(0.34%),P:1e-8	Tpos:97.8,Tstd:47.8,Bpos:160.1,Bstd:49.5,StrandBias:0.3,Multiplicity:1.00
0.882	0.001	0.001	0.116
0.001	0.001	0.001	0.997
0.001	0.001	0.997	0.001
0.117	0.117	0.765	0.001
0.001	0.882	0.001	0.116
0.001	0.116	0.001	0.882
0.997	0.001	0.001	0.001
0.001	0.997	0.001	0.001
0.882	0.116	0.001	0.001
0.819	0.117	0.001	0.063
>ATACGGCCAA	12-ATACGGCCAA	7.909306	-19.019727	0	T:16.0(10.67%),B:40.1(1.66%),P:1e-8	Tpos:133.7,Tstd:69.5,Bpos:159.7,Bstd:62.6,StrandBias:0.4,Multiplicity:1.00
0.861	0.001	0.046	0.092
0.083	0.001	0.092	0.824
0.859	0.092	0.048	0.001
0.046	0.907	0.046	0.001
0.267	0.075	0.610	0.048
0.138	0.046	0.678	0.138
0.092	0.724	0.092	0.092
0.121	0.785	0.046	0.048
0.907	0.046	0.001	0.046
0.859	0.092	0.001	0.048
>ACTTATATCT	13-ACTTATATCT	10.509542	-17.534469	0	T:10.0(6.67%),B:14.7(0.61%),P:1e-7	Tpos:159.3,Tstd:54.1,Bpos:115.0,Bstd:76.7,StrandBias:0.0,Multiplicity:1.10
0.914	0.001	0.001	0.084
0.001	0.896	0.001	0.102
0.134	0.001	0.001	0.864
0.134	0.001	0.001	0.864
0.997	0.001	0.001	0.001
0.001	0.001	0.001	0.997
0.997	0.001	0.001	0.001
0.001	0.001	0.001	0.997
0.134	0.864	0.001	0.001
0.135	0.001	0.135	0.729
>TCGCTAATTG	14-TCGCTAATTG	10.296193	-14.377057	0	T:4.0(2.67%),B:1.4(0.06%),P:1e-6	Tpos:115.0,Tstd:65.7,Bpos:198.0,Bstd:0.0,StrandBias:10.0,Multiplicity:1.00
0.100	0.100	0.100	0.700
0.100	0.700	0.100	0.100
0.100	0.100	0.700	0.100
0.100	0.700	0.100	0.100
0.100	0.100	0.100	0.700
0.700	0.100	0.100	0.100
0.700	0.100	0.100	0.100
0.100	0.100	0.100	0.700
0.100	0.100	0.100	0.700
0.100	0.100	0.700	0.100
>CTAGTGGGGT	15-CTAGTGGGGT	11.276337	-13.399699	0	T:5.0(3.33%),B:3.5(0.14%),P:1e-5	Tpos:136.3,Tstd:39.5,Bpos:83.2,Bstd:33.8,StrandBias:0.4,Multiplicity:1.40
0.001	0.832	0.001	0.166
0.001	0.001	0.001	0.997
0.997	0.001	0.001	0.001
0.001	0.001	0.997	0.001
0.001	0.166	0.166	0.667
0.001	0.001	0.997	0.001
0.001	0.001	0.832	0.166
0.001	0.001	0.997	0.001
0.001	0.166	0.832	0.001
0.001	0.001	0.001	0.997
>GAGTACCCACTA	1-GAGTACCCACTA	9.986582	-36.360771	0	T:10.0(6.67%),B:2.9(0.12%),P:1e-15	Tpos:131.2,Tstd:47.2,Bpos:111.8,Bstd:75.7,StrandBias:1.2,Multiplicity:1.00
0.001	0.185	0.807	0.007
0.552	0.095	0.001	0.352
0.102	0.176	0.457	0.264
0.176	0.095	0.001	0.728
0.997	0.001	0.001	0.001
0.185	0.551	0.176	0.088
0.001	0.911	0.087	0.001
0.001	0.728	0.001	0.270
0.728	0.001	0.270	0.001
0.001	0.997	0.001	0.001
0.182	0.001	0.001	0.816
0.911	0.001	0.087	0.001
>ATAAGTGAGTCC	2-ATAAGTGAGTCC	8.325932	-33.067394	0	T:8.0(5.33%),B:1.7(0.07%),P:1e-14	Tpos:125.4,Tstd:51.8,Bpos:115.3,Bstd:18.1,StrandBias:0.7,Multiplicity:1.00
0.921	0.077	0.001	0.001
0.001	0.001	0.001	0.997
0.997	0.001	0.001	0.001
0.997	0.001	0.001	0.001
0.243	0.001	0.738	0.018
0.001	0.001	0.001	0.997
0.001	0.001	0.921	0.077
0.997	0.001	0.001	0.001
0.078	0.001	0.746	0.175
0.001	0.001	0.001	0.997
0.001	0.997	0.001	0.001
0.001	0.997	0.001	0.001
>GTCATTGGTCAC	3-GTCATTGGTCAC	10.083404	-29.239138	0	T:12.0(8.00%),B:8.2(0.34%),P:1e-12	Tpos:129.0,Tstd:54.8,Bpos:109.2,Bstd:24.7,StrandBias:0.2,Multiplicity:1.08
0.001	0.108	0.795	0.096
0.001	0.108	0.096	0.795
0.097	0.517	0.193	0.193
0.806	0.001	0.001	0.192
0.001	0.096	0.096	0.807
0.001	0.001	0.096	0.902
0.001	0.001	0.997	0.001
0.001	0.001	0.806	0.192
0.001	0.096	0.096	0.807
0.001	0.997	0.001	0.001
0.902	0.096	0.001	0.001
0.001	0.902	0.001	0.096
>CCCGGTGTTATT	4-CCCGGTGTTATT	11.610369	-28.162126	0	T:7.0(4.67%),B:0.8(0.03%),P:1e-12	Tpos:118.3,Tstd:87.6,Bpos:44.0,Bstd:0.0,StrandBias:2.6,Multiplicity:1.00
0.172	0.513	0.001	0.314
0.001	0.997	0.001	0.001
0.164	0.834	0.001	0.001
0.001	0.001	0.997	0.001
0.321	0.001	0.677	0.001
0.001	0.001	0.001	0.997
0.001	0.001	0.997	0.001
0.001	0.001	0.001	0.997
0.001	0.157	0.314	0.528
0.842	0.001	0.156	0.001
0.157	0.001	0.157	0.685
0.014	0.001	0.001	0.984
>ATTTCATAGCAG	5-ATTTCATAGCAG	11.174064	-28.162126	0	T:7.0(4.67%),B:1.3(0.05%),P:1e-12	Tpos:99.0,Tstd:69.2,Bpos:229.5,Bstd:0.4,StrandBias:0.0,Multiplicity:1.14
0.863	0.001	0.135	0.001
0.001	0.001	0.001	0.997
0.156	0.001	0.001	0.842
0.001	0.272	0.020	0.707
0.159	0.839	0.001	0.001
0.997	0.001	0.001	0.001
0.001	0.001	0.135	0.863
0.843	0.136	0.001	0.020
0.003	0.136	0.860	0.001
0.001	0.727	0.136	0.136
0.863	0.001	0.001	0.135
0.001	0.135	0.863	0.001
>AAMGWAAKTWGT	6-AAMGWAAKTWGT	10.547082	-27.574525	0	T:8.0(5.33%),B:2.3(0.10%),P:1e-11	Tpos:120.1,Tstd:92.9,Bpos:160.9,Bstd:11.2,StrandBias:0.7,Multiplicity:1.00
0.974	0.024	0.001	0.001
0.997	0.001	0.001	0.001
0.424	0.574	0.001	0.001
0.001	0.001	0.997	0.001
0.549	0.001	0.001	0.449
0.997	0.001	0.001	0.001
0.974	0.001	0.024	0.001
0.001	0.001	0.424	0.574
0.001	0.001	0.001	0.997
0.574	0.001	0.001	0.424
0.001	0.025	0.949	0.025
0.001	0.001	0.001	0.997
>AAGGGGATTTGC	7-AAGGGGATTTGC	11.706467	-27.574525	0	T:8.0(5.33%),B:2.9(0.12%),P:1e-11	Tpos:135.9,Tstd:56.2,Bpos:82.6,Bstd:22.5,StrandBias:-0.7,Multiplicity:1.00
0.684	0.001	0.001	0.314
0.511	0.157	0.331	0.001
0.016	0.001	0.980	0.003
0.001	0.001	0.997	0.001
0.001	0.001	0.997	0.001
0.156	0.001	0.842	0.001
0.842	0.156	0.001	0.001
0.001	0.156	0.001	0.842
0.001	0.001	0.016	0.982
0.001	0.330	0.001	0.668
0.001	0.173	0.825	0.001
0.016	0.980	0.001	0.003
>TCTAAACATTAA	8-TCTAAACATTAA	10.308345	-25.576220	0	T:12.0(8.00%),B:11.3(0.47%),P:1e-11	Tpos:98.2,Tstd:52.6,Bpos:93.4,Bstd:55.6,StrandBias:0.5,Multiplicity:1.00
0.001	0.135	0.001	0.863
0.001	0.715	0.001	0.283
0.001	0.135	0.001	0.863
0.863	0.001	0.001	0.135
0.727	0.136	0.136	0.001
0.997	0.001	0.001	0.001
0.136	0.727	0.001	0.136
0.997	0.001	0.001	0.001
0.272	0.001	0.012	0.715
0.001	0.001	0.001	0.997
0.851	0.001	0.147	0.001
0.727	0.001	0.136	0.136
>GCCAATAAAACA	9-GCCAATAAAACA	11.067627	-23.631014	0	T:11.0(7.33%),B:11.0(0.46%),P:1e-10	Tpos:107.6,Tstd:61.2,Bpos:113.1,Bstd:75.5,StrandBias:-0.8,Multiplicity:1.00
0.001	0.213	0.672	0.114
0.001	0.785	0.001	0.213
0.113	0.885	0.001	0.001
0.679	0.213	0.001	0.107
0.997	0.001	0.001	0.001
0.001	0.106	0.001	0.892
0.997	0.001	0.001	0.001
0.778	0.001	0.107	0.114
0.892	0.001	0.001	0.106
0.997	0.001	0.001	0.001
0.214	0.671	0.107	0.008
0.785	0.107	0.107	0.001
>GAWCAGRTTAAC	10-GAWCAGRTTAAC	9.386137	-23.397108	0	T:6.0(4.00%),B:1.3(0.05%),P:1e-10	Tpos:119.3,Tstd:65.1,Bpos:99.1,Bstd:54.5,StrandBias:0.4,Multiplicity:1.17
0.001	0.001	0.997	0.001
0.961	0.037	0.001	0.001
0.424	0.001	0.001	0.574
0.001	0.887	0.037	0.075
0.997	0.001	0.001	0.001
0.001	0.001	0.997	0.001
0.538	0.037	0.424	0.001
0.001	0.001	0.001	0.997
0.001	0.001	0.001	0.997
0.997	0.001	0.001	0.001
0.997	0.001	0.001	0.001
0.037	0.961	0.001	0.001
>AGGAATAAAAAG	11-AGGAATAAAAAG	14.083041	-23.397108	0	T:6.0(4.00%),B:1.4(0.06%),P:1e-10	Tpos:83.3,Tstd:80.1,Bpos:218.1,Bstd:13.1,StrandBias:1.0,Multiplicity:1.00
0.832	0.166	0.001	0.001
0.001	0.001	0.997	0.001
0.001	0.001	0.997	0.001
0.997	0.001	0.001	0.001
0.997	0.001	0.001	0.001
0.166	0.001	0.001	0.832
0.997	0.001	0.001	0.001
0.997	0.001	0.001	0.001
0.832	0.001	0.001	0.166
0.997	0.001	0.001	0.001
0.832	0.001	0.001	0.166
0.166	0.001	0.832	0.001
>GAAAATCHTTGG	12-GAAAATCHTTGG	8.663353	-23.186497	0	T:14.0(9.33%),B:21.3(0.88%),P:1e-10	Tpos:168.2,Tstd:62.2,Bpos:124.7,Bstd:53.5,StrandBias:0.2,Multiplicity:1.07
0.001	0.353	0.630	0.016
0.997	0.001	0.001	0.001
0.650	0.001	0.001	0.348
0.997	0.001	0.001	0.001
0.982	0.001	0.016	0.001
0.017	0.002	0.002	0.979
0.001	0.647	0.351	0.001
0.337	0.298	0.001	0.364
0.001	0.016	0.001	0.982
0.001	0.298	0.050	0.651
0.001	0.001	0.960	0.038
0.001	0.330	0.668	0.001
>TTCACTKTAAAY	13-TTCACTKTAAAY	9.221316	-22.234360	0	T:9.0(6.00%),B:6.8(0.28%),P:1e-9	Tpos:127.6,Tstd:83.3,Bpos:141.3,Bstd:72.3,StrandBias:1.0,Multiplicity:1.00
0.001	0.019	0.001	0.979
0.001	0.001	0.001	0.997
0.001	0.979	0.001	0.019
0.997	0.001	0.001	0.001
0.001	0.997	0.001	0.001
0.001	0.001	0.019	0.979
0.001	0.001	0.540	0.458
0.229	0.001	0.001	0.769
0.769	0.001	0.229	0.001
0.541	0.229	0.001	0.229
0.997	0.001	0.001	0.001
0.001	0.540	0.001	0.458
>TAAGAGGATTTT	14-TAAGAGGATTTT	10.265240	-21.921114	0	T:13.0(8.67%),B:19.1(0.79%),P:1e-9	Tpos:109.2,Tstd:73.8,Bpos:141.1,Bstd:65.9,StrandBias:1.1,Multiplicity:1.23
0.003	0.001	0.099	0.897
0.807	0.096	0.001	0.096
0.997	0.001	0.001	0.001
0.289	0.218	0.491	0.001
0.710	0.096	0.001	0.193
0.096	0.122	0.781	0.001
0.192	0.001	0.806	0.001
0.807	0.001	0.096	0.096
0.001	0.001	0.001	0.997
0.001	0.001	0.001	0.997
0.001	0.001	0.001	0.997
0.001	0.193	0.096	0.710
>CTTGTAGCTCAA	15-CTTGTAGCTCAA	8.052333	-19.289343	0	T:6.0(4.00%),B:2.7(0.11%),P:1e-8	Tpos:92.0,Tstd:55.1,Bpos:131.6,Bstd:65.6,StrandBias:-2.3,Multiplicity:1.00
0.001	0.737	0.001	0.261
0.001	0.001	0.001	0.997
0.001	0.001	0.001	0.997
0.261	0.001	0.737	0.001
0.001	0.001	0.001	0.997
0.997	0.001	0.001	0.001
0.001	0.001	0.997	0.001
0.001	0.737	0.001	0.261
0.001	0.001	0.001	0.997
0.001	0.997	0.001	0.001
0.997	0.001	0.001	0.001
0.997	0.001	0.001	0.001
>TTGATTAGCTCT	16-TTGATTAGCTCT	9.570965	-18.777899	0	T:11.0(7.33%),B:16.9(0.70%),P:1e-8	Tpos:123.5,Tstd:62.5,Bpos:143.8,Bstd:54.6,StrandBias:-0.7,Multiplicity:1.09
0.157	0.001	0.157	0.685
0.157	0.001	0.314	0.528
0.001	0.001	0.997	0.001
0.997	0.001	0.001	0.001
0.001	0.001	0.001	0.997
0.001	0.001	0.013	0.985
0.685	0.001	0.157	0.157
0.001	0.013	0.985	0.001
0.156	0.842	0.001	0.001
0.001	0.157	0.314	0.528
0.001	0.985	0.001	0.013
0.001	0.156	0.001	0.842
>ACCGGAAGTGAA	17-ACCGGAAGTGAA	10.396514	-16.304545	0	T:10.0(6.67%),B:16.1(0.67%),P:1e-7	Tpos:174.0,Tstd:43.0,Bpos:143.7,Bstd:75.6,StrandBias:-1.0,Multiplicity:1.20
0.594	0.106	0.097	0.203
0.096	0.902	0.001	0.001
0.097	0.709	0.097	0.097
0.001	0.001	0.997	0.001
0.001	0.001	0.997	0.001
0.902	0.001	0.001	0.096
0.902	0.001	0.001	0.096
0.001	0.001	0.997	0.001
0.001	0.096	0.001	0.902
0.295	0.001	0.511	0.193
0.807	0.096	0.096	0.001
0.807	0.096	0.096	0.001
>TTTTCACCTGTA	18-TTTTCACCTGTA	10.409522	-15.377065	0	T:5.0(3.33%),B:2.0(0.08%),P:1e-6	Tpos:103.6,Tstd:63.9,Bpos:90.0,Bstd:69.8,StrandBias:2.0,Multiplicity:1.00
0.100	0.100	0.100	0.700
0.100	0.100	0.100	0.700
0.100	0.100	0.100	0.700
0.100	0.100	0.100	0.700
0.100	0.700	0.100	0.100
0.700	0.100	0.100	0.100
0.100	0.700	0.100	0.100
0.100	0.700	0.100	0.100
0.100	0.100	0.100	0.700
0.100	0.100	0.700	0.100
0.100	0.100	0.100	0.700
0.700	0.100	0.100	0.100
>CCGCGA	1-CCGCGA	5.394062	-14.555788	0	T:56.0(37.33%),B:477.7(19.80%),P:1e-6	Tpos:126.9,Tstd:66.5,Bpos:125.6,Bstd:76.1,StrandBias:-0.1,Multiplicity:1.32
0.001	0.997	0.001	0.001
0.001	0.997	0.001	0.001
0.001	0.001	0.997	0.001
0.001	0.997	0.001	0.001
0.174	0.001	0.824	0.001
0.932	0.001	0.066	0.001
>AAATCC	2-AAATCC	5.118039	-12.395005	0	T:109.0(72.67%),B:1317.7(54.61%),P:1e-5	Tpos:121.1,Tstd:70.8,Bpos:125.0,Bstd:79.8,StrandBias:-0.0,Multiplicity:1.73
0.757	0.001	0.001	0.241
0.997	0.001	0.001	0.001
0.871	0.127	0.001	0.001
0.196	0.001	0.001	0.802
0.001	0.997	0.001	0.001
0.001	0.997	0.001	0.001
>ACCAAT	3-ACCAAT	5.438267	-11.435098	0	T:86.0(57.33%),B:960.2(39.80%),P:1e-4	Tpos:131.7,Tstd:58.9,Bpos:125.4,Bstd:74.0,StrandBias:-0.2,Multiplicity:1.31
0.804	0.001	0.001	0.194
0.001	0.997	0.001	0.001
0.001	0.997	0.001	0.001
0.997	0.001	0.001	0.001
0.705	0.293	0.001	0.001
0.001	0.001	0.001	0.997
>TCGCYG	4-TCGCYG	5.752554	-9.190339	0	T:46.0(30.67%),B:432.0(17.90%),P:1e-3	Tpos:152.5,Tstd:69.9,Bpos:119.0,Bstd:76.9,StrandBias:0.1,Multiplicity:1.16
0.178	0.001	0.001	0.820
0.001	0.997	0.001	0.001
0.001	0.001	0.997	0.001
0.001	0.821	0.177	0.001
0.001	0.531	0.001	0.467
0.001	0.001	0.997	0.001
>AKCCAA	5-AKCCAA	5.917404	-6.744884	0	T:93.0(62.00%),B:1189.4(49.29%),P:1e-2	Tpos:125.3,Tstd:70.4,Bpos:121.9,Bstd:75.9,StrandBias:0.1,Multiplicity:1.69
0.997	0.001	0.001	0.001
0.001	0.001	0.445	0.553
0.001	0.997	0.001	0.001
0.001	0.505	0.222	0.272
0.997	0.001	0.001	0.001
0.756	0.242	0.001	0.001
>TTTGCGGT	1-TTTGCGGT	5.469497	-20.603574	0	T:87.0(58.00%),B:815.8(33.81%),P:1e-8	Tpos:126.9,Tstd:64.3,Bpos:124.7,Bstd:73.6,StrandBias:0.0,Multiplicity:1.54
0.149	0.154	0.001	0.696
0.076	0.080	0.009	0.835
0.211	0.104	0.151	0.534
0.102	0.137	0.753	0.008
0.039	0.755	0.014	0.192
0.049	0.087	0.761	0.103
0.081	0.066	0.840	0.013
0.013	0.071	0.077	0.839
>CGDVTTAT	2-CGDVTTAT	5.717520	-20.417704	0	T:86.0(57.33%),B:803.1(33.28%),P:1e-8	Tpos:126.2,Tstd:63.0,Bpos:123.5,Bstd:75.0,StrandBias:0.0,Multiplicity:1.43
0.026	0.651	0.001	0.322
0.001	0.347	0.651	0.001
0.384	0.003	0.346	0.266
0.419	0.276	0.304	0.001
0.011	0.001	0.001	0.987
0.001	0.144	0.083	0.772
0.790	0.083	0.001	0.126
0.154	0.001	0.330	0.515
>CCACCACG	3-CCACCACG	7.158501	-17.790055	0	T:27.0(18.00%),B:126.6(5.25%),P:1e-7	Tpos:107.3,Tstd:62.3,Bpos:128.8,Bstd:62.0,StrandBias:0.3,Multiplicity:1.04
0.303	0.683	0.013	0.001
0.074	0.596	0.236	0.094
0.640	0.007	0.001	0.352
0.228	0.769	0.002	0.001
0.001	0.992	0.001	0.006
0.774	0.035	0.074	0.117
0.001	0.944	0.054	0.001
0.341	0.049	0.603	0.007
>GTTGCAAG	4-GTTGCAAG	7.373077	-13.781864	0	T:29.0(19.33%),B:174.7(7.24%),P:1e-5	Tpos:106.8,Tstd:65.3,Bpos:118.5,Bstd:72.4,StrandBias:0.4,Multiplicity:1.15
0.001	0.001	0.997	0.001
0.001	0.001	0.001	0.997
0.065	0.001	0.290	0.644
0.001	0.080	0.553	0.366
0.001	0.805	0.001	0.193
0.997	0.001	0.001	0.001
0.997	0.001	0.001	0.001
0.001	0.405	0.593	0.001
>TCGTTTGT	5-TCGTTTGT	7.978940	-12.449426	0	T:24.0(16.00%),B:136.4(5.65%),P:1e-5	Tpos:131.8,Tstd:79.8,Bpos:133.4,Bstd:68.0,StrandBias:-0.1,Multiplicity:1.09
0.176	0.001	0.001	0.822
0.001	0.692	0.306	0.001
0.001	0.001	0.997	0.001
0.001	0.257	0.001	0.741
0.167	0.001	0.001	0.831
0.001	0.041	0.001	0.957
0.001	0.001	0.859	0.139
0.001	0.001	0.226	0.772
>GCGACTGT	6-GCGACTGT	8.236954	-10.621627	0	T:6.0(4.00%),B:9.6(0.40%),P:1e-4	Tpos:151.3,Tstd:61.0,Bpos:83.3,Bstd:55.8,StrandBias:0.0,Multiplicity:1.00
0.100	0.100	0.700	0.100
0.100	0.700	0.100	0.100
0.100	0.100	0.700	0.100
0.700	0.100	0.100	0.100
0.100	0.700	0.100	0.100
0.100	0.100	0.100	0.700
0.100	0.100	0.700	0.100
0.100	0.100	0.100	0.700
>GTTTACCG	7-GTTTACCG	8.236954	-9.929132	0	T:7.0(4.67%),B:15.6(0.65%),P:1e-4	Tpos:140.3,Tstd:80.7,Bpos:133.8,Bstd:88.2,StrandBias:2.6,Multiplicity:1.00
0.100	0.100	0.700	0.100
0.100	0.100	0.100	0.700
0.100	0.100	0.100	0.700
0.100	0.100	0.100	0.700
0.700	0.100	0.100	0.100
0.100	0.700	0.100	0.100
0.100	0.700	0.100	0.100
0.100	0.100	0.700	0.100
