>GAGTACCCACTA	1-GAGTACCCACTA	9.986582	-36.360771	0	T:10.0(6.67%),B:2.9(0.12%),P:1e-15	Tpos:131.2,Tstd:47.2,Bpos:111.8,Bstd:75.7,StrandBias:1.2,Multiplicity:1.00
0.001	0.185	0.807	0.007
0.552	0.095	0.001	0.352
0.102	0.176	0.457	0.264
0.176	0.095	0.001	0.728
0.997	0.001	0.001	0.001
0.185	0.551	0.176	0.088
0.001	0.911	0.087	0.001
0.001	0.728	0.001	0.270
0.728	0.001	0.270	0.001
0.001	0.997	0.001	0.001
0.182	0.001	0.001	0.816
0.911	0.001	0.087	0.001
>ATAAGTGAGTCC	2-ATAAGTGAGTCC	8.325932	-33.067394	0	T:8.0(5.33%),B:1.7(0.07%),P:1e-14	Tpos:125.4,Tstd:51.8,Bpos:115.3,Bstd:18.1,StrandBias:0.7,Multiplicity:1.00
0.921	0.077	0.001	0.001
0.001	0.001	0.001	0.997
0.997	0.001	0.001	0.001
0.997	0.001	0.001	0.001
0.243	0.001	0.738	0.018
0.001	0.001	0.001	0.997
0.001	0.001	0.921	0.077
0.997	0.001	0.001	0.001
0.078	0.001	0.746	0.175
0.001	0.001	0.001	0.997
0.001	0.997	0.001	0.001
0.001	0.997	0.001	0.001
>GTCATTGGTCAC	3-GTCATTGGTCAC	10.083404	-29.239138	0	T:12.0(8.00%),B:8.2(0.34%),P:1e-12	Tpos:129.0,Tstd:54.8,Bpos:109.2,Bstd:24.7,StrandBias:0.2,Multiplicity:1.08
0.001	0.108	0.795	0.096
0.001	0.108	0.096	0.795
0.097	0.517	0.193	0.193
0.806	0.001	0.001	0.192
0.001	0.096	0.096	0.807
0.001	0.001	0.096	0.902
0.001	0.001	0.997	0.001
0.001	0.001	0.806	0.192
0.001	0.096	0.096	0.807
0.001	0.997	0.001	0.001
0.902	0.096	0.001	0.001
0.001	0.902	0.001	0.096
>CCCGGTGTTATT	4-CCCGGTGTTATT	11.610369	-28.162126	0	T:7.0(4.67%),B:0.8(0.03%),P:1e-12	Tpos:118.3,Tstd:87.6,Bpos:44.0,Bstd:0.0,StrandBias:2.6,Multiplicity:1.00
0.172	0.513	0.001	0.314
0.001	0.997	0.001	0.001
0.164	0.834	0.001	0.001
0.001	0.001	0.997	0.001
0.321	0.001	0.677	0.001
0.001	0.001	0.001	0.997
0.001	0.001	0.997	0.001
0.001	0.001	0.001	0.997
0.001	0.157	0.314	0.528
0.842	0.001	0.156	0.001
0.157	0.001	0.157	0.685
0.014	0.001	0.001	0.984
>ATTTCATAGCAG	5-ATTTCATAGCAG	11.174064	-28.162126	0	T:7.0(4.67%),B:1.3(0.05%),P:1e-12	Tpos:99.0,Tstd:69.2,Bpos:229.5,Bstd:0.4,StrandBias:0.0,Multiplicity:1.14
0.863	0.001	0.135	0.001
0.001	0.001	0.001	0.997
0.156	0.001	0.001	0.842
0.001	0.272	0.020	0.707
0.159	0.839	0.001	0.001
0.997	0.001	0.001	0.001
0.001	0.001	0.135	0.863
0.843	0.136	0.001	0.020
0.003	0.136	0.860	0.001
0.001	0.727	0.136	0.136
0.863	0.001	0.001	0.135
0.001	0.135	0.863	0.001
>AAMGWAAKTWGT	6-AAMGWAAKTWGT	10.547082	-27.574525	0	T:8.0(5.33%),B:2.3(0.10%),P:1e-11	Tpos:120.1,Tstd:92.9,Bpos:160.9,Bstd:11.2,StrandBias:0.7,Multiplicity:1.00
0.974	0.024	0.001	0.001
0.997	0.001	0.001	0.001
0.424	0.574	0.001	0.001
0.001	0.001	0.997	0.001
0.549	0.001	0.001	0.449
0.997	0.001	0.001	0.001
0.974	0.001	0.024	0.001
0.001	0.001	0.424	0.574
0.001	0.001	0.001	0.997
0.574	0.001	0.001	0.424
0.001	0.025	0.949	0.025
0.001	0.001	0.001	0.997
>AAGGGGATTTGC	7-AAGGGGATTTGC	11.706467	-27.574525	0	T:8.0(5.33%),B:2.9(0.12%),P:1e-11	Tpos:135.9,Tstd:56.2,Bpos:82.6,Bstd:22.5,StrandBias:-0.7,Multiplicity:1.00
0.684	0.001	0.001	0.314
0.511	0.157	0.331	0.001
0.016	0.001	0.980	0.003
0.001	0.001	0.997	0.001
0.001	0.001	0.997	0.001
0.156	0.001	0.842	0.001
0.842	0.156	0.001	0.001
0.001	0.156	0.001	0.842
0.001	0.001	0.016	0.982
0.001	0.330	0.001	0.668
0.001	0.173	0.825	0.001
0.016	0.980	0.001	0.003
>TCTAAACATTAA	8-TCTAAACATTAA	10.308345	-25.576220	0	T:12.0(8.00%),B:11.3(0.47%),P:1e-11	Tpos:98.2,Tstd:52.6,Bpos:93.4,Bstd:55.6,StrandBias:0.5,Multiplicity:1.00
0.001	0.135	0.001	0.863
0.001	0.715	0.001	0.283
0.001	0.135	0.001	0.863
0.863	0.001	0.001	0.135
0.727	0.136	0.136	0.001
0.997	0.001	0.001	0.001
0.136	0.727	0.001	0.136
0.997	0.001	0.001	0.001
0.272	0.001	0.012	0.715
0.001	0.001	0.001	0.997
0.851	0.001	0.147	0.001
0.727	0.001	0.136	0.136
>GCCAATAAAACA	9-GCCAATAAAACA	11.067627	-23.631014	0	T:11.0(7.33%),B:11.0(0.46%),P:1e-10	Tpos:107.6,Tstd:61.2,Bpos:113.1,Bstd:75.5,StrandBias:-0.8,Multiplicity:1.00
0.001	0.213	0.672	0.114
0.001	0.785	0.001	0.213
0.113	0.885	0.001	0.001
0.679	0.213	0.001	0.107
0.997	0.001	0.001	0.001
0.001	0.106	0.001	0.892
0.997	0.001	0.001	0.001
0.778	0.001	0.107	0.114
0.892	0.001	0.001	0.106
0.997	0.001	0.001	0.001
0.214	0.671	0.107	0.008
0.785	0.107	0.107	0.001
>GAWCAGRTTAAC	10-GAWCAGRTTAAC	9.386137	-23.397108	0	T:6.0(4.00%),B:1.3(0.05%),P:1e-10	Tpos:119.3,Tstd:65.1,Bpos:99.1,Bstd:54.5,StrandBias:0.4,Multiplicity:1.17
0.001	0.001	0.997	0.001
0.961	0.037	0.001	0.001
0.424	0.001	0.001	0.574
0.001	0.887	0.037	0.075
0.997	0.001	0.001	0.001
0.001	0.001	0.997	0.001
0.538	0.037	0.424	0.001
0.001	0.001	0.001	0.997
0.001	0.001	0.001	0.997
0.997	0.001	0.001	0.001
0.997	0.001	0.001	0.001
0.037	0.961	0.001	0.001
>AGGAATAAAAAG	11-AGGAATAAAAAG	14.083041	-23.397108	0	T:6.0(4.00%),B:1.4(0.06%),P:1e-10	Tpos:83.3,Tstd:80.1,Bpos:218.1,Bstd:13.1,StrandBias:1.0,Multiplicity:1.00
0.832	0.166	0.001	0.001
0.001	0.001	0.997	0.001
0.001	0.001	0.997	0.001
0.997	0.001	0.001	0.001
0.997	0.001	0.001	0.001
0.166	0.001	0.001	0.832
0.997	0.001	0.001	0.001
0.997	0.001	0.001	0.001
0.832	0.001	0.001	0.166
0.997	0.001	0.001	0.001
0.832	0.001	0.001	0.166
0.166	0.001	0.832	0.001
>GAAAATCHTTGG	12-GAAAATCHTTGG	8.663353	-23.186497	0	T:14.0(9.33%),B:21.3(0.88%),P:1e-10	Tpos:168.2,Tstd:62.2,Bpos:124.7,Bstd:53.5,StrandBias:0.2,Multiplicity:1.07
0.001	0.353	0.630	0.016
0.997	0.001	0.001	0.001
0.650	0.001	0.001	0.348
0.997	0.001	0.001	0.001
0.982	0.001	0.016	0.001
0.017	0.002	0.002	0.979
0.001	0.647	0.351	0.001
0.337	0.298	0.001	0.364
0.001	0.016	0.001	0.982
0.001	0.298	0.050	0.651
0.001	0.001	0.960	0.038
0.001	0.330	0.668	0.001
>TTCACTKTAAAY	13-TTCACTKTAAAY	9.221316	-22.234360	0	T:9.0(6.00%),B:6.8(0.28%),P:1e-9	Tpos:127.6,Tstd:83.3,Bpos:141.3,Bstd:72.3,StrandBias:1.0,Multiplicity:1.00
0.001	0.019	0.001	0.979
0.001	0.001	0.001	0.997
0.001	0.979	0.001	0.019
0.997	0.001	0.001	0.001
0.001	0.997	0.001	0.001
0.001	0.001	0.019	0.979
0.001	0.001	0.540	0.458
0.229	0.001	0.001	0.769
0.769	0.001	0.229	0.001
0.541	0.229	0.001	0.229
0.997	0.001	0.001	0.001
0.001	0.540	0.001	0.458
>TAAGAGGATTTT	14-TAAGAGGATTTT	10.265240	-21.921114	0	T:13.0(8.67%),B:19.1(0.79%),P:1e-9	Tpos:109.2,Tstd:73.8,Bpos:141.1,Bstd:65.9,StrandBias:1.1,Multiplicity:1.23
0.003	0.001	0.099	0.897
0.807	0.096	0.001	0.096
0.997	0.001	0.001	0.001
0.289	0.218	0.491	0.001
0.710	0.096	0.001	0.193
0.096	0.122	0.781	0.001
0.192	0.001	0.806	0.001
0.807	0.001	0.096	0.096
0.001	0.001	0.001	0.997
0.001	0.001	0.001	0.997
0.001	0.001	0.001	0.997
0.001	0.193	0.096	0.710
>CTTGTAGCTCAA	15-CTTGTAGCTCAA	8.052333	-19.289343	0	T:6.0(4.00%),B:2.7(0.11%),P:1e-8	Tpos:92.0,Tstd:55.1,Bpos:131.6,Bstd:65.6,StrandBias:-2.3,Multiplicity:1.00
0.001	0.737	0.001	0.261
0.001	0.001	0.001	0.997
0.001	0.001	0.001	0.997
0.261	0.001	0.737	0.001
0.001	0.001	0.001	0.997
0.997	0.001	0.001	0.001
0.001	0.001	0.997	0.001
0.001	0.737	0.001	0.261
0.001	0.001	0.001	0.997
0.001	0.997	0.001	0.001
0.997	0.001	0.001	0.001
0.997	0.001	0.001	0.001
>TTGATTAGCTCT	16-TTGATTAGCTCT	9.570965	-18.777899	0	T:11.0(7.33%),B:16.9(0.70%),P:1e-8	Tpos:123.5,Tstd:62.5,Bpos:143.8,Bstd:54.6,StrandBias:-0.7,Multiplicity:1.09
0.157	0.001	0.157	0.685
0.157	0.001	0.314	0.528
0.001	0.001	0.997	0.001
0.997	0.001	0.001	0.001
0.001	0.001	0.001	0.997
0.001	0.001	0.013	0.985
0.685	0.001	0.157	0.157
0.001	0.013	0.985	0.001
0.156	0.842	0.001	0.001
0.001	0.157	0.314	0.528
0.001	0.985	0.001	0.013
0.001	0.156	0.001	0.842
>ACCGGAAGTGAA	17-ACCGGAAGTGAA	10.396514	-16.304545	0	T:10.0(6.67%),B:16.1(0.67%),P:1e-7	Tpos:174.0,Tstd:43.0,Bpos:143.7,Bstd:75.6,StrandBias:-1.0,Multiplicity:1.20
0.594	0.106	0.097	0.203
0.096	0.902	0.001	0.001
0.097	0.709	0.097	0.097
0.001	0.001	0.997	0.001
0.001	0.001	0.997	0.001
0.902	0.001	0.001	0.096
0.902	0.001	0.001	0.096
0.001	0.001	0.997	0.001
0.001	0.096	0.001	0.902
0.295	0.001	0.511	0.193
0.807	0.096	0.096	0.001
0.807	0.096	0.096	0.001
>TTTTCACCTGTA	18-TTTTCACCTGTA	10.409522	-15.377065	0	T:5.0(3.33%),B:2.0(0.08%),P:1e-6	Tpos:103.6,Tstd:63.9,Bpos:90.0,Bstd:69.8,StrandBias:2.0,Multiplicity:1.00
0.100	0.100	0.100	0.700
0.100	0.100	0.100	0.700
0.100	0.100	0.100	0.700
0.100	0.100	0.100	0.700
0.100	0.700	0.100	0.100
0.700	0.100	0.100	0.100
0.100	0.700	0.100	0.100
0.100	0.700	0.100	0.100
0.100	0.100	0.100	0.700
0.100	0.100	0.700	0.100
0.100	0.100	0.100	0.700
0.700	0.100	0.100	0.100
