>TTAMCCACTA	1-TTAMCCACTA	8.437210	-34.272870	0	T:25.0(16.67%),B:50.2(2.08%),P:1e-14	Tpos:130.9,Tstd:49.3,Bpos:127.5,Bstd:72.4,StrandBias:0.1,Multiplicity:1.00
0.001	0.162	0.137	0.700
0.297	0.136	0.001	0.566
0.985	0.001	0.013	0.001
0.454	0.544	0.001	0.001
0.001	0.862	0.136	0.001
0.001	0.997	0.001	0.001
0.997	0.001	0.001	0.001
0.001	0.997	0.001	0.001
0.001	0.408	0.001	0.590
0.861	0.001	0.137	0.001
>AASMGGATTT	2-AASMGGATTT	8.113815	-28.082464	0	T:22.0(14.67%),B:49.6(2.05%),P:1e-12	Tpos:137.5,Tstd:71.3,Bpos:117.2,Bstd:78.5,StrandBias:0.8,Multiplicity:1.09
0.748	0.049	0.003	0.200
0.997	0.001	0.001	0.001
0.049	0.303	0.400	0.248
0.394	0.309	0.151	0.146
0.001	0.244	0.754	0.001
0.001	0.096	0.902	0.001
0.500	0.294	0.158	0.049
0.001	0.293	0.001	0.705
0.051	0.103	0.097	0.749
0.243	0.001	0.099	0.657
>AGGGTTTCAA	3-AGGGTTTCAA	10.832709	-25.778410	0	T:9.0(6.00%),B:4.2(0.18%),P:1e-11	Tpos:111.9,Tstd:54.9,Bpos:81.6,Bstd:57.9,StrandBias:-0.3,Multiplicity:1.00
0.885	0.001	0.113	0.001
0.113	0.001	0.885	0.001
0.001	0.001	0.885	0.113
0.114	0.114	0.771	0.001
0.001	0.001	0.001	0.997
0.001	0.001	0.001	0.997
0.001	0.001	0.113	0.885
0.113	0.885	0.001	0.001
0.912	0.001	0.001	0.086
0.997	0.001	0.001	0.001
>AAACCGCAAG	4-AAACCGCAAG	10.290108	-25.186306	0	T:14.0(9.33%),B:18.6(0.77%),P:1e-10	Tpos:118.6,Tstd:61.2,Bpos:154.7,Bstd:58.6,StrandBias:-0.4,Multiplicity:1.00
0.902	0.096	0.001	0.001
0.902	0.001	0.001	0.096
0.805	0.097	0.001	0.097
0.001	0.997	0.001	0.001
0.096	0.902	0.001	0.001
0.073	0.001	0.925	0.001
0.001	0.902	0.096	0.001
0.805	0.097	0.001	0.097
0.902	0.001	0.096	0.001
0.001	0.001	0.997	0.001
>TATTCCACGG	5-TATTCCACGG	10.652162	-24.096891	0	T:10.0(6.67%),B:7.6(0.31%),P:1e-10	Tpos:147.8,Tstd:67.5,Bpos:83.7,Bstd:71.2,StrandBias:0.0,Multiplicity:1.00
0.001	0.099	0.001	0.899
0.799	0.100	0.001	0.100
0.100	0.001	0.100	0.799
0.001	0.001	0.001	0.997
0.001	0.899	0.001	0.099
0.099	0.899	0.001	0.001
0.997	0.001	0.001	0.001
0.001	0.997	0.001	0.001
0.100	0.100	0.799	0.001
0.001	0.001	0.997	0.001
>AGGGCCTCTT	6-AGGGCCTCTT	11.276337	-23.361936	0	T:7.0(4.67%),B:3.0(0.12%),P:1e-10	Tpos:127.6,Tstd:57.8,Bpos:13.8,Bstd:1.4,StrandBias:0.4,Multiplicity:1.00
0.667	0.001	0.166	0.166
0.001	0.001	0.997	0.001
0.001	0.001	0.997	0.001
0.001	0.001	0.832	0.166
0.001	0.997	0.001	0.001
0.001	0.997	0.001	0.001
0.166	0.001	0.001	0.832
0.001	0.832	0.001	0.166
0.001	0.001	0.001	0.997
0.001	0.001	0.001	0.997
>CAAGAWMTCC	7-CAAGAWMTCC	8.692444	-22.782513	0	T:15.0(10.00%),B:26.1(1.08%),P:1e-9	Tpos:139.7,Tstd:67.5,Bpos:130.2,Bstd:72.9,StrandBias:0.2,Multiplicity:1.00
0.231	0.767	0.001	0.001
0.707	0.076	0.216	0.001
0.526	0.001	0.234	0.239
0.001	0.075	0.923	0.001
0.771	0.001	0.076	0.152
0.457	0.001	0.001	0.541
0.473	0.374	0.152	0.001
0.075	0.001	0.001	0.923
0.001	0.602	0.245	0.152
0.001	0.923	0.001	0.075
>TAATTTAGAT	8-TAATTTAGAT	9.746191	-22.065761	0	T:12.0(8.00%),B:15.8(0.65%),P:1e-9	Tpos:141.8,Tstd:65.9,Bpos:131.1,Bstd:76.6,StrandBias:-0.4,Multiplicity:1.17
0.001	0.001	0.001	0.997
0.739	0.130	0.130	0.001
0.997	0.001	0.001	0.001
0.119	0.250	0.001	0.630
0.001	0.001	0.001	0.997
0.119	0.001	0.001	0.879
0.997	0.001	0.001	0.001
0.001	0.001	0.997	0.001
0.761	0.001	0.119	0.119
0.119	0.001	0.119	0.761
>AADTMACAGC	9-AADTMACAGC	8.018356	-22.054197	0	T:36.0(24.00%),B:179.3(7.43%),P:1e-9	Tpos:107.5,Tstd:64.3,Bpos:122.4,Bstd:72.6,StrandBias:-0.7,Multiplicity:1.11
0.664	0.280	0.001	0.055
0.997	0.001	0.001	0.001
0.353	0.116	0.279	0.253
0.142	0.001	0.001	0.856
0.379	0.449	0.171	0.001
0.997	0.001	0.001	0.001
0.001	0.997	0.001	0.001
0.652	0.228	0.001	0.119
0.113	0.259	0.422	0.206
0.001	0.947	0.001	0.051
>YTTACTTCCS	10-YTTACTTCCS	9.969010	-20.036470	0	T:12.0(8.00%),B:18.6(0.77%),P:1e-8	Tpos:152.0,Tstd:59.5,Bpos:139.3,Bstd:90.2,StrandBias:0.4,Multiplicity:1.17
0.001	0.500	0.001	0.498
0.001	0.001	0.001	0.997
0.001	0.396	0.001	0.602
0.997	0.001	0.001	0.001
0.001	0.997	0.001	0.001
0.238	0.001	0.001	0.760
0.001	0.001	0.001	0.997
0.001	0.640	0.358	0.001
0.001	0.868	0.001	0.130
0.001	0.478	0.520	0.001
>ATGGCTACAA	11-ATGGCTACAA	10.852519	-19.750318	0	T:9.0(6.00%),B:8.3(0.34%),P:1e-8	Tpos:97.8,Tstd:47.8,Bpos:160.1,Bstd:49.5,StrandBias:0.3,Multiplicity:1.00
0.882	0.001	0.001	0.116
0.001	0.001	0.001	0.997
0.001	0.001	0.997	0.001
0.117	0.117	0.765	0.001
0.001	0.882	0.001	0.116
0.001	0.116	0.001	0.882
0.997	0.001	0.001	0.001
0.001	0.997	0.001	0.001
0.882	0.116	0.001	0.001
0.819	0.117	0.001	0.063
>ATACGGCCAA	12-ATACGGCCAA	7.909306	-19.019727	0	T:16.0(10.67%),B:40.1(1.66%),P:1e-8	Tpos:133.7,Tstd:69.5,Bpos:159.7,Bstd:62.6,StrandBias:0.4,Multiplicity:1.00
0.861	0.001	0.046	0.092
0.083	0.001	0.092	0.824
0.859	0.092	0.048	0.001
0.046	0.907	0.046	0.001
0.267	0.075	0.610	0.048
0.138	0.046	0.678	0.138
0.092	0.724	0.092	0.092
0.121	0.785	0.046	0.048
0.907	0.046	0.001	0.046
0.859	0.092	0.001	0.048
>ACTTATATCT	13-ACTTATATCT	10.509542	-17.534469	0	T:10.0(6.67%),B:14.7(0.61%),P:1e-7	Tpos:159.3,Tstd:54.1,Bpos:115.0,Bstd:76.7,StrandBias:0.0,Multiplicity:1.10
0.914	0.001	0.001	0.084
0.001	0.896	0.001	0.102
0.134	0.001	0.001	0.864
0.134	0.001	0.001	0.864
0.997	0.001	0.001	0.001
0.001	0.001	0.001	0.997
0.997	0.001	0.001	0.001
0.001	0.001	0.001	0.997
0.134	0.864	0.001	0.001
0.135	0.001	0.135	0.729
>TCGCTAATTG	14-TCGCTAATTG	10.296193	-14.377057	0	T:4.0(2.67%),B:1.4(0.06%),P:1e-6	Tpos:115.0,Tstd:65.7,Bpos:198.0,Bstd:0.0,StrandBias:10.0,Multiplicity:1.00
0.100	0.100	0.100	0.700
0.100	0.700	0.100	0.100
0.100	0.100	0.700	0.100
0.100	0.700	0.100	0.100
0.100	0.100	0.100	0.700
0.700	0.100	0.100	0.100
0.700	0.100	0.100	0.100
0.100	0.100	0.100	0.700
0.100	0.100	0.100	0.700
0.100	0.100	0.700	0.100
>CTAGTGGGGT	15-CTAGTGGGGT	11.276337	-13.399699	0	T:5.0(3.33%),B:3.5(0.14%),P:1e-5	Tpos:136.3,Tstd:39.5,Bpos:83.2,Bstd:33.8,StrandBias:0.4,Multiplicity:1.40
0.001	0.832	0.001	0.166
0.001	0.001	0.001	0.997
0.997	0.001	0.001	0.001
0.001	0.001	0.997	0.001
0.001	0.166	0.166	0.667
0.001	0.001	0.997	0.001
0.001	0.001	0.832	0.166
0.001	0.001	0.997	0.001
0.001	0.166	0.832	0.001
0.001	0.001	0.001	0.997
