>AACTCTACAGGT	3-AACTCTACAGGT	9.254457	-102.932994	0	T:36.0(3.01%),B:1.6(0.11%),P:1e-44
0.842	0.094	0.032	0.032
0.873	0.063	0.032	0.032
0.126	0.694	0.074	0.106
0.094	0.063	0.094	0.749
0.032	0.893	0.032	0.043
0.137	0.094	0.063	0.706
0.936	0.001	0.001	0.062
0.126	0.810	0.001	0.063
0.936	0.001	0.001	0.062
0.189	0.032	0.747	0.032
0.001	0.031	0.967	0.001
0.001	0.063	0.031	0.905
