>ATCATTGTGCAG	15-ATCATTGTGCAG,BestGuess:HMRA1/MA0327.1/Jaspar(0.720)	9.550006	-46.608816	0	T:25.0(2.09%),B:2.5(0.18%),P:1e-20
0.798	0.134	0.001	0.067
0.067	0.034	0.067	0.832
0.067	0.832	0.001	0.100
0.865	0.034	0.034	0.067
0.001	0.067	0.033	0.899
0.134	0.082	0.034	0.750
0.100	0.001	0.851	0.048
0.033	0.100	0.001	0.866
0.034	0.101	0.798	0.067
0.100	0.817	0.001	0.082
0.965	0.001	0.033	0.001
0.067	0.001	0.798	0.134
