>GWATACATAAHW	25-GWATACATAAHW,BestGuess:YAP6(MacIsaac)/Yeast(0.806)	7.037153	-13.767619	0	T:5.0(2.25%),B:2.8(0.11%),P:1e-5
0.216	0.172	0.381	0.231
0.362	0.173	0.200	0.265
0.527	0.131	0.161	0.181
0.131	0.143	0.143	0.583
0.538	0.107	0.190	0.165
0.147	0.572	0.145	0.136
0.598	0.120	0.114	0.168
0.120	0.127	0.168	0.585
0.560	0.161	0.111	0.168
0.571	0.123	0.161	0.145
0.258	0.347	0.191	0.204
0.233	0.195	0.197	0.376
