>GAAAAGACAAAA	19-TTTTGTCTTTTC	11.173873	-40.255630	0	T:18.0(1.51%),B:1.2(0.09%),P:1e-17
0.098	0.064	0.746	0.092
0.886	0.038	0.038	0.038
0.872	0.038	0.063	0.027
0.849	0.063	0.050	0.038
0.869	0.039	0.025	0.067
0.089	0.113	0.710	0.088
0.848	0.075	0.038	0.039
0.167	0.684	0.111	0.038
0.861	0.038	0.063	0.038
0.899	0.038	0.038	0.025
0.911	0.013	0.063	0.013
0.885	0.050	0.013	0.052
