>GGCCACATGCGA	7-GGCCACATGCGA	9.166513	-70.063270	0	T:27.0(2.26%),B:1.9(0.14%),P:1e-30
0.001	0.074	0.813	0.112
0.059	0.001	0.903	0.037
0.075	0.851	0.037	0.037
0.037	0.851	0.075	0.037
0.850	0.001	0.037	0.112
0.036	0.962	0.001	0.001
0.850	0.112	0.037	0.001
0.134	0.075	0.112	0.679
0.037	0.001	0.925	0.037
0.037	0.814	0.037	0.112
0.075	0.075	0.738	0.112
0.851	0.075	0.037	0.037
