>ACCTGCATGTTT	9-ACCTGCATGTTT	8.577372	-60.386850	0	T:60.0(5.02%),B:12.6(0.89%),P:1e-26
0.914	0.001	0.021	0.064
0.064	0.779	0.086	0.071
0.021	0.829	0.064	0.086
0.064	0.049	0.006	0.881
0.021	0.107	0.851	0.021
0.086	0.892	0.001	0.021
0.763	0.043	0.001	0.193
0.071	0.043	0.086	0.800
0.001	0.064	0.828	0.107
0.043	0.064	0.001	0.892
0.043	0.125	0.021	0.811
0.103	0.049	0.043	0.805
