>TAGAATTTGCGG	6-TAGAATTTGCGG,BestGuess:EFM/MA1167.1/Jaspar(0.675)	8.526769	-78.781275	0	T:36.0(3.01%),B:2.1(0.15%),P:1e-34
0.075	0.075	0.121	0.729
0.878	0.001	0.074	0.047
0.037	0.001	0.888	0.074
0.840	0.001	0.112	0.047
0.916	0.037	0.037	0.010
0.037	0.037	0.037	0.889
0.074	0.001	0.037	0.888
0.037	0.037	0.112	0.814
0.112	0.121	0.580	0.187
0.037	0.925	0.001	0.037
0.074	0.001	0.878	0.047
0.074	0.001	0.851	0.074
