>CGGTTAGCCGCC	13-GGCGGCTAACCG	8.973780	-49.782541	0	T:21.0(1.76%),B:1.1(0.08%),P:1e-21
0.059	0.939	0.001	0.001
0.060	0.060	0.761	0.119
0.001	0.178	0.735	0.086
0.001	0.059	0.001	0.939
0.001	0.026	0.059	0.914
0.821	0.059	0.001	0.119
0.086	0.060	0.794	0.060
0.059	0.881	0.001	0.059
0.001	0.881	0.059	0.059
0.060	0.060	0.761	0.119
0.001	0.939	0.001	0.059
0.178	0.762	0.001	0.059
