>TTTTGTCTTTTC	19-TTTTGTCTTTTC,BestGuess:SGR5/MA1159.1/Jaspar(0.873)	11.173873	-40.255630	0	T:18.0(1.51%),B:1.2(0.09%),P:1e-17
0.052	0.013	0.050	0.885
0.013	0.063	0.013	0.911
0.025	0.038	0.038	0.899
0.038	0.063	0.038	0.861
0.038	0.111	0.684	0.167
0.039	0.038	0.075	0.848
0.088	0.710	0.113	0.089
0.067	0.025	0.039	0.869
0.038	0.050	0.063	0.849
0.027	0.063	0.038	0.872
0.038	0.038	0.038	0.886
0.092	0.746	0.064	0.098
