>WDTTATGTATWC	25-GWATACATAAHW	7.037153	-13.767619	0	T:5.0(2.25%),B:2.8(0.11%),P:1e-5
0.376	0.197	0.195	0.233
0.204	0.191	0.347	0.258
0.145	0.161	0.123	0.571
0.168	0.111	0.161	0.560
0.585	0.168	0.127	0.120
0.168	0.114	0.120	0.598
0.136	0.145	0.572	0.147
0.165	0.190	0.107	0.538
0.583	0.143	0.143	0.131
0.181	0.161	0.131	0.527
0.265	0.200	0.173	0.362
0.231	0.381	0.172	0.216
