>AGAACTACCG	1-AGAACTACCG	11.316461	-29.224303	0	T:7.0(5.00%),B:0.7(0.03%),P:1e-12	Tpos:174.0,Tstd:72.7,Bpos:115.0,Bstd:0.0,StrandBias:10.0,Multiplicity:1.00
0.997	0.001	0.001	0.001
0.166	0.001	0.832	0.001
0.832	0.001	0.001	0.166
0.832	0.001	0.166	0.001
0.001	0.997	0.001	0.001
0.001	0.001	0.001	0.997
0.997	0.001	0.001	0.001
0.001	0.832	0.001	0.166
0.001	0.997	0.001	0.001
0.001	0.001	0.832	0.166
>WGWGCGKCAR	2-WGWGCGKCAR	7.977928	-27.525612	0	T:13.0(9.29%),B:14.5(0.55%),P:1e-11	Tpos:121.1,Tstd:67.1,Bpos:121.6,Bstd:91.3,StrandBias:-0.2,Multiplicity:1.00
0.571	0.001	0.001	0.427
0.001	0.001	0.997	0.001
0.532	0.001	0.001	0.466
0.001	0.001	0.997	0.001
0.033	0.933	0.033	0.001
0.001	0.001	0.997	0.001
0.001	0.001	0.527	0.471
0.001	0.933	0.033	0.033
0.997	0.001	0.001	0.001
0.427	0.001	0.571	0.001
>GCTTACTCAC	3-GCTTACTCAC	11.040100	-24.416682	0	T:7.0(5.00%),B:2.3(0.09%),P:1e-10	Tpos:131.6,Tstd:71.4,Bpos:225.0,Bstd:0.0,StrandBias:1.2,Multiplicity:1.43
0.001	0.001	0.997	0.001
0.001	0.997	0.001	0.001
0.001	0.001	0.137	0.861
0.308	0.001	0.001	0.690
0.861	0.001	0.001	0.137
0.001	0.997	0.001	0.001
0.001	0.001	0.001	0.997
0.137	0.861	0.001	0.001
0.997	0.001	0.001	0.001
0.001	0.861	0.001	0.137
>TCTCCGACAT	4-TCTCCGACAT	10.935735	-23.568661	0	T:9.0(6.43%),B:6.4(0.24%),P:1e-10	Tpos:110.7,Tstd:79.9,Bpos:129.7,Bstd:70.8,StrandBias:-0.3,Multiplicity:1.00
0.001	0.124	0.001	0.874
0.124	0.874	0.001	0.001
0.001	0.124	0.001	0.874
0.001	0.997	0.001	0.001
0.001	0.997	0.001	0.001
0.001	0.001	0.874	0.124
0.997	0.001	0.001	0.001
0.001	0.874	0.124	0.001
0.997	0.001	0.001	0.001
0.125	0.001	0.125	0.749
>AGCGACAATG	5-AGCGACAATG	8.409887	-23.159523	0	T:13.0(9.29%),B:20.1(0.77%),P:1e-10	Tpos:129.3,Tstd:55.3,Bpos:155.5,Bstd:81.2,StrandBias:0.4,Multiplicity:1.08
0.841	0.001	0.089	0.069
0.001	0.001	0.910	0.088
0.001	0.910	0.088	0.001
0.088	0.001	0.910	0.001
0.853	0.057	0.089	0.001
0.068	0.930	0.001	0.001
0.821	0.001	0.089	0.089
0.997	0.001	0.001	0.001
0.001	0.001	0.001	0.997
0.001	0.001	0.910	0.088
>TMKCGCCATW	6-TMKCGCCATW	8.978870	-22.059952	0	T:15.0(10.71%),B:32.7(1.25%),P:1e-9	Tpos:125.3,Tstd:68.8,Bpos:139.8,Bstd:71.3,StrandBias:0.6,Multiplicity:1.00
0.001	0.001	0.001	0.997
0.400	0.479	0.001	0.121
0.001	0.199	0.416	0.385
0.199	0.677	0.123	0.001
0.001	0.367	0.631	0.001
0.001	0.843	0.001	0.155
0.001	0.997	0.001	0.001
0.997	0.001	0.001	0.001
0.078	0.121	0.001	0.800
0.520	0.001	0.001	0.478
>TCATAGACCA	7-TCATAGACCA	10.939330	-21.587891	0	T:8.0(5.71%),B:5.3(0.20%),P:1e-9	Tpos:81.8,Tstd:46.4,Bpos:83.5,Bstd:44.3,StrandBias:-0.7,Multiplicity:1.00
0.001	0.129	0.001	0.869
0.100	0.686	0.130	0.084
0.997	0.001	0.001	0.001
0.001	0.001	0.001	0.997
0.803	0.001	0.001	0.195
0.001	0.001	0.997	0.001
0.770	0.001	0.129	0.100
0.001	0.997	0.001	0.001
0.001	0.997	0.001	0.001
0.997	0.001	0.001	0.001
>CATATAACAC	8-CATATAACAC	10.812876	-21.239742	0	T:10.0(7.14%),B:11.1(0.42%),P:1e-9	Tpos:129.7,Tstd:79.6,Bpos:132.3,Bstd:46.0,StrandBias:0.0,Multiplicity:1.00
0.114	0.771	0.001	0.114
0.997	0.001	0.001	0.001
0.001	0.001	0.001	0.997
0.771	0.001	0.114	0.114
0.087	0.001	0.001	0.911
0.997	0.001	0.001	0.001
0.885	0.001	0.001	0.113
0.001	0.885	0.001	0.113
0.885	0.001	0.113	0.001
0.001	0.997	0.001	0.001
>AATCAGAATG	9-AATCAGAATG	6.889642	-20.048639	0	T:47.0(33.57%),B:359.4(13.72%),P:1e-8	Tpos:134.2,Tstd:66.2,Bpos:122.9,Bstd:76.4,StrandBias:1.0,Multiplicity:1.21
0.975	0.001	0.023	0.001
0.633	0.133	0.187	0.047
0.118	0.060	0.001	0.821
0.065	0.757	0.078	0.100
0.825	0.030	0.091	0.054
0.226	0.077	0.597	0.100
0.890	0.063	0.030	0.017
0.768	0.031	0.133	0.068
0.014	0.051	0.017	0.918
0.084	0.001	0.825	0.090
>ATCTCATTCA	10-ATCTCATTCA	10.425335	-19.142123	0	T:11.0(7.86%),B:18.6(0.71%),P:1e-8	Tpos:88.5,Tstd:58.7,Bpos:112.3,Bstd:45.8,StrandBias:0.8,Multiplicity:1.00
0.893	0.001	0.001	0.105
0.001	0.105	0.001	0.893
0.001	0.843	0.105	0.051
0.105	0.001	0.001	0.893
0.001	0.893	0.001	0.105
0.931	0.001	0.001	0.067
0.001	0.001	0.001	0.997
0.105	0.001	0.001	0.893
0.081	0.917	0.001	0.001
0.893	0.001	0.001	0.105
>CCAATAAGCC	11-CCAATAAGCC	11.157791	-18.985591	0	T:8.0(5.71%),B:7.5(0.29%),P:1e-8	Tpos:102.8,Tstd:76.2,Bpos:129.3,Bstd:60.8,StrandBias:-0.7,Multiplicity:1.00
0.001	0.997	0.001	0.001
0.125	0.625	0.125	0.125
0.997	0.001	0.001	0.001
0.997	0.001	0.001	0.001
0.125	0.125	0.125	0.625
0.874	0.124	0.001	0.001
0.997	0.001	0.001	0.001
0.001	0.001	0.997	0.001
0.001	0.997	0.001	0.001
0.001	0.997	0.001	0.001
>GTGATGCMTT	12-GTGATGCMTT	9.478606	-17.115395	0	T:11.0(7.86%),B:22.8(0.87%),P:1e-7	Tpos:125.4,Tstd:68.1,Bpos:126.1,Bstd:85.3,StrandBias:1.0,Multiplicity:1.45
0.001	0.001	0.997	0.001
0.001	0.341	0.001	0.657
0.342	0.128	0.529	0.001
0.876	0.001	0.122	0.001
0.001	0.001	0.001	0.997
0.001	0.246	0.752	0.001
0.001	0.997	0.001	0.001
0.498	0.370	0.131	0.001
0.001	0.001	0.001	0.997
0.001	0.346	0.001	0.652
>TGAGTAAAGA	13-TGAGTAAAGA	10.980043	-17.064507	0	T:8.0(5.71%),B:9.9(0.38%),P:1e-7	Tpos:106.2,Tstd:75.2,Bpos:120.6,Bstd:51.2,StrandBias:1.8,Multiplicity:1.12
0.084	0.130	0.001	0.785
0.001	0.130	0.868	0.001
0.997	0.001	0.001	0.001
0.130	0.001	0.739	0.130
0.130	0.001	0.001	0.868
0.997	0.001	0.001	0.001
0.997	0.001	0.001	0.001
0.868	0.001	0.130	0.001
0.001	0.001	0.997	0.001
0.997	0.001	0.001	0.001
>ACACAAKGAR	14-ACACAAKGAR	9.396943	-16.924694	0	T:9.0(6.43%),B:13.1(0.50%),P:1e-7	Tpos:134.9,Tstd:66.2,Bpos:152.4,Bstd:58.1,StrandBias:-1.2,Multiplicity:1.11
0.997	0.001	0.001	0.001
0.001	0.997	0.001	0.001
0.997	0.001	0.001	0.001
0.001	0.997	0.001	0.001
0.997	0.001	0.001	0.001
0.855	0.001	0.036	0.108
0.001	0.001	0.571	0.427
0.001	0.001	0.997	0.001
0.997	0.001	0.001	0.001
0.427	0.001	0.571	0.001
>TGGCGCACGG	15-TGGCGCACGG	8.728405	-16.893523	0	T:13.0(9.29%),B:34.7(1.32%),P:1e-7	Tpos:131.7,Tstd:44.9,Bpos:113.3,Bstd:65.3,StrandBias:-1.1,Multiplicity:1.23
0.302	0.075	0.001	0.622
0.001	0.001	0.677	0.321
0.001	0.400	0.598	0.001
0.299	0.699	0.001	0.001
0.001	0.301	0.697	0.001
0.001	0.997	0.001	0.001
0.980	0.001	0.018	0.001
0.001	0.677	0.001	0.321
0.001	0.001	0.997	0.001
0.001	0.001	0.997	0.001
>KAAGGACACS	16-KAAGGACACS	9.627878	-15.869134	0	T:7.0(5.00%),B:7.5(0.29%),P:1e-6	Tpos:111.2,Tstd:68.1,Bpos:98.7,Bstd:57.4,StrandBias:-0.6,Multiplicity:1.43
0.001	0.001	0.463	0.535
0.997	0.001	0.001	0.001
0.997	0.001	0.001	0.001
0.001	0.001	0.997	0.001
0.001	0.370	0.628	0.001
0.906	0.001	0.092	0.001
0.001	0.997	0.001	0.001
0.813	0.001	0.185	0.001
0.001	0.997	0.001	0.001
0.001	0.443	0.464	0.092
>ATCTGTGAGA	17-ATCTGTGAGA	11.384209	-11.671318	0	T:5.0(3.57%),B:5.2(0.20%),P:1e-5	Tpos:80.5,Tstd:53.0,Bpos:87.8,Bstd:23.2,StrandBias:-2.8,Multiplicity:1.60
0.997	0.001	0.001	0.001
0.001	0.131	0.001	0.867
0.131	0.867	0.001	0.001
0.001	0.001	0.001	0.997
0.001	0.001	0.867	0.131
0.001	0.001	0.001	0.997
0.001	0.001	0.997	0.001
0.867	0.131	0.001	0.001
0.001	0.001	0.997	0.001
0.997	0.001	0.001	0.001
>GGGGACCCAG	18-GGGGACCCAG	10.296193	-10.639220	0	T:3.0(2.14%),B:1.9(0.07%),P:1e-4	Tpos:137.0,Tstd:39.2,Bpos:170.1,Bstd:55.3,StrandBias:0.0,Multiplicity:1.33
0.100	0.100	0.700	0.100
0.100	0.100	0.700	0.100
0.100	0.100	0.700	0.100
0.100	0.100	0.700	0.100
0.700	0.100	0.100	0.100
0.100	0.700	0.100	0.100
0.100	0.700	0.100	0.100
0.100	0.700	0.100	0.100
0.700	0.100	0.100	0.100
0.100	0.100	0.700	0.100
