>CCGAGGTT	1-CCGAGGTT	7.135390	-21.560857	0	T:24.0(17.14%),B:97.2(3.71%),P:1e-9	Tpos:133.9,Tstd:57.2,Bpos:119.9,Bstd:72.1,StrandBias:-0.1,Multiplicity:1.08
0.001	0.997	0.001	0.001
0.001	0.945	0.053	0.001
0.001	0.259	0.686	0.054
0.938	0.025	0.001	0.036
0.092	0.001	0.745	0.162
0.001	0.001	0.896	0.102
0.080	0.001	0.036	0.883
0.001	0.042	0.001	0.956
>ATCCGTGA	2-ATCCGTGA	7.188346	-19.530640	0	T:26.0(18.57%),B:126.9(4.84%),P:1e-8	Tpos:100.4,Tstd:60.9,Bpos:115.4,Bstd:73.6,StrandBias:-0.7,Multiplicity:1.12
0.969	0.001	0.029	0.001
0.001	0.039	0.063	0.897
0.001	0.997	0.001	0.001
0.001	0.719	0.043	0.237
0.001	0.056	0.942	0.001
0.001	0.001	0.075	0.923
0.001	0.139	0.793	0.067
0.791	0.078	0.130	0.001
>CATAGGCG	3-CATAGGCG	7.025217	-19.171723	0	T:34.0(24.29%),B:211.5(8.07%),P:1e-8	Tpos:129.8,Tstd:57.7,Bpos:123.0,Bstd:67.9,StrandBias:0.4,Multiplicity:1.12
0.001	0.997	0.001	0.001
0.951	0.047	0.001	0.001
0.206	0.178	0.001	0.615
0.725	0.001	0.001	0.273
0.001	0.001	0.997	0.001
0.064	0.001	0.710	0.225
0.001	0.997	0.001	0.001
0.244	0.128	0.482	0.146
>TCGCGCCA	4-TCGCGCCA	8.935349	-16.561866	0	T:13.0(9.29%),B:35.7(1.36%),P:1e-7	Tpos:149.8,Tstd:69.1,Bpos:131.0,Bstd:55.6,StrandBias:0.7,Multiplicity:1.00
0.001	0.001	0.001	0.997
0.001	0.997	0.001	0.001
0.001	0.001	0.997	0.001
0.001	0.859	0.001	0.139
0.001	0.001	0.997	0.001
0.001	0.997	0.001	0.001
0.001	0.997	0.001	0.001
0.849	0.001	0.149	0.001
>ACCCAATG	5-ACCCAATG	7.749771	-16.480545	0	T:18.0(12.86%),B:72.6(2.77%),P:1e-7	Tpos:139.5,Tstd:65.7,Bpos:118.5,Bstd:66.8,StrandBias:0.3,Multiplicity:1.00
0.997	0.001	0.001	0.001
0.125	0.873	0.001	0.001
0.001	0.898	0.001	0.100
0.001	0.629	0.241	0.129
0.997	0.001	0.001	0.001
0.997	0.001	0.001	0.001
0.001	0.001	0.212	0.786
0.170	0.001	0.828	0.001
>GATCAAAG	6-GATCAAAG	9.568739	-14.690018	0	T:9.0(6.43%),B:17.1(0.65%),P:1e-6	Tpos:147.8,Tstd:47.4,Bpos:148.8,Bstd:74.5,StrandBias:-0.3,Multiplicity:1.00
0.001	0.001	0.997	0.001
0.997	0.001	0.001	0.001
0.001	0.001	0.001	0.997
0.001	0.997	0.001	0.001
0.997	0.001	0.001	0.001
0.997	0.001	0.001	0.001
0.775	0.223	0.001	0.001
0.001	0.001	0.997	0.001
>TGACGCAC	7-TGACGCAC	8.420245	-14.535549	0	T:12.0(8.57%),B:35.9(1.37%),P:1e-6	Tpos:116.7,Tstd:68.2,Bpos:108.2,Bstd:69.1,StrandBias:0.7,Multiplicity:1.08
0.001	0.001	0.001	0.997
0.042	0.001	0.956	0.001
0.897	0.001	0.001	0.101
0.001	0.997	0.001	0.001
0.001	0.001	0.997	0.001
0.001	0.997	0.001	0.001
0.728	0.001	0.001	0.270
0.001	0.997	0.001	0.001
>GGTAGGGT	8-GGTAGGGT	8.381887	-9.007063	0	T:11.0(7.86%),B:52.2(1.99%),P:1e-3	Tpos:122.0,Tstd:58.9,Bpos:128.2,Bstd:70.4,StrandBias:0.5,Multiplicity:1.55
0.001	0.001	0.997	0.001
0.001	0.001	0.997	0.001
0.001	0.001	0.131	0.867
0.997	0.001	0.001	0.001
0.001	0.100	0.898	0.001
0.001	0.001	0.886	0.112
0.001	0.001	0.997	0.001
0.120	0.001	0.001	0.878
>AGGACACC	9-AGGACACC	8.236954	-6.597344	0	T:3.0(2.14%),B:4.7(0.18%),P:1e-2	Tpos:100.5,Tstd:74.2,Bpos:119.7,Bstd:55.3,StrandBias:-2.3,Multiplicity:2.00
0.700	0.100	0.100	0.100
0.100	0.100	0.700	0.100
0.100	0.100	0.700	0.100
0.700	0.100	0.100	0.100
0.100	0.700	0.100	0.100
0.700	0.100	0.100	0.100
0.100	0.700	0.100	0.100
0.100	0.700	0.100	0.100
