>AAGTGTATTTTG	1-AAGTGTATTTTG	11.063208	-33.871668	0	T:10.0(7.14%),B:3.8(0.14%),P:1e-14	Tpos:151.7,Tstd:80.8,Bpos:110.0,Bstd:59.0,StrandBias:0.6,Multiplicity:1.00
0.892	0.001	0.001	0.106
0.785	0.001	0.001	0.213
0.001	0.001	0.892	0.106
0.001	0.106	0.001	0.892
0.214	0.001	0.672	0.113
0.106	0.001	0.001	0.892
0.774	0.107	0.006	0.113
0.001	0.001	0.001	0.997
0.107	0.107	0.001	0.785
0.214	0.001	0.214	0.571
0.001	0.006	0.113	0.880
0.001	0.001	0.997	0.001
>GAATGTCTTTCT	2-GAATGTCTTTCT	10.637385	-29.658452	0	T:12.0(8.57%),B:9.2(0.35%),P:1e-12	Tpos:104.9,Tstd:67.4,Bpos:175.3,Bstd:61.0,StrandBias:0.4,Multiplicity:1.17
0.201	0.100	0.698	0.001
0.992	0.006	0.001	0.001
0.795	0.104	0.097	0.004
0.001	0.096	0.001	0.902
0.001	0.003	0.609	0.387
0.097	0.001	0.200	0.702
0.100	0.699	0.001	0.200
0.001	0.001	0.001	0.997
0.097	0.003	0.097	0.803
0.001	0.001	0.096	0.902
0.097	0.798	0.004	0.101
0.001	0.196	0.001	0.802
>GGCCGTCGCAGA	3-GGCCGTCGCAGA	11.504096	-29.224303	0	T:7.0(5.00%),B:0.9(0.03%),P:1e-12	Tpos:143.5,Tstd:55.9,Bpos:76.0,Bstd:0.0,StrandBias:0.7,Multiplicity:1.14
0.001	0.001	0.997	0.001
0.001	0.001	0.878	0.120
0.001	0.728	0.270	0.001
0.121	0.757	0.001	0.121
0.242	0.001	0.756	0.001
0.001	0.001	0.120	0.878
0.001	0.756	0.242	0.001
0.001	0.001	0.997	0.001
0.001	0.878	0.120	0.001
0.728	0.001	0.270	0.001
0.120	0.001	0.878	0.001
0.997	0.001	0.001	0.001
>TATGYGCATATG	4-TATGYGCATATG	10.815626	-27.127866	0	T:9.0(6.43%),B:4.8(0.18%),P:1e-11	Tpos:115.5,Tstd:76.2,Bpos:133.6,Bstd:103.8,StrandBias:0.0,Multiplicity:1.11
0.163	0.001	0.001	0.835
0.841	0.001	0.157	0.001
0.001	0.001	0.001	0.997
0.001	0.001	0.801	0.197
0.001	0.485	0.001	0.513
0.001	0.316	0.480	0.203
0.001	0.997	0.001	0.001
0.997	0.001	0.001	0.001
0.158	0.315	0.001	0.526
0.841	0.001	0.157	0.001
0.001	0.001	0.001	0.997
0.159	0.046	0.637	0.158
>AAWGMKCCTGMA	5-AAWGMKCCTGMA	9.237383	-24.416682	0	T:7.0(5.00%),B:2.8(0.11%),P:1e-10	Tpos:95.1,Tstd:75.0,Bpos:124.9,Bstd:67.4,StrandBias:2.6,Multiplicity:1.00
0.997	0.001	0.001	0.001
0.997	0.001	0.001	0.001
0.430	0.001	0.001	0.568
0.001	0.001	0.997	0.001
0.571	0.427	0.001	0.001
0.001	0.001	0.430	0.568
0.001	0.921	0.001	0.077
0.001	0.997	0.001	0.001
0.001	0.001	0.082	0.916
0.062	0.001	0.936	0.001
0.571	0.427	0.001	0.001
0.997	0.001	0.001	0.001
>GTCCATTAGHAG	6-GTCCATTAGHAG	10.276248	-24.305100	0	T:6.0(4.29%),B:1.7(0.06%),P:1e-10	Tpos:105.0,Tstd:39.5,Bpos:143.9,Bstd:53.0,StrandBias:0.0,Multiplicity:1.33
0.001	0.001	0.997	0.001
0.400	0.001	0.001	0.598
0.001	0.674	0.001	0.324
0.001	0.699	0.001	0.299
0.997	0.001	0.001	0.001
0.024	0.001	0.001	0.974
0.001	0.001	0.024	0.974
0.997	0.001	0.001	0.001
0.001	0.001	0.997	0.001
0.299	0.299	0.001	0.400
0.997	0.001	0.001	0.001
0.001	0.001	0.997	0.001
>RWTTTRGCRGAG	7-RWTTTRGCRGAG	11.541038	-24.305100	0	T:6.0(4.29%),B:1.2(0.05%),P:1e-10	Tpos:128.2,Tstd:77.2,Bpos:52.1,Bstd:28.5,StrandBias:0.0,Multiplicity:1.00
0.571	0.001	0.427	0.001
0.427	0.001	0.001	0.571
0.001	0.001	0.001	0.997
0.001	0.001	0.001	0.997
0.001	0.001	0.001	0.997
0.463	0.001	0.535	0.001
0.001	0.001	0.997	0.001
0.001	0.997	0.001	0.001
0.463	0.001	0.500	0.036
0.001	0.001	0.997	0.001
0.997	0.001	0.001	0.001
0.001	0.001	0.997	0.001
>CTAAGGACACCT	8-CTAAGGACACCT	10.823934	-21.622820	0	T:7.0(5.00%),B:3.1(0.12%),P:1e-9	Tpos:121.7,Tstd:69.1,Bpos:119.4,Bstd:58.5,StrandBias:0.0,Multiplicity:1.43
0.001	0.823	0.001	0.175
0.001	0.001	0.157	0.841
0.841	0.001	0.157	0.001
0.841	0.001	0.001	0.157
0.001	0.158	0.683	0.158
0.001	0.001	0.997	0.001
0.841	0.001	0.157	0.001
0.157	0.841	0.001	0.001
0.997	0.001	0.001	0.001
0.157	0.841	0.001	0.001
0.158	0.666	0.018	0.158
0.157	0.001	0.001	0.841
>WGATTTATTATC	9-WGATTTATTATC	12.479887	-20.190034	0	T:6.0(4.29%),B:2.6(0.10%),P:1e-8	Tpos:126.3,Tstd:75.6,Bpos:81.4,Bstd:19.0,StrandBias:0.0,Multiplicity:1.00
0.538	0.001	0.001	0.460
0.019	0.001	0.750	0.230
0.997	0.001	0.001	0.001
0.001	0.001	0.001	0.997
0.001	0.001	0.001	0.997
0.019	0.001	0.230	0.750
0.997	0.001	0.001	0.001
0.230	0.230	0.001	0.539
0.001	0.001	0.001	0.997
0.519	0.001	0.230	0.250
0.001	0.001	0.001	0.997
0.001	0.997	0.001	0.001
>GTTTGAGACACT	10-GTTTGAGACACT	10.814598	-20.190034	0	T:6.0(4.29%),B:2.4(0.09%),P:1e-8	Tpos:117.8,Tstd:80.8,Bpos:208.9,Bstd:38.0,StrandBias:-1.0,Multiplicity:1.00
0.001	0.353	0.603	0.043
0.001	0.001	0.303	0.695
0.001	0.001	0.299	0.699
0.003	0.001	0.001	0.995
0.001	0.042	0.956	0.001
0.997	0.001	0.001	0.001
0.096	0.001	0.902	0.001
0.997	0.001	0.001	0.001
0.001	0.902	0.001	0.096
0.997	0.001	0.001	0.001
0.001	0.695	0.001	0.303
0.299	0.001	0.001	0.699
>TTAATGAGTTTT	11-TTAATGAGTTTT	14.323862	-20.190034	0	T:6.0(4.29%),B:2.9(0.11%),P:1e-8	Tpos:104.3,Tstd:68.8,Bpos:134.6,Bstd:41.3,StrandBias:-1.0,Multiplicity:1.00
0.001	0.001	0.001	0.997
0.001	0.001	0.001	0.997
0.997	0.001	0.001	0.001
0.997	0.001	0.001	0.001
0.001	0.001	0.199	0.799
0.001	0.001	0.997	0.001
0.799	0.001	0.001	0.199
0.001	0.199	0.799	0.001
0.199	0.001	0.001	0.799
0.001	0.001	0.001	0.997
0.001	0.001	0.001	0.997
0.001	0.001	0.001	0.997
>TTCGTGTGCCTT	12-TTCGTGTGCCTT	11.087083	-20.174063	0	T:8.0(5.71%),B:6.7(0.26%),P:1e-8	Tpos:138.2,Tstd:74.9,Bpos:139.3,Bstd:61.4,StrandBias:1.0,Multiplicity:1.12
0.001	0.001	0.001	0.997
0.001	0.001	0.001	0.997
0.001	0.841	0.001	0.157
0.315	0.001	0.526	0.158
0.157	0.001	0.001	0.841
0.017	0.001	0.981	0.001
0.001	0.017	0.001	0.981
0.158	0.158	0.683	0.001
0.157	0.841	0.001	0.001
0.001	0.841	0.157	0.001
0.315	0.001	0.158	0.526
0.001	0.001	0.001	0.997
>TAACGGGGTTCT	13-TAACGGGGTTCT	8.382643	-17.695845	0	T:12.0(8.57%),B:26.1(0.99%),P:1e-7	Tpos:129.3,Tstd:74.0,Bpos:130.2,Bstd:63.2,StrandBias:1.6,Multiplicity:1.33
0.065	0.065	0.065	0.805
0.740	0.065	0.065	0.130
0.869	0.129	0.001	0.001
0.070	0.664	0.070	0.196
0.065	0.001	0.804	0.130
0.131	0.130	0.674	0.065
0.001	0.001	0.934	0.064
0.075	0.266	0.594	0.065
0.070	0.260	0.001	0.669
0.064	0.001	0.001	0.934
0.195	0.599	0.001	0.205
0.130	0.130	0.001	0.739
>TCGCGCCATTAT	14-TCGCGCCATTAT	9.977235	-16.896924	0	T:12.0(8.57%),B:28.9(1.10%),P:1e-7	Tpos:124.8,Tstd:66.6,Bpos:110.8,Bstd:79.4,StrandBias:-0.4,Multiplicity:1.17
0.099	0.001	0.099	0.801
0.099	0.703	0.099	0.099
0.001	0.098	0.900	0.001
0.076	0.824	0.099	0.001
0.099	0.099	0.801	0.001
0.098	0.900	0.001	0.001
0.001	0.900	0.098	0.001
0.997	0.001	0.001	0.001
0.001	0.001	0.001	0.997
0.274	0.001	0.099	0.626
0.692	0.099	0.099	0.110
0.099	0.011	0.001	0.889
>YTRTGACGTCAY	15-YTRTGACGTCAY	11.195684	-16.314659	0	T:20.0(14.29%),B:90.1(3.44%),P:1e-7	Tpos:124.2,Tstd:45.1,Bpos:120.2,Bstd:65.4,StrandBias:-0.1,Multiplicity:1.00
0.001	0.435	0.001	0.563
0.172	0.001	0.129	0.698
0.307	0.240	0.444	0.009
0.119	0.001	0.001	0.879
0.001	0.001	0.997	0.001
0.997	0.001	0.001	0.001
0.001	0.997	0.001	0.001
0.001	0.001	0.997	0.001
0.001	0.119	0.001	0.879
0.001	0.997	0.001	0.001
0.997	0.001	0.001	0.001
0.249	0.449	0.001	0.301
>GGMAKTTTTATG	16-GGMAKTTTTATG	12.892206	-16.124322	0	T:5.0(3.57%),B:2.6(0.10%),P:1e-7	Tpos:158.1,Tstd:58.7,Bpos:206.4,Bstd:41.7,StrandBias:1.3,Multiplicity:1.40
0.001	0.001	0.997	0.001
0.001	0.001	0.997	0.001
0.538	0.460	0.001	0.001
0.749	0.001	0.249	0.001
0.001	0.001	0.538	0.460
0.001	0.230	0.001	0.768
0.018	0.001	0.001	0.980
0.001	0.001	0.001	0.997
0.001	0.230	0.001	0.768
0.749	0.249	0.001	0.001
0.001	0.001	0.001	0.997
0.001	0.001	0.997	0.001
>MACWGRCCMGMC	17-MACWGRCCMGMC	8.336679	-16.124322	0	T:5.0(3.57%),B:2.9(0.11%),P:1e-7	Tpos:119.8,Tstd:53.3,Bpos:169.5,Bstd:60.2,StrandBias:1.6,Multiplicity:1.60
0.535	0.463	0.001	0.001
0.997	0.001	0.001	0.001
0.001	0.997	0.001	0.001
0.463	0.001	0.001	0.535
0.001	0.001	0.997	0.001
0.564	0.001	0.434	0.001
0.001	0.856	0.001	0.142
0.001	0.997	0.001	0.001
0.428	0.428	0.144	0.001
0.001	0.001	0.997	0.001
0.427	0.571	0.001	0.001
0.001	0.864	0.134	0.001
>VTCGGGCACACA	18-VTCGGGCACACA	8.165027	-16.118705	0	T:6.0(4.29%),B:4.3(0.17%),P:1e-7	Tpos:119.3,Tstd:50.5,Bpos:125.9,Bstd:51.3,StrandBias:0.3,Multiplicity:1.50
0.299	0.400	0.299	0.001
0.001	0.299	0.001	0.699
0.001	0.997	0.001	0.001
0.001	0.001	0.663	0.335
0.001	0.001	0.997	0.001
0.001	0.001	0.997	0.001
0.001	0.599	0.065	0.335
0.997	0.001	0.001	0.001
0.001	0.981	0.001	0.017
0.598	0.400	0.001	0.001
0.001	0.997	0.001	0.001
0.997	0.001	0.001	0.001
>GCTCACVCTAAC	19-GCTCACVCTAAC	12.166130	-14.978407	0	T:4.0(2.86%),B:0.0(0.00%),P:1e-6	Tpos:127.8,Tstd:63.6,Bpos:0.0,Bstd:0.0,StrandBias:0.6,Multiplicity:1.25
0.350	0.001	0.648	0.001
0.001	0.699	0.001	0.299
0.001	0.001	0.042	0.956
0.299	0.697	0.001	0.003
0.699	0.001	0.001	0.299
0.001	0.699	0.001	0.299
0.299	0.400	0.299	0.001
0.001	0.997	0.001	0.001
0.001	0.001	0.001	0.997
0.956	0.001	0.001	0.042
0.641	0.357	0.001	0.001
0.001	0.997	0.001	0.001
>TGATGCATTGCC	20-TGATGCATTGCC	11.335257	-10.666805	0	T:4.0(2.86%),B:3.6(0.14%),P:1e-4	Tpos:124.7,Tstd:59.6,Bpos:68.1,Bstd:65.8,StrandBias:2.3,Multiplicity:3.00
0.001	0.001	0.001	0.997
0.001	0.001	0.768	0.230
0.755	0.001	0.243	0.001
0.001	0.001	0.001	0.997
0.001	0.001	0.997	0.001
0.001	0.768	0.001	0.230
0.768	0.001	0.230	0.001
0.001	0.001	0.001	0.997
0.001	0.230	0.001	0.768
0.230	0.001	0.539	0.230
0.001	0.997	0.001	0.001
0.001	0.718	0.001	0.280
