>AGAACTACCG	1-AGAACTACCG	11.316461	-29.224303	0	T:7.0(5.00%),B:0.7(0.03%),P:1e-12	Tpos:174.0,Tstd:72.7,Bpos:115.0,Bstd:0.0,StrandBias:10.0,Multiplicity:1.00
0.997	0.001	0.001	0.001
0.166	0.001	0.832	0.001
0.832	0.001	0.001	0.166
0.832	0.001	0.166	0.001
0.001	0.997	0.001	0.001
0.001	0.001	0.001	0.997
0.997	0.001	0.001	0.001
0.001	0.832	0.001	0.166
0.001	0.997	0.001	0.001
0.001	0.001	0.832	0.166
>WGWGCGKCAR	2-WGWGCGKCAR	7.977928	-27.525612	0	T:13.0(9.29%),B:14.5(0.55%),P:1e-11	Tpos:121.1,Tstd:67.1,Bpos:121.6,Bstd:91.3,StrandBias:-0.2,Multiplicity:1.00
0.571	0.001	0.001	0.427
0.001	0.001	0.997	0.001
0.532	0.001	0.001	0.466
0.001	0.001	0.997	0.001
0.033	0.933	0.033	0.001
0.001	0.001	0.997	0.001
0.001	0.001	0.527	0.471
0.001	0.933	0.033	0.033
0.997	0.001	0.001	0.001
0.427	0.001	0.571	0.001
>GCTTACTCAC	3-GCTTACTCAC	11.040100	-24.416682	0	T:7.0(5.00%),B:2.3(0.09%),P:1e-10	Tpos:131.6,Tstd:71.4,Bpos:225.0,Bstd:0.0,StrandBias:1.2,Multiplicity:1.43
0.001	0.001	0.997	0.001
0.001	0.997	0.001	0.001
0.001	0.001	0.137	0.861
0.308	0.001	0.001	0.690
0.861	0.001	0.001	0.137
0.001	0.997	0.001	0.001
0.001	0.001	0.001	0.997
0.137	0.861	0.001	0.001
0.997	0.001	0.001	0.001
0.001	0.861	0.001	0.137
>TCTCCGACAT	4-TCTCCGACAT	10.935735	-23.568661	0	T:9.0(6.43%),B:6.4(0.24%),P:1e-10	Tpos:110.7,Tstd:79.9,Bpos:129.7,Bstd:70.8,StrandBias:-0.3,Multiplicity:1.00
0.001	0.124	0.001	0.874
0.124	0.874	0.001	0.001
0.001	0.124	0.001	0.874
0.001	0.997	0.001	0.001
0.001	0.997	0.001	0.001
0.001	0.001	0.874	0.124
0.997	0.001	0.001	0.001
0.001	0.874	0.124	0.001
0.997	0.001	0.001	0.001
0.125	0.001	0.125	0.749
>AGCGACAATG	5-AGCGACAATG	8.409887	-23.159523	0	T:13.0(9.29%),B:20.1(0.77%),P:1e-10	Tpos:129.3,Tstd:55.3,Bpos:155.5,Bstd:81.2,StrandBias:0.4,Multiplicity:1.08
0.841	0.001	0.089	0.069
0.001	0.001	0.910	0.088
0.001	0.910	0.088	0.001
0.088	0.001	0.910	0.001
0.853	0.057	0.089	0.001
0.068	0.930	0.001	0.001
0.821	0.001	0.089	0.089
0.997	0.001	0.001	0.001
0.001	0.001	0.001	0.997
0.001	0.001	0.910	0.088
>TMKCGCCATW	6-TMKCGCCATW	8.978870	-22.059952	0	T:15.0(10.71%),B:32.7(1.25%),P:1e-9	Tpos:125.3,Tstd:68.8,Bpos:139.8,Bstd:71.3,StrandBias:0.6,Multiplicity:1.00
0.001	0.001	0.001	0.997
0.400	0.479	0.001	0.121
0.001	0.199	0.416	0.385
0.199	0.677	0.123	0.001
0.001	0.367	0.631	0.001
0.001	0.843	0.001	0.155
0.001	0.997	0.001	0.001
0.997	0.001	0.001	0.001
0.078	0.121	0.001	0.800
0.520	0.001	0.001	0.478
>TCATAGACCA	7-TCATAGACCA	10.939330	-21.587891	0	T:8.0(5.71%),B:5.3(0.20%),P:1e-9	Tpos:81.8,Tstd:46.4,Bpos:83.5,Bstd:44.3,StrandBias:-0.7,Multiplicity:1.00
0.001	0.129	0.001	0.869
0.100	0.686	0.130	0.084
0.997	0.001	0.001	0.001
0.001	0.001	0.001	0.997
0.803	0.001	0.001	0.195
0.001	0.001	0.997	0.001
0.770	0.001	0.129	0.100
0.001	0.997	0.001	0.001
0.001	0.997	0.001	0.001
0.997	0.001	0.001	0.001
>CATATAACAC	8-CATATAACAC	10.812876	-21.239742	0	T:10.0(7.14%),B:11.1(0.42%),P:1e-9	Tpos:129.7,Tstd:79.6,Bpos:132.3,Bstd:46.0,StrandBias:0.0,Multiplicity:1.00
0.114	0.771	0.001	0.114
0.997	0.001	0.001	0.001
0.001	0.001	0.001	0.997
0.771	0.001	0.114	0.114
0.087	0.001	0.001	0.911
0.997	0.001	0.001	0.001
0.885	0.001	0.001	0.113
0.001	0.885	0.001	0.113
0.885	0.001	0.113	0.001
0.001	0.997	0.001	0.001
>AATCAGAATG	9-AATCAGAATG	6.889642	-20.048639	0	T:47.0(33.57%),B:359.4(13.72%),P:1e-8	Tpos:134.2,Tstd:66.2,Bpos:122.9,Bstd:76.4,StrandBias:1.0,Multiplicity:1.21
0.975	0.001	0.023	0.001
0.633	0.133	0.187	0.047
0.118	0.060	0.001	0.821
0.065	0.757	0.078	0.100
0.825	0.030	0.091	0.054
0.226	0.077	0.597	0.100
0.890	0.063	0.030	0.017
0.768	0.031	0.133	0.068
0.014	0.051	0.017	0.918
0.084	0.001	0.825	0.090
>ATCTCATTCA	10-ATCTCATTCA	10.425335	-19.142123	0	T:11.0(7.86%),B:18.6(0.71%),P:1e-8	Tpos:88.5,Tstd:58.7,Bpos:112.3,Bstd:45.8,StrandBias:0.8,Multiplicity:1.00
0.893	0.001	0.001	0.105
0.001	0.105	0.001	0.893
0.001	0.843	0.105	0.051
0.105	0.001	0.001	0.893
0.001	0.893	0.001	0.105
0.931	0.001	0.001	0.067
0.001	0.001	0.001	0.997
0.105	0.001	0.001	0.893
0.081	0.917	0.001	0.001
0.893	0.001	0.001	0.105
>CCAATAAGCC	11-CCAATAAGCC	11.157791	-18.985591	0	T:8.0(5.71%),B:7.5(0.29%),P:1e-8	Tpos:102.8,Tstd:76.2,Bpos:129.3,Bstd:60.8,StrandBias:-0.7,Multiplicity:1.00
0.001	0.997	0.001	0.001
0.125	0.625	0.125	0.125
0.997	0.001	0.001	0.001
0.997	0.001	0.001	0.001
0.125	0.125	0.125	0.625
0.874	0.124	0.001	0.001
0.997	0.001	0.001	0.001
0.001	0.001	0.997	0.001
0.001	0.997	0.001	0.001
0.001	0.997	0.001	0.001
>GTGATGCMTT	12-GTGATGCMTT	9.478606	-17.115395	0	T:11.0(7.86%),B:22.8(0.87%),P:1e-7	Tpos:125.4,Tstd:68.1,Bpos:126.1,Bstd:85.3,StrandBias:1.0,Multiplicity:1.45
0.001	0.001	0.997	0.001
0.001	0.341	0.001	0.657
0.342	0.128	0.529	0.001
0.876	0.001	0.122	0.001
0.001	0.001	0.001	0.997
0.001	0.246	0.752	0.001
0.001	0.997	0.001	0.001
0.498	0.370	0.131	0.001
0.001	0.001	0.001	0.997
0.001	0.346	0.001	0.652
>TGAGTAAAGA	13-TGAGTAAAGA	10.980043	-17.064507	0	T:8.0(5.71%),B:9.9(0.38%),P:1e-7	Tpos:106.2,Tstd:75.2,Bpos:120.6,Bstd:51.2,StrandBias:1.8,Multiplicity:1.12
0.084	0.130	0.001	0.785
0.001	0.130	0.868	0.001
0.997	0.001	0.001	0.001
0.130	0.001	0.739	0.130
0.130	0.001	0.001	0.868
0.997	0.001	0.001	0.001
0.997	0.001	0.001	0.001
0.868	0.001	0.130	0.001
0.001	0.001	0.997	0.001
0.997	0.001	0.001	0.001
>ACACAAKGAR	14-ACACAAKGAR	9.396943	-16.924694	0	T:9.0(6.43%),B:13.1(0.50%),P:1e-7	Tpos:134.9,Tstd:66.2,Bpos:152.4,Bstd:58.1,StrandBias:-1.2,Multiplicity:1.11
0.997	0.001	0.001	0.001
0.001	0.997	0.001	0.001
0.997	0.001	0.001	0.001
0.001	0.997	0.001	0.001
0.997	0.001	0.001	0.001
0.855	0.001	0.036	0.108
0.001	0.001	0.571	0.427
0.001	0.001	0.997	0.001
0.997	0.001	0.001	0.001
0.427	0.001	0.571	0.001
>TGGCGCACGG	15-TGGCGCACGG	8.728405	-16.893523	0	T:13.0(9.29%),B:34.7(1.32%),P:1e-7	Tpos:131.7,Tstd:44.9,Bpos:113.3,Bstd:65.3,StrandBias:-1.1,Multiplicity:1.23
0.302	0.075	0.001	0.622
0.001	0.001	0.677	0.321
0.001	0.400	0.598	0.001
0.299	0.699	0.001	0.001
0.001	0.301	0.697	0.001
0.001	0.997	0.001	0.001
0.980	0.001	0.018	0.001
0.001	0.677	0.001	0.321
0.001	0.001	0.997	0.001
0.001	0.001	0.997	0.001
>KAAGGACACS	16-KAAGGACACS	9.627878	-15.869134	0	T:7.0(5.00%),B:7.5(0.29%),P:1e-6	Tpos:111.2,Tstd:68.1,Bpos:98.7,Bstd:57.4,StrandBias:-0.6,Multiplicity:1.43
0.001	0.001	0.463	0.535
0.997	0.001	0.001	0.001
0.997	0.001	0.001	0.001
0.001	0.001	0.997	0.001
0.001	0.370	0.628	0.001
0.906	0.001	0.092	0.001
0.001	0.997	0.001	0.001
0.813	0.001	0.185	0.001
0.001	0.997	0.001	0.001
0.001	0.443	0.464	0.092
>ATCTGTGAGA	17-ATCTGTGAGA	11.384209	-11.671318	0	T:5.0(3.57%),B:5.2(0.20%),P:1e-5	Tpos:80.5,Tstd:53.0,Bpos:87.8,Bstd:23.2,StrandBias:-2.8,Multiplicity:1.60
0.997	0.001	0.001	0.001
0.001	0.131	0.001	0.867
0.131	0.867	0.001	0.001
0.001	0.001	0.001	0.997
0.001	0.001	0.867	0.131
0.001	0.001	0.001	0.997
0.001	0.001	0.997	0.001
0.867	0.131	0.001	0.001
0.001	0.001	0.997	0.001
0.997	0.001	0.001	0.001
>GGGGACCCAG	18-GGGGACCCAG	10.296193	-10.639220	0	T:3.0(2.14%),B:1.9(0.07%),P:1e-4	Tpos:137.0,Tstd:39.2,Bpos:170.1,Bstd:55.3,StrandBias:0.0,Multiplicity:1.33
0.100	0.100	0.700	0.100
0.100	0.100	0.700	0.100
0.100	0.100	0.700	0.100
0.100	0.100	0.700	0.100
0.700	0.100	0.100	0.100
0.100	0.700	0.100	0.100
0.100	0.700	0.100	0.100
0.100	0.700	0.100	0.100
0.700	0.100	0.100	0.100
0.100	0.100	0.700	0.100
>AAGTGTATTTTG	1-AAGTGTATTTTG	11.063208	-33.871668	0	T:10.0(7.14%),B:3.8(0.14%),P:1e-14	Tpos:151.7,Tstd:80.8,Bpos:110.0,Bstd:59.0,StrandBias:0.6,Multiplicity:1.00
0.892	0.001	0.001	0.106
0.785	0.001	0.001	0.213
0.001	0.001	0.892	0.106
0.001	0.106	0.001	0.892
0.214	0.001	0.672	0.113
0.106	0.001	0.001	0.892
0.774	0.107	0.006	0.113
0.001	0.001	0.001	0.997
0.107	0.107	0.001	0.785
0.214	0.001	0.214	0.571
0.001	0.006	0.113	0.880
0.001	0.001	0.997	0.001
>GAATGTCTTTCT	2-GAATGTCTTTCT	10.637385	-29.658452	0	T:12.0(8.57%),B:9.2(0.35%),P:1e-12	Tpos:104.9,Tstd:67.4,Bpos:175.3,Bstd:61.0,StrandBias:0.4,Multiplicity:1.17
0.201	0.100	0.698	0.001
0.992	0.006	0.001	0.001
0.795	0.104	0.097	0.004
0.001	0.096	0.001	0.902
0.001	0.003	0.609	0.387
0.097	0.001	0.200	0.702
0.100	0.699	0.001	0.200
0.001	0.001	0.001	0.997
0.097	0.003	0.097	0.803
0.001	0.001	0.096	0.902
0.097	0.798	0.004	0.101
0.001	0.196	0.001	0.802
>GGCCGTCGCAGA	3-GGCCGTCGCAGA	11.504096	-29.224303	0	T:7.0(5.00%),B:0.9(0.03%),P:1e-12	Tpos:143.5,Tstd:55.9,Bpos:76.0,Bstd:0.0,StrandBias:0.7,Multiplicity:1.14
0.001	0.001	0.997	0.001
0.001	0.001	0.878	0.120
0.001	0.728	0.270	0.001
0.121	0.757	0.001	0.121
0.242	0.001	0.756	0.001
0.001	0.001	0.120	0.878
0.001	0.756	0.242	0.001
0.001	0.001	0.997	0.001
0.001	0.878	0.120	0.001
0.728	0.001	0.270	0.001
0.120	0.001	0.878	0.001
0.997	0.001	0.001	0.001
>TATGYGCATATG	4-TATGYGCATATG	10.815626	-27.127866	0	T:9.0(6.43%),B:4.8(0.18%),P:1e-11	Tpos:115.5,Tstd:76.2,Bpos:133.6,Bstd:103.8,StrandBias:0.0,Multiplicity:1.11
0.163	0.001	0.001	0.835
0.841	0.001	0.157	0.001
0.001	0.001	0.001	0.997
0.001	0.001	0.801	0.197
0.001	0.485	0.001	0.513
0.001	0.316	0.480	0.203
0.001	0.997	0.001	0.001
0.997	0.001	0.001	0.001
0.158	0.315	0.001	0.526
0.841	0.001	0.157	0.001
0.001	0.001	0.001	0.997
0.159	0.046	0.637	0.158
>AAWGMKCCTGMA	5-AAWGMKCCTGMA	9.237383	-24.416682	0	T:7.0(5.00%),B:2.8(0.11%),P:1e-10	Tpos:95.1,Tstd:75.0,Bpos:124.9,Bstd:67.4,StrandBias:2.6,Multiplicity:1.00
0.997	0.001	0.001	0.001
0.997	0.001	0.001	0.001
0.430	0.001	0.001	0.568
0.001	0.001	0.997	0.001
0.571	0.427	0.001	0.001
0.001	0.001	0.430	0.568
0.001	0.921	0.001	0.077
0.001	0.997	0.001	0.001
0.001	0.001	0.082	0.916
0.062	0.001	0.936	0.001
0.571	0.427	0.001	0.001
0.997	0.001	0.001	0.001
>GTCCATTAGHAG	6-GTCCATTAGHAG	10.276248	-24.305100	0	T:6.0(4.29%),B:1.7(0.06%),P:1e-10	Tpos:105.0,Tstd:39.5,Bpos:143.9,Bstd:53.0,StrandBias:0.0,Multiplicity:1.33
0.001	0.001	0.997	0.001
0.400	0.001	0.001	0.598
0.001	0.674	0.001	0.324
0.001	0.699	0.001	0.299
0.997	0.001	0.001	0.001
0.024	0.001	0.001	0.974
0.001	0.001	0.024	0.974
0.997	0.001	0.001	0.001
0.001	0.001	0.997	0.001
0.299	0.299	0.001	0.400
0.997	0.001	0.001	0.001
0.001	0.001	0.997	0.001
>RWTTTRGCRGAG	7-RWTTTRGCRGAG	11.541038	-24.305100	0	T:6.0(4.29%),B:1.2(0.05%),P:1e-10	Tpos:128.2,Tstd:77.2,Bpos:52.1,Bstd:28.5,StrandBias:0.0,Multiplicity:1.00
0.571	0.001	0.427	0.001
0.427	0.001	0.001	0.571
0.001	0.001	0.001	0.997
0.001	0.001	0.001	0.997
0.001	0.001	0.001	0.997
0.463	0.001	0.535	0.001
0.001	0.001	0.997	0.001
0.001	0.997	0.001	0.001
0.463	0.001	0.500	0.036
0.001	0.001	0.997	0.001
0.997	0.001	0.001	0.001
0.001	0.001	0.997	0.001
>CTAAGGACACCT	8-CTAAGGACACCT	10.823934	-21.622820	0	T:7.0(5.00%),B:3.1(0.12%),P:1e-9	Tpos:121.7,Tstd:69.1,Bpos:119.4,Bstd:58.5,StrandBias:0.0,Multiplicity:1.43
0.001	0.823	0.001	0.175
0.001	0.001	0.157	0.841
0.841	0.001	0.157	0.001
0.841	0.001	0.001	0.157
0.001	0.158	0.683	0.158
0.001	0.001	0.997	0.001
0.841	0.001	0.157	0.001
0.157	0.841	0.001	0.001
0.997	0.001	0.001	0.001
0.157	0.841	0.001	0.001
0.158	0.666	0.018	0.158
0.157	0.001	0.001	0.841
>WGATTTATTATC	9-WGATTTATTATC	12.479887	-20.190034	0	T:6.0(4.29%),B:2.6(0.10%),P:1e-8	Tpos:126.3,Tstd:75.6,Bpos:81.4,Bstd:19.0,StrandBias:0.0,Multiplicity:1.00
0.538	0.001	0.001	0.460
0.019	0.001	0.750	0.230
0.997	0.001	0.001	0.001
0.001	0.001	0.001	0.997
0.001	0.001	0.001	0.997
0.019	0.001	0.230	0.750
0.997	0.001	0.001	0.001
0.230	0.230	0.001	0.539
0.001	0.001	0.001	0.997
0.519	0.001	0.230	0.250
0.001	0.001	0.001	0.997
0.001	0.997	0.001	0.001
>GTTTGAGACACT	10-GTTTGAGACACT	10.814598	-20.190034	0	T:6.0(4.29%),B:2.4(0.09%),P:1e-8	Tpos:117.8,Tstd:80.8,Bpos:208.9,Bstd:38.0,StrandBias:-1.0,Multiplicity:1.00
0.001	0.353	0.603	0.043
0.001	0.001	0.303	0.695
0.001	0.001	0.299	0.699
0.003	0.001	0.001	0.995
0.001	0.042	0.956	0.001
0.997	0.001	0.001	0.001
0.096	0.001	0.902	0.001
0.997	0.001	0.001	0.001
0.001	0.902	0.001	0.096
0.997	0.001	0.001	0.001
0.001	0.695	0.001	0.303
0.299	0.001	0.001	0.699
>TTAATGAGTTTT	11-TTAATGAGTTTT	14.323862	-20.190034	0	T:6.0(4.29%),B:2.9(0.11%),P:1e-8	Tpos:104.3,Tstd:68.8,Bpos:134.6,Bstd:41.3,StrandBias:-1.0,Multiplicity:1.00
0.001	0.001	0.001	0.997
0.001	0.001	0.001	0.997
0.997	0.001	0.001	0.001
0.997	0.001	0.001	0.001
0.001	0.001	0.199	0.799
0.001	0.001	0.997	0.001
0.799	0.001	0.001	0.199
0.001	0.199	0.799	0.001
0.199	0.001	0.001	0.799
0.001	0.001	0.001	0.997
0.001	0.001	0.001	0.997
0.001	0.001	0.001	0.997
>TTCGTGTGCCTT	12-TTCGTGTGCCTT	11.087083	-20.174063	0	T:8.0(5.71%),B:6.7(0.26%),P:1e-8	Tpos:138.2,Tstd:74.9,Bpos:139.3,Bstd:61.4,StrandBias:1.0,Multiplicity:1.12
0.001	0.001	0.001	0.997
0.001	0.001	0.001	0.997
0.001	0.841	0.001	0.157
0.315	0.001	0.526	0.158
0.157	0.001	0.001	0.841
0.017	0.001	0.981	0.001
0.001	0.017	0.001	0.981
0.158	0.158	0.683	0.001
0.157	0.841	0.001	0.001
0.001	0.841	0.157	0.001
0.315	0.001	0.158	0.526
0.001	0.001	0.001	0.997
>TAACGGGGTTCT	13-TAACGGGGTTCT	8.382643	-17.695845	0	T:12.0(8.57%),B:26.1(0.99%),P:1e-7	Tpos:129.3,Tstd:74.0,Bpos:130.2,Bstd:63.2,StrandBias:1.6,Multiplicity:1.33
0.065	0.065	0.065	0.805
0.740	0.065	0.065	0.130
0.869	0.129	0.001	0.001
0.070	0.664	0.070	0.196
0.065	0.001	0.804	0.130
0.131	0.130	0.674	0.065
0.001	0.001	0.934	0.064
0.075	0.266	0.594	0.065
0.070	0.260	0.001	0.669
0.064	0.001	0.001	0.934
0.195	0.599	0.001	0.205
0.130	0.130	0.001	0.739
>TCGCGCCATTAT	14-TCGCGCCATTAT	9.977235	-16.896924	0	T:12.0(8.57%),B:28.9(1.10%),P:1e-7	Tpos:124.8,Tstd:66.6,Bpos:110.8,Bstd:79.4,StrandBias:-0.4,Multiplicity:1.17
0.099	0.001	0.099	0.801
0.099	0.703	0.099	0.099
0.001	0.098	0.900	0.001
0.076	0.824	0.099	0.001
0.099	0.099	0.801	0.001
0.098	0.900	0.001	0.001
0.001	0.900	0.098	0.001
0.997	0.001	0.001	0.001
0.001	0.001	0.001	0.997
0.274	0.001	0.099	0.626
0.692	0.099	0.099	0.110
0.099	0.011	0.001	0.889
>YTRTGACGTCAY	15-YTRTGACGTCAY	11.195684	-16.314659	0	T:20.0(14.29%),B:90.1(3.44%),P:1e-7	Tpos:124.2,Tstd:45.1,Bpos:120.2,Bstd:65.4,StrandBias:-0.1,Multiplicity:1.00
0.001	0.435	0.001	0.563
0.172	0.001	0.129	0.698
0.307	0.240	0.444	0.009
0.119	0.001	0.001	0.879
0.001	0.001	0.997	0.001
0.997	0.001	0.001	0.001
0.001	0.997	0.001	0.001
0.001	0.001	0.997	0.001
0.001	0.119	0.001	0.879
0.001	0.997	0.001	0.001
0.997	0.001	0.001	0.001
0.249	0.449	0.001	0.301
>GGMAKTTTTATG	16-GGMAKTTTTATG	12.892206	-16.124322	0	T:5.0(3.57%),B:2.6(0.10%),P:1e-7	Tpos:158.1,Tstd:58.7,Bpos:206.4,Bstd:41.7,StrandBias:1.3,Multiplicity:1.40
0.001	0.001	0.997	0.001
0.001	0.001	0.997	0.001
0.538	0.460	0.001	0.001
0.749	0.001	0.249	0.001
0.001	0.001	0.538	0.460
0.001	0.230	0.001	0.768
0.018	0.001	0.001	0.980
0.001	0.001	0.001	0.997
0.001	0.230	0.001	0.768
0.749	0.249	0.001	0.001
0.001	0.001	0.001	0.997
0.001	0.001	0.997	0.001
>MACWGRCCMGMC	17-MACWGRCCMGMC	8.336679	-16.124322	0	T:5.0(3.57%),B:2.9(0.11%),P:1e-7	Tpos:119.8,Tstd:53.3,Bpos:169.5,Bstd:60.2,StrandBias:1.6,Multiplicity:1.60
0.535	0.463	0.001	0.001
0.997	0.001	0.001	0.001
0.001	0.997	0.001	0.001
0.463	0.001	0.001	0.535
0.001	0.001	0.997	0.001
0.564	0.001	0.434	0.001
0.001	0.856	0.001	0.142
0.001	0.997	0.001	0.001
0.428	0.428	0.144	0.001
0.001	0.001	0.997	0.001
0.427	0.571	0.001	0.001
0.001	0.864	0.134	0.001
>VTCGGGCACACA	18-VTCGGGCACACA	8.165027	-16.118705	0	T:6.0(4.29%),B:4.3(0.17%),P:1e-7	Tpos:119.3,Tstd:50.5,Bpos:125.9,Bstd:51.3,StrandBias:0.3,Multiplicity:1.50
0.299	0.400	0.299	0.001
0.001	0.299	0.001	0.699
0.001	0.997	0.001	0.001
0.001	0.001	0.663	0.335
0.001	0.001	0.997	0.001
0.001	0.001	0.997	0.001
0.001	0.599	0.065	0.335
0.997	0.001	0.001	0.001
0.001	0.981	0.001	0.017
0.598	0.400	0.001	0.001
0.001	0.997	0.001	0.001
0.997	0.001	0.001	0.001
>GCTCACVCTAAC	19-GCTCACVCTAAC	12.166130	-14.978407	0	T:4.0(2.86%),B:0.0(0.00%),P:1e-6	Tpos:127.8,Tstd:63.6,Bpos:0.0,Bstd:0.0,StrandBias:0.6,Multiplicity:1.25
0.350	0.001	0.648	0.001
0.001	0.699	0.001	0.299
0.001	0.001	0.042	0.956
0.299	0.697	0.001	0.003
0.699	0.001	0.001	0.299
0.001	0.699	0.001	0.299
0.299	0.400	0.299	0.001
0.001	0.997	0.001	0.001
0.001	0.001	0.001	0.997
0.956	0.001	0.001	0.042
0.641	0.357	0.001	0.001
0.001	0.997	0.001	0.001
>TGATGCATTGCC	20-TGATGCATTGCC	11.335257	-10.666805	0	T:4.0(2.86%),B:3.6(0.14%),P:1e-4	Tpos:124.7,Tstd:59.6,Bpos:68.1,Bstd:65.8,StrandBias:2.3,Multiplicity:3.00
0.001	0.001	0.001	0.997
0.001	0.001	0.768	0.230
0.755	0.001	0.243	0.001
0.001	0.001	0.001	0.997
0.001	0.001	0.997	0.001
0.001	0.768	0.001	0.230
0.768	0.001	0.230	0.001
0.001	0.001	0.001	0.997
0.001	0.230	0.001	0.768
0.230	0.001	0.539	0.230
0.001	0.997	0.001	0.001
0.001	0.718	0.001	0.280
>GACATT	1-GACATT	6.135199	-8.776062	0	T:89.0(63.57%),B:1258.1(48.03%),P:1e-3	Tpos:125.7,Tstd:69.7,Bpos:126.0,Bstd:78.3,StrandBias:-0.3,Multiplicity:1.63
0.001	0.001	0.787	0.211
0.610	0.001	0.145	0.244
0.001	0.997	0.001	0.001
0.997	0.001	0.001	0.001
0.001	0.001	0.001	0.997
0.001	0.001	0.001	0.997
>CTGGGT	2-CTGGGT	6.095583	-7.426141	0	T:49.0(35.00%),B:593.9(22.67%),P:1e-3	Tpos:120.8,Tstd:66.3,Bpos:123.8,Bstd:72.6,StrandBias:0.2,Multiplicity:1.35
0.001	0.997	0.001	0.001
0.001	0.211	0.001	0.787
0.001	0.175	0.823	0.001
0.001	0.001	0.997	0.001
0.001	0.204	0.794	0.001
0.001	0.001	0.001	0.997
>AAAGTG	3-AAAGTG	6.177716	-6.463343	0	T:35.0(25.00%),B:396.7(15.14%),P:1e-2	Tpos:123.7,Tstd:75.9,Bpos:124.2,Bstd:78.3,StrandBias:0.1,Multiplicity:1.15
0.700	0.100	0.100	0.100
0.700	0.100	0.100	0.100
0.700	0.100	0.100	0.100
0.100	0.100	0.700	0.100
0.100	0.100	0.100	0.700
0.100	0.100	0.700	0.100
>GCGACG	4-GCGACG	6.177716	-5.396322	0	T:16.0(11.43%),B:145.0(5.53%),P:1e-2	Tpos:143.9,Tstd:54.0,Bpos:121.8,Bstd:87.8,StrandBias:0.5,Multiplicity:1.06
0.100	0.100	0.700	0.100
0.100	0.700	0.100	0.100
0.100	0.100	0.700	0.100
0.700	0.100	0.100	0.100
0.100	0.700	0.100	0.100
0.100	0.100	0.700	0.100
>CAATCA	5-CAATCA	6.177716	-3.264051	0	T:44.0(31.43%),B:642.1(24.51%),P:1e-1	Tpos:132.6,Tstd:63.2,Bpos:126.0,Bstd:60.7,StrandBias:-0.2,Multiplicity:1.55
0.100	0.700	0.100	0.100
0.700	0.100	0.100	0.100
0.700	0.100	0.100	0.100
0.100	0.100	0.100	0.700
0.100	0.700	0.100	0.100
0.700	0.100	0.100	0.100
>CCGAGGTT	1-CCGAGGTT	7.135390	-21.560857	0	T:24.0(17.14%),B:97.2(3.71%),P:1e-9	Tpos:133.9,Tstd:57.2,Bpos:119.9,Bstd:72.1,StrandBias:-0.1,Multiplicity:1.08
0.001	0.997	0.001	0.001
0.001	0.945	0.053	0.001
0.001	0.259	0.686	0.054
0.938	0.025	0.001	0.036
0.092	0.001	0.745	0.162
0.001	0.001	0.896	0.102
0.080	0.001	0.036	0.883
0.001	0.042	0.001	0.956
>ATCCGTGA	2-ATCCGTGA	7.188346	-19.530640	0	T:26.0(18.57%),B:126.9(4.84%),P:1e-8	Tpos:100.4,Tstd:60.9,Bpos:115.4,Bstd:73.6,StrandBias:-0.7,Multiplicity:1.12
0.969	0.001	0.029	0.001
0.001	0.039	0.063	0.897
0.001	0.997	0.001	0.001
0.001	0.719	0.043	0.237
0.001	0.056	0.942	0.001
0.001	0.001	0.075	0.923
0.001	0.139	0.793	0.067
0.791	0.078	0.130	0.001
>CATAGGCG	3-CATAGGCG	7.025217	-19.171723	0	T:34.0(24.29%),B:211.5(8.07%),P:1e-8	Tpos:129.8,Tstd:57.7,Bpos:123.0,Bstd:67.9,StrandBias:0.4,Multiplicity:1.12
0.001	0.997	0.001	0.001
0.951	0.047	0.001	0.001
0.206	0.178	0.001	0.615
0.725	0.001	0.001	0.273
0.001	0.001	0.997	0.001
0.064	0.001	0.710	0.225
0.001	0.997	0.001	0.001
0.244	0.128	0.482	0.146
>TCGCGCCA	4-TCGCGCCA	8.935349	-16.561866	0	T:13.0(9.29%),B:35.7(1.36%),P:1e-7	Tpos:149.8,Tstd:69.1,Bpos:131.0,Bstd:55.6,StrandBias:0.7,Multiplicity:1.00
0.001	0.001	0.001	0.997
0.001	0.997	0.001	0.001
0.001	0.001	0.997	0.001
0.001	0.859	0.001	0.139
0.001	0.001	0.997	0.001
0.001	0.997	0.001	0.001
0.001	0.997	0.001	0.001
0.849	0.001	0.149	0.001
>ACCCAATG	5-ACCCAATG	7.749771	-16.480545	0	T:18.0(12.86%),B:72.6(2.77%),P:1e-7	Tpos:139.5,Tstd:65.7,Bpos:118.5,Bstd:66.8,StrandBias:0.3,Multiplicity:1.00
0.997	0.001	0.001	0.001
0.125	0.873	0.001	0.001
0.001	0.898	0.001	0.100
0.001	0.629	0.241	0.129
0.997	0.001	0.001	0.001
0.997	0.001	0.001	0.001
0.001	0.001	0.212	0.786
0.170	0.001	0.828	0.001
>GATCAAAG	6-GATCAAAG	9.568739	-14.690018	0	T:9.0(6.43%),B:17.1(0.65%),P:1e-6	Tpos:147.8,Tstd:47.4,Bpos:148.8,Bstd:74.5,StrandBias:-0.3,Multiplicity:1.00
0.001	0.001	0.997	0.001
0.997	0.001	0.001	0.001
0.001	0.001	0.001	0.997
0.001	0.997	0.001	0.001
0.997	0.001	0.001	0.001
0.997	0.001	0.001	0.001
0.775	0.223	0.001	0.001
0.001	0.001	0.997	0.001
>TGACGCAC	7-TGACGCAC	8.420245	-14.535549	0	T:12.0(8.57%),B:35.9(1.37%),P:1e-6	Tpos:116.7,Tstd:68.2,Bpos:108.2,Bstd:69.1,StrandBias:0.7,Multiplicity:1.08
0.001	0.001	0.001	0.997
0.042	0.001	0.956	0.001
0.897	0.001	0.001	0.101
0.001	0.997	0.001	0.001
0.001	0.001	0.997	0.001
0.001	0.997	0.001	0.001
0.728	0.001	0.001	0.270
0.001	0.997	0.001	0.001
>GGTAGGGT	8-GGTAGGGT	8.381887	-9.007063	0	T:11.0(7.86%),B:52.2(1.99%),P:1e-3	Tpos:122.0,Tstd:58.9,Bpos:128.2,Bstd:70.4,StrandBias:0.5,Multiplicity:1.55
0.001	0.001	0.997	0.001
0.001	0.001	0.997	0.001
0.001	0.001	0.131	0.867
0.997	0.001	0.001	0.001
0.001	0.100	0.898	0.001
0.001	0.001	0.886	0.112
0.001	0.001	0.997	0.001
0.120	0.001	0.001	0.878
>AGGACACC	9-AGGACACC	8.236954	-6.597344	0	T:3.0(2.14%),B:4.7(0.18%),P:1e-2	Tpos:100.5,Tstd:74.2,Bpos:119.7,Bstd:55.3,StrandBias:-2.3,Multiplicity:2.00
0.700	0.100	0.100	0.100
0.100	0.100	0.700	0.100
0.100	0.100	0.700	0.100
0.700	0.100	0.100	0.100
0.100	0.700	0.100	0.100
0.700	0.100	0.100	0.100
0.100	0.700	0.100	0.100
0.100	0.700	0.100	0.100
