>GTAATAGCTAAG	1-GTAATAGCTAAG	11.421228	-34.769670	0	T:8.0(6.50%),B:1.8(0.07%),P:1e-15	Tpos:104.2,Tstd:54.1,Bpos:221.5,Bstd:26.1,StrandBias:-0.7,Multiplicity:1.00
0.300	0.001	0.599	0.100
0.001	0.001	0.001	0.997
0.899	0.001	0.099	0.001
0.699	0.100	0.200	0.001
0.001	0.001	0.001	0.997
0.997	0.001	0.001	0.001
0.001	0.001	0.997	0.001
0.001	0.899	0.001	0.099
0.299	0.001	0.001	0.699
0.699	0.100	0.200	0.001
0.997	0.001	0.001	0.001
0.200	0.001	0.699	0.100
>GGCGTTTCSGYG	2-GGCGTTTCSGYG	10.251144	-26.179443	0	T:10.0(8.13%),B:7.9(0.32%),P:1e-11	Tpos:126.7,Tstd:44.2,Bpos:134.3,Bstd:81.5,StrandBias:1.2,Multiplicity:1.00
0.001	0.001	0.997	0.001
0.158	0.001	0.810	0.031
0.001	0.667	0.001	0.331
0.001	0.001	0.997	0.001
0.001	0.173	0.001	0.825
0.158	0.318	0.001	0.523
0.001	0.001	0.315	0.683
0.001	0.997	0.001	0.001
0.001	0.473	0.525	0.001
0.001	0.173	0.825	0.001
0.158	0.337	0.031	0.474
0.001	0.001	0.841	0.157
>RAACGGAAGTTT	3-RAACGGAAGTTT	10.345271	-25.704076	0	T:9.0(7.32%),B:5.8(0.24%),P:1e-11	Tpos:131.8,Tstd:56.2,Bpos:109.2,Bstd:59.4,StrandBias:0.8,Multiplicity:1.22
0.480	0.001	0.399	0.120
0.997	0.001	0.001	0.001
0.879	0.001	0.001	0.119
0.001	0.997	0.001	0.001
0.001	0.239	0.759	0.001
0.001	0.001	0.997	0.001
0.879	0.119	0.001	0.001
0.740	0.120	0.020	0.120
0.001	0.001	0.997	0.001
0.239	0.001	0.001	0.759
0.120	0.120	0.001	0.759
0.119	0.001	0.001	0.879
>GGTAATGCGTTG	4-GGTAATGCGTTG	8.648218	-24.834597	0	T:7.0(5.69%),B:2.1(0.09%),P:1e-10	Tpos:155.9,Tstd:58.9,Bpos:91.3,Bstd:15.8,StrandBias:0.7,Multiplicity:1.14
0.048	0.001	0.753	0.198
0.001	0.001	0.997	0.001
0.001	0.001	0.001	0.997
0.797	0.001	0.201	0.001
0.997	0.001	0.001	0.001
0.001	0.001	0.001	0.997
0.001	0.001	0.812	0.186
0.001	0.997	0.001	0.001
0.001	0.189	0.764	0.046
0.001	0.001	0.001	0.997
0.001	0.001	0.001	0.997
0.001	0.001	0.750	0.248
>TGTCATTTATAG	5-TGTCATTTATAG	11.192359	-24.662235	0	T:6.0(4.88%),B:1.9(0.08%),P:1e-10	Tpos:175.3,Tstd:32.0,Bpos:71.4,Bstd:13.5,StrandBias:-1.0,Multiplicity:1.00
0.273	0.009	0.001	0.717
0.001	0.136	0.727	0.136
0.135	0.001	0.001	0.863
0.001	0.727	0.136	0.136
0.997	0.001	0.001	0.001
0.001	0.001	0.001	0.997
0.001	0.001	0.001	0.997
0.135	0.001	0.001	0.863
0.990	0.001	0.001	0.008
0.273	0.136	0.001	0.590
0.854	0.001	0.001	0.144
0.136	0.136	0.719	0.009
>SYCACAAGCTGC	6-SYCACAAGCTGC	8.677104	-20.544472	0	T:6.0(4.88%),B:2.3(0.09%),P:1e-8	Tpos:132.7,Tstd:48.0,Bpos:114.1,Bstd:5.9,StrandBias:0.0,Multiplicity:1.00
0.001	0.428	0.570	0.001
0.001	0.428	0.001	0.570
0.001	0.997	0.001	0.001
0.997	0.001	0.001	0.001
0.035	0.929	0.035	0.001
0.997	0.001	0.001	0.001
0.997	0.001	0.001	0.001
0.001	0.001	0.963	0.035
0.001	0.997	0.001	0.001
0.001	0.001	0.035	0.963
0.035	0.001	0.963	0.001
0.001	0.997	0.001	0.001
>CGTATATCAAAC	7-CGTATATCAAAC	12.137234	-20.065789	0	T:7.0(5.69%),B:5.0(0.20%),P:1e-8	Tpos:108.4,Tstd:71.4,Bpos:90.1,Bstd:70.9,StrandBias:1.3,Multiplicity:1.00
0.001	0.537	0.231	0.231
0.001	0.001	0.749	0.249
0.001	0.230	0.001	0.768
0.997	0.001	0.001	0.001
0.249	0.001	0.001	0.749
0.997	0.001	0.001	0.001
0.001	0.001	0.001	0.997
0.230	0.768	0.001	0.001
0.997	0.001	0.001	0.001
0.749	0.249	0.001	0.001
0.997	0.001	0.001	0.001
0.001	0.768	0.001	0.230
>GWMYATTAGTWG	8-GWMYATTAGTWG	11.248319	-19.841830	0	T:5.0(4.07%),B:1.9(0.08%),P:1e-8	Tpos:136.7,Tstd:49.3,Bpos:49.2,Bstd:44.9,StrandBias:1.0,Multiplicity:1.20
0.001	0.001	0.997	0.001
0.570	0.001	0.001	0.428
0.429	0.523	0.001	0.047
0.001	0.570	0.001	0.428
0.997	0.001	0.001	0.001
0.001	0.001	0.001	0.997
0.001	0.001	0.046	0.952
0.997	0.001	0.001	0.001
0.001	0.001	0.997	0.001
0.001	0.001	0.001	0.997
0.570	0.001	0.001	0.428
0.001	0.001	0.997	0.001
>TCGGCCAGTCAA	9-TCGGCCAGTCAA	9.868129	-19.841830	0	T:5.0(4.07%),B:1.7(0.07%),P:1e-8	Tpos:82.8,Tstd:60.4,Bpos:80.0,Bstd:0.0,StrandBias:0.0,Multiplicity:1.60
0.001	0.001	0.001	0.997
0.001	0.997	0.001	0.001
0.074	0.001	0.924	0.001
0.001	0.074	0.924	0.001
0.001	0.997	0.001	0.001
0.075	0.767	0.008	0.150
0.997	0.001	0.001	0.001
0.248	0.001	0.750	0.001
0.001	0.001	0.001	0.997
0.001	0.997	0.001	0.001
0.924	0.001	0.001	0.074
0.997	0.001	0.001	0.001
>TCGTGTGATTAA	10-TCGTGTGATTAA	10.598696	-18.292076	0	T:10.0(8.13%),B:16.8(0.69%),P:1e-7	Tpos:131.5,Tstd:58.4,Bpos:128.8,Bstd:81.9,StrandBias:-1.4,Multiplicity:1.10
0.135	0.001	0.001	0.863
0.001	0.863	0.001	0.135
0.136	0.159	0.569	0.136
0.317	0.001	0.001	0.681
0.001	0.001	0.997	0.001
0.001	0.001	0.001	0.997
0.295	0.136	0.568	0.001
0.726	0.001	0.001	0.272
0.135	0.001	0.001	0.863
0.001	0.001	0.001	0.997
0.863	0.001	0.001	0.135
0.997	0.001	0.001	0.001
>CCAATAAGCCAA	11-CCAATAAGCCAA	10.730052	-17.527158	0	T:8.0(6.50%),B:9.6(0.39%),P:1e-7	Tpos:125.9,Tstd:74.6,Bpos:133.1,Bstd:33.9,StrandBias:0.7,Multiplicity:1.00
0.001	0.997	0.001	0.001
0.158	0.667	0.017	0.158
0.997	0.001	0.001	0.001
0.841	0.001	0.001	0.157
0.001	0.157	0.001	0.841
0.824	0.017	0.158	0.001
0.841	0.001	0.157	0.001
0.001	0.157	0.841	0.001
0.001	0.997	0.001	0.001
0.315	0.683	0.001	0.001
0.683	0.158	0.158	0.001
0.841	0.157	0.001	0.001
>CTATTATSGCTT	12-CTATTATSGCTT	8.970394	-16.237096	0	T:16.0(13.01%),B:61.8(2.54%),P:1e-7	Tpos:120.6,Tstd:71.7,Bpos:124.0,Bstd:84.7,StrandBias:0.5,Multiplicity:1.06
0.107	0.464	0.214	0.214
0.001	0.001	0.106	0.892
0.677	0.001	0.001	0.321
0.001	0.001	0.001	0.997
0.003	0.001	0.001	0.995
0.785	0.213	0.001	0.001
0.107	0.001	0.214	0.678
0.107	0.330	0.455	0.107
0.001	0.001	0.865	0.133
0.003	0.889	0.001	0.107
0.001	0.001	0.001	0.997
0.001	0.321	0.001	0.677
>CAAMRATATGRM	13-CAAMRATATGRM	13.657753	-15.211698	0	T:4.0(3.25%),B:1.6(0.06%),P:1e-6	Tpos:100.6,Tstd:69.5,Bpos:147.5,Bstd:62.6,StrandBias:0.6,Multiplicity:1.25
0.046	0.952	0.001	0.001
0.997	0.001	0.001	0.001
0.997	0.001	0.001	0.001
0.475	0.523	0.001	0.001
0.570	0.001	0.428	0.001
0.997	0.001	0.001	0.001
0.001	0.001	0.001	0.997
0.997	0.001	0.001	0.001
0.001	0.001	0.001	0.997
0.001	0.001	0.997	0.001
0.428	0.001	0.570	0.001
0.428	0.570	0.001	0.001
>AKCSRTCTCGTT	14-AKCSRTCTCGTT	10.119552	-15.211698	0	T:4.0(3.25%),B:0.0(0.00%),P:1e-6	Tpos:111.3,Tstd:60.8,Bpos:0.0,Bstd:0.0,StrandBias:2.3,Multiplicity:1.50
0.997	0.001	0.001	0.001
0.001	0.001	0.463	0.535
0.001	0.997	0.001	0.001
0.001	0.428	0.570	0.001
0.429	0.142	0.429	0.001
0.001	0.001	0.001	0.997
0.001	0.997	0.001	0.001
0.001	0.001	0.001	0.997
0.001	0.997	0.001	0.001
0.001	0.001	0.997	0.001
0.035	0.035	0.001	0.929
0.001	0.001	0.001	0.997
>TGATAAATTGTT	15-TGATAAATTGTT	14.257152	-15.211698	0	T:4.0(3.25%),B:0.7(0.03%),P:1e-6	Tpos:117.8,Tstd:39.4,Bpos:54.0,Bstd:0.0,StrandBias:0.6,Multiplicity:1.25
0.001	0.001	0.001	0.997
0.001	0.001	0.997	0.001
0.997	0.001	0.001	0.001
0.001	0.001	0.001	0.997
0.997	0.001	0.001	0.001
0.799	0.001	0.001	0.199
0.997	0.001	0.001	0.001
0.199	0.001	0.001	0.799
0.001	0.001	0.001	0.997
0.001	0.001	0.997	0.001
0.200	0.001	0.200	0.599
0.001	0.001	0.001	0.997
>RCTKACCCKACC	16-RCTKACCCKACC	10.062579	-10.812224	0	T:3.0(2.44%),B:0.7(0.03%),P:1e-4	Tpos:125.9,Tstd:55.8,Bpos:171.0,Bstd:0.0,StrandBias:10.0,Multiplicity:2.67
0.536	0.001	0.462	0.001
0.001	0.997	0.001	0.001
0.001	0.001	0.001	0.997
0.001	0.142	0.429	0.429
0.997	0.001	0.001	0.001
0.001	0.997	0.001	0.001
0.001	0.997	0.001	0.001
0.001	0.997	0.001	0.001
0.001	0.001	0.428	0.570
0.997	0.001	0.001	0.001
0.033	0.965	0.001	0.001
0.001	0.997	0.001	0.001
>CTTTCTCACAGA	17-CTTTCTCACAGA	13.148551	-6.707025	0	T:2.0(1.63%),B:1.3(0.05%),P:1e-2	Tpos:96.7,Tstd:73.7,Bpos:95.5,Bstd:38.1,StrandBias:10.0,Multiplicity:3.00
0.231	0.537	0.001	0.231
0.001	0.001	0.001	0.997
0.001	0.001	0.001	0.997
0.001	0.001	0.001	0.997
0.001	0.997	0.001	0.001
0.001	0.001	0.001	0.997
0.230	0.768	0.001	0.001
0.997	0.001	0.001	0.001
0.230	0.768	0.001	0.001
0.997	0.001	0.001	0.001
0.001	0.001	0.997	0.001
0.768	0.001	0.230	0.001
>GYAATGCAYCRY	18-GYAATGCAYCRY	6.629785	-5.437650	0	T:6.0(4.88%),B:30.5(1.25%),P:1e-2	Tpos:121.8,Tstd:61.4,Bpos:121.3,Bstd:66.1,StrandBias:-10.0,Multiplicity:2.17
0.001	0.001	0.997	0.001
0.001	0.570	0.001	0.428
0.976	0.001	0.022	0.001
0.997	0.001	0.001	0.001
0.001	0.001	0.001	0.997
0.001	0.001	0.997	0.001
0.001	0.997	0.001	0.001
0.997	0.001	0.001	0.001
0.001	0.451	0.001	0.547
0.001	0.997	0.001	0.001
0.570	0.001	0.428	0.001
0.001	0.570	0.001	0.428
