>ATRSCACAMCAK	1-ATRSCACAMCAK	10.465777	-21.208703	0	T:5.0(5.81%),B:1.7(0.08%),P:1e-9	Tpos:132.8,Tstd:55.1,Bpos:59.8,Bstd:65.8,StrandBias:3.5,Multiplicity:2.40
0.987	0.001	0.011	0.001
0.001	0.001	0.001	0.997
0.565	0.001	0.433	0.001
0.001	0.565	0.433	0.001
0.001	0.997	0.001	0.001
0.997	0.001	0.001	0.001
0.001	0.997	0.001	0.001
0.997	0.001	0.001	0.001
0.565	0.433	0.001	0.001
0.001	0.997	0.001	0.001
0.997	0.001	0.001	0.001
0.027	0.012	0.527	0.434
>ATCGACATGAGC	2-ATCGACATGAGC	11.985302	-21.208703	0	T:5.0(5.81%),B:1.8(0.08%),P:1e-9	Tpos:115.0,Tstd:76.8,Bpos:178.8,Bstd:35.2,StrandBias:2.2,Multiplicity:2.20
0.997	0.001	0.001	0.001
0.231	0.001	0.001	0.767
0.001	0.767	0.001	0.231
0.232	0.001	0.535	0.232
0.997	0.001	0.001	0.001
0.001	0.997	0.001	0.001
0.997	0.001	0.001	0.001
0.232	0.001	0.008	0.759
0.001	0.008	0.759	0.232
0.767	0.001	0.001	0.231
0.240	0.001	0.758	0.001
0.001	0.997	0.001	0.001
>GTATGGTAAGAA	3-GTATGGTAAGAA	7.392555	-21.208703	0	T:5.0(5.81%),B:1.9(0.08%),P:1e-9	Tpos:115.0,Tstd:71.3,Bpos:167.2,Bstd:41.9,StrandBias:-1.2,Multiplicity:2.00
0.001	0.001	0.997	0.001
0.001	0.001	0.001	0.997
0.765	0.001	0.233	0.001
0.001	0.001	0.001	0.997
0.233	0.001	0.765	0.001
0.001	0.178	0.820	0.001
0.001	0.001	0.001	0.997
0.997	0.001	0.001	0.001
0.997	0.001	0.001	0.001
0.051	0.001	0.947	0.001
0.819	0.179	0.001	0.001
0.767	0.053	0.179	0.001
>AGTKGTTARGGW	4-AGTKGTTARGGW	13.193605	-21.208703	0	T:5.0(5.81%),B:0.4(0.02%),P:1e-9	Tpos:107.5,Tstd:73.9,Bpos:179.0,Bstd:0.0,StrandBias:0.7,Multiplicity:1.60
0.997	0.001	0.001	0.001
0.001	0.001	0.997	0.001
0.001	0.001	0.001	0.997
0.103	0.001	0.434	0.462
0.001	0.001	0.997	0.001
0.001	0.001	0.001	0.997
0.001	0.001	0.001	0.997
0.997	0.001	0.001	0.001
0.433	0.001	0.565	0.001
0.001	0.001	0.997	0.001
0.001	0.001	0.997	0.001
0.433	0.001	0.001	0.565
>TCAGAGGGTAAG	5-TCAGAGGGTAAG	13.795275	-16.296267	0	T:4.0(4.65%),B:0.0(0.00%),P:1e-7	Tpos:123.4,Tstd:66.9,Bpos:0.0,Bstd:0.0,StrandBias:10.0,Multiplicity:3.50
0.001	0.390	0.001	0.608
0.001	0.997	0.001	0.001
0.995	0.001	0.003	0.001
0.302	0.025	0.672	0.001
0.696	0.302	0.001	0.001
0.001	0.001	0.696	0.302
0.001	0.001	0.997	0.001
0.302	0.001	0.696	0.001
0.001	0.001	0.001	0.997
0.997	0.001	0.001	0.001
0.997	0.001	0.001	0.001
0.001	0.001	0.997	0.001
>TAACCCATTTGC	6-TAACCCATTTGC	8.258051	-16.296267	0	T:4.0(4.65%),B:1.8(0.08%),P:1e-7	Tpos:134.1,Tstd:68.1,Bpos:175.0,Bstd:0.0,StrandBias:10.0,Multiplicity:5.50
0.001	0.001	0.001	0.997
0.696	0.001	0.001	0.302
0.997	0.001	0.001	0.001
0.001	0.997	0.001	0.001
0.001	0.696	0.001	0.302
0.001	0.997	0.001	0.001
0.661	0.337	0.001	0.001
0.001	0.003	0.001	0.995
0.001	0.302	0.001	0.696
0.001	0.001	0.001	0.997
0.311	0.001	0.687	0.001
0.001	0.997	0.001	0.001
>GCACCAGAGACC	7-GCACCAGAGACC	11.297244	-16.296267	0	T:4.0(4.65%),B:0.7(0.03%),P:1e-7	Tpos:149.9,Tstd:68.0,Bpos:217.8,Bstd:17.8,StrandBias:3.3,Multiplicity:2.75
0.188	0.001	0.810	0.001
0.001	0.997	0.001	0.001
0.799	0.199	0.001	0.001
0.001	0.810	0.001	0.188
0.188	0.810	0.001	0.001
0.612	0.001	0.188	0.199
0.188	0.001	0.810	0.001
0.988	0.010	0.001	0.001
0.189	0.189	0.434	0.189
0.997	0.001	0.001	0.001
0.001	0.997	0.001	0.001
0.001	0.997	0.001	0.001
>RACKCATGSTRT	8-RACKCATGSTRT	10.510567	-16.296267	0	T:4.0(4.65%),B:1.2(0.05%),P:1e-7	Tpos:117.7,Tstd:63.4,Bpos:192.6,Bstd:0.4,StrandBias:1.2,Multiplicity:2.50
0.540	0.001	0.458	0.001
0.997	0.001	0.001	0.001
0.001	0.997	0.001	0.001
0.001	0.001	0.433	0.565
0.001	0.997	0.001	0.001
0.997	0.001	0.001	0.001
0.024	0.001	0.001	0.974
0.001	0.001	0.997	0.001
0.001	0.540	0.434	0.025
0.001	0.001	0.001	0.997
0.433	0.001	0.565	0.001
0.001	0.001	0.001	0.997
>CCACAGGKTARG	9-CCACAGGKTARG	12.170738	-16.296267	0	T:4.0(4.65%),B:2.0(0.09%),P:1e-7	Tpos:117.2,Tstd:56.9,Bpos:138.5,Bstd:17.1,StrandBias:1.0,Multiplicity:2.25
0.153	0.693	0.001	0.153
0.001	0.997	0.001	0.001
0.840	0.001	0.158	0.001
0.001	0.840	0.158	0.001
0.507	0.153	0.339	0.001
0.001	0.153	0.845	0.001
0.001	0.001	0.845	0.153
0.153	0.153	0.354	0.339
0.001	0.001	0.001	0.997
0.845	0.001	0.153	0.001
0.501	0.001	0.497	0.001
0.001	0.311	0.687	0.001
>CCATTTCTAAAA	10-CCATTTCTAAAA	9.234550	-16.296267	0	T:4.0(4.65%),B:1.2(0.05%),P:1e-7	Tpos:114.8,Tstd:70.2,Bpos:28.0,Bstd:7.7,StrandBias:2.8,Multiplicity:2.00
0.001	0.997	0.001	0.001
0.001	0.997	0.001	0.001
0.766	0.223	0.001	0.010
0.001	0.001	0.001	0.997
0.001	0.001	0.001	0.997
0.001	0.212	0.001	0.786
0.001	0.997	0.001	0.001
0.001	0.001	0.001	0.997
0.897	0.101	0.001	0.001
0.867	0.001	0.001	0.131
0.997	0.001	0.001	0.001
0.997	0.001	0.001	0.001
>GTCTGGTATGCA	11-GTCTGGTATGCA	15.096400	-16.296267	0	T:4.0(4.65%),B:0.0(0.00%),P:1e-7	Tpos:100.0,Tstd:52.9,Bpos:0.0,Bstd:0.0,StrandBias:0.6,Multiplicity:1.25
0.332	0.001	0.666	0.001
0.001	0.001	0.001	0.997
0.001	0.997	0.001	0.001
0.001	0.001	0.001	0.997
0.001	0.001	0.997	0.001
0.001	0.001	0.997	0.001
0.001	0.001	0.001	0.997
0.997	0.001	0.001	0.001
0.001	0.001	0.332	0.666
0.001	0.001	0.997	0.001
0.001	0.997	0.001	0.001
0.997	0.001	0.001	0.001
>GTTATAACATGG	12-GTTATAACATGG	9.866099	-14.368009	0	T:5.0(5.81%),B:4.9(0.22%),P:1e-6	Tpos:78.4,Tstd:47.1,Bpos:93.4,Bstd:80.4,StrandBias:1.8,Multiplicity:1.80
0.001	0.001	0.796	0.202
0.209	0.001	0.001	0.789
0.001	0.023	0.001	0.975
0.997	0.001	0.001	0.001
0.001	0.001	0.001	0.997
0.765	0.233	0.001	0.001
0.820	0.001	0.001	0.178
0.001	0.818	0.001	0.180
0.997	0.001	0.001	0.001
0.001	0.001	0.001	0.997
0.001	0.001	0.997	0.001
0.001	0.048	0.766	0.185
>CGCATCTTGTGA	13-CGCATCTTGTGA	11.190589	-11.618442	0	T:3.0(3.49%),B:0.0(0.00%),P:1e-5	Tpos:125.5,Tstd:68.8,Bpos:0.0,Bstd:0.0,StrandBias:0.8,Multiplicity:3.67
0.059	0.763	0.059	0.119
0.001	0.394	0.546	0.059
0.270	0.612	0.059	0.059
0.552	0.059	0.270	0.119
0.001	0.058	0.001	0.940
0.001	0.687	0.194	0.118
0.119	0.005	0.059	0.817
0.001	0.119	0.059	0.821
0.059	0.005	0.817	0.119
0.059	0.059	0.059	0.823
0.059	0.118	0.822	0.001
0.823	0.059	0.059	0.059
>AYCTCTCTCTCT	14-AYCTCTCTCTCT	10.943213	-11.618442	0	T:3.0(3.49%),B:1.1(0.05%),P:1e-5	Tpos:122.9,Tstd:68.4,Bpos:54.1,Bstd:43.6,StrandBias:2.0,Multiplicity:2.33
0.622	0.016	0.001	0.361
0.001	0.484	0.001	0.514
0.244	0.499	0.001	0.256
0.120	0.120	0.001	0.759
0.001	0.983	0.001	0.015
0.120	0.001	0.120	0.759
0.119	0.879	0.001	0.001
0.001	0.001	0.001	0.997
0.119	0.879	0.001	0.001
0.001	0.001	0.001	0.997
0.001	0.759	0.120	0.120
0.001	0.257	0.001	0.741
>CATACACAGCTA	15-CATACACAGCTA	9.332659	-9.566877	0	T:3.0(3.49%),B:2.9(0.13%),P:1e-4	Tpos:146.9,Tstd:64.0,Bpos:201.5,Bstd:22.4,StrandBias:-0.9,Multiplicity:7.67
0.001	0.874	0.001	0.124
0.997	0.001	0.001	0.001
0.001	0.001	0.001	0.997
0.887	0.056	0.001	0.056
0.001	0.997	0.001	0.001
0.997	0.001	0.001	0.001
0.001	0.997	0.001	0.001
0.942	0.001	0.056	0.001
0.001	0.056	0.942	0.001
0.001	0.997	0.001	0.001
0.001	0.281	0.001	0.717
0.997	0.001	0.001	0.001
>TTCAGGTTACAC	16-TTCAGGTTACAC	9.052830	-8.378315	0	T:3.0(3.49%),B:3.4(0.15%),P:1e-3	Tpos:109.9,Tstd:77.7,Bpos:100.4,Bstd:65.5,StrandBias:10.0,Multiplicity:2.67
0.001	0.001	0.001	0.997
0.233	0.001	0.001	0.765
0.001	0.960	0.001	0.038
0.997	0.001	0.001	0.001
0.001	0.001	0.960	0.038
0.001	0.001	0.960	0.038
0.001	0.001	0.001	0.997
0.038	0.001	0.001	0.960
0.997	0.001	0.001	0.001
0.001	0.997	0.001	0.001
0.997	0.001	0.001	0.001
0.194	0.766	0.039	0.001
>CCCTHCATAHAT	17-CCCTHCATAHAT	12.447440	-7.238967	0	T:2.0(2.33%),B:0.0(0.00%),P:1e-3	Tpos:117.6,Tstd:69.1,Bpos:0.0,Bstd:0.0,StrandBias:10.0,Multiplicity:6.00
0.001	0.997	0.001	0.001
0.001	0.997	0.001	0.001
0.001	0.997	0.001	0.001
0.001	0.001	0.001	0.997
0.332	0.359	0.001	0.308
0.302	0.696	0.001	0.001
0.634	0.364	0.001	0.001
0.001	0.001	0.001	0.997
0.997	0.001	0.001	0.001
0.302	0.394	0.001	0.302
0.997	0.001	0.001	0.001
0.001	0.331	0.001	0.667
>GTCAGGGTAGTT	18-GTCAGGGTAGTT	13.505452	-7.238967	0	T:2.0(2.33%),B:0.0(0.00%),P:1e-3	Tpos:135.5,Tstd:92.5,Bpos:0.0,Bstd:0.0,StrandBias:2.3,Multiplicity:3.00
0.001	0.001	0.997	0.001
0.001	0.001	0.001	0.997
0.025	0.973	0.001	0.001
0.997	0.001	0.001	0.001
0.025	0.001	0.973	0.001
0.001	0.001	0.997	0.001
0.001	0.233	0.765	0.001
0.001	0.025	0.001	0.973
0.766	0.025	0.001	0.208
0.001	0.001	0.997	0.001
0.001	0.001	0.001	0.997
0.001	0.001	0.001	0.997
>GTTGTGTCAGCA	19-GTTGTGTCAGCA	10.409522	-7.238967	0	T:2.0(2.33%),B:1.0(0.04%),P:1e-3	Tpos:134.4,Tstd:71.0,Bpos:91.3,Bstd:63.5,StrandBias:2.8,Multiplicity:4.00
0.100	0.100	0.700	0.100
0.100	0.100	0.100	0.700
0.100	0.100	0.100	0.700
0.100	0.100	0.700	0.100
0.100	0.100	0.100	0.700
0.100	0.100	0.700	0.100
0.100	0.100	0.100	0.700
0.100	0.700	0.100	0.100
0.700	0.100	0.100	0.100
0.100	0.100	0.700	0.100
0.100	0.700	0.100	0.100
0.700	0.100	0.100	0.100
>AGCATTAGCCCT	20-AGCATTAGCCCT	10.409522	-7.238967	0	T:2.0(2.33%),B:0.0(0.00%),P:1e-3	Tpos:130.3,Tstd:73.1,Bpos:0.0,Bstd:0.0,StrandBias:2.6,Multiplicity:3.50
0.700	0.100	0.100	0.100
0.100	0.100	0.700	0.100
0.100	0.700	0.100	0.100
0.700	0.100	0.100	0.100
0.100	0.100	0.100	0.700
0.100	0.100	0.100	0.700
0.700	0.100	0.100	0.100
0.100	0.100	0.700	0.100
0.100	0.700	0.100	0.100
0.100	0.700	0.100	0.100
0.100	0.700	0.100	0.100
0.100	0.100	0.100	0.700
>TACAGTSACYGT	21-TACAGTSACYGT	9.620977	-5.091728	0	T:2.0(2.33%),B:3.9(0.17%),P:1e-2	Tpos:128.5,Tstd:67.1,Bpos:179.9,Bstd:102.8,StrandBias:0.0,Multiplicity:3.50
0.001	0.001	0.001	0.997
0.915	0.001	0.001	0.083
0.001	0.997	0.001	0.001
0.583	0.001	0.415	0.001
0.001	0.001	0.997	0.001
0.001	0.001	0.001	0.997
0.001	0.499	0.499	0.001
0.915	0.001	0.083	0.001
0.001	0.915	0.001	0.083
0.001	0.499	0.001	0.499
0.001	0.001	0.997	0.001
0.001	0.001	0.001	0.997
>AGCTTAGTTACT	22-AGCTTAGTTACT	12.355432	-3.273530	0	T:1.0(1.16%),B:0.0(0.00%),P:1e-1	Tpos:107.0,Tstd:101.0,Bpos:0.0,Bstd:0.0,StrandBias:10.0,Multiplicity:2.00
0.700	0.100	0.100	0.100
0.100	0.100	0.700	0.100
0.100	0.700	0.100	0.100
0.100	0.100	0.100	0.700
0.100	0.100	0.100	0.700
0.700	0.100	0.100	0.100
0.100	0.100	0.700	0.100
0.100	0.100	0.100	0.700
0.100	0.100	0.100	0.700
0.700	0.100	0.100	0.100
0.100	0.700	0.100	0.100
0.100	0.100	0.100	0.700
>TCTATTCAATAG	23-TCTATTCAATAG	12.355432	-3.273530	0	T:1.0(1.16%),B:0.0(0.00%),P:1e-1	Tpos:102.0,Tstd:58.0,Bpos:0.0,Bstd:0.0,StrandBias:10.0,Multiplicity:2.00
0.100	0.100	0.100	0.700
0.100	0.700	0.100	0.100
0.100	0.100	0.100	0.700
0.700	0.100	0.100	0.100
0.100	0.100	0.100	0.700
0.100	0.100	0.100	0.700
0.100	0.700	0.100	0.100
0.700	0.100	0.100	0.100
0.700	0.100	0.100	0.100
0.100	0.100	0.100	0.700
0.700	0.100	0.100	0.100
0.100	0.100	0.700	0.100
>CTTATCATTATA	24-CTTATCATTATA	12.355432	-3.273530	0	T:1.0(1.16%),B:0.6(0.03%),P:1e-1	Tpos:203.0,Tstd:33.0,Bpos:208.0,Bstd:0.0,StrandBias:10.0,Multiplicity:2.00
0.100	0.700	0.100	0.100
0.100	0.100	0.100	0.700
0.100	0.100	0.100	0.700
0.700	0.100	0.100	0.100
0.100	0.100	0.100	0.700
0.100	0.700	0.100	0.100
0.700	0.100	0.100	0.100
0.100	0.100	0.100	0.700
0.100	0.100	0.100	0.700
0.700	0.100	0.100	0.100
0.100	0.100	0.100	0.700
0.700	0.100	0.100	0.100
>AGCATAGTTACT	25-AGCATAGTTACT	12.355432	-3.273530	0	T:1.0(1.16%),B:0.0(0.00%),P:1e-1	Tpos:106.0,Tstd:48.1,Bpos:0.0,Bstd:0.0,StrandBias:10.0,Multiplicity:5.00
0.700	0.100	0.100	0.100
0.100	0.100	0.700	0.100
0.100	0.700	0.100	0.100
0.700	0.100	0.100	0.100
0.100	0.100	0.100	0.700
0.700	0.100	0.100	0.100
0.100	0.100	0.700	0.100
0.100	0.100	0.100	0.700
0.100	0.100	0.100	0.700
0.700	0.100	0.100	0.100
0.100	0.700	0.100	0.100
0.100	0.100	0.100	0.700
