>AGAACCCCGTTA	13-TAACGGGGTTCT	8.382643	-17.695845	0	T:12.0(8.57%),B:26.1(0.99%),P:1e-7
0.739	0.001	0.130	0.130
0.205	0.001	0.599	0.195
0.934	0.001	0.001	0.064
0.669	0.001	0.260	0.070
0.065	0.594	0.266	0.075
0.064	0.934	0.001	0.001
0.065	0.674	0.130	0.131
0.130	0.804	0.001	0.065
0.196	0.070	0.664	0.070
0.001	0.001	0.129	0.869
0.130	0.065	0.065	0.740
0.805	0.065	0.065	0.065
