>ATCCACCTGC	1-ATCCACCTGC	7.941801	-30.480079	0	T:34.0(24.29%),B:129.9(5.32%),P:1e-13	Tpos:118.3,Tstd:56.7,Bpos:120.0,Bstd:62.9,StrandBias:0.2,Multiplicity:1.06
0.776	0.134	0.089	0.001
0.190	0.135	0.142	0.533
0.134	0.722	0.001	0.143
0.138	0.640	0.148	0.074
0.925	0.073	0.001	0.001
0.036	0.962	0.001	0.001
0.170	0.828	0.001	0.001
0.139	0.001	0.001	0.859
0.001	0.001	0.819	0.179
0.001	0.932	0.001	0.066
>GAAGCGCGCC	2-GAAGCGCGCC	11.276337	-28.734848	0	T:7.0(5.00%),B:1.2(0.05%),P:1e-12	Tpos:89.8,Tstd:58.6,Bpos:53.0,Bstd:0.0,StrandBias:-0.7,Multiplicity:1.14
0.166	0.001	0.667	0.166
0.997	0.001	0.001	0.001
0.997	0.001	0.001	0.001
0.001	0.001	0.997	0.001
0.166	0.832	0.001	0.001
0.001	0.001	0.997	0.001
0.001	0.997	0.001	0.001
0.001	0.001	0.997	0.001
0.166	0.832	0.001	0.001
0.001	0.832	0.001	0.166
>GTCATTTTTG	3-GTCATTTTTG	9.525448	-25.860046	0	T:16.0(11.43%),B:27.9(1.14%),P:1e-11	Tpos:147.6,Tstd:73.3,Bpos:131.5,Bstd:67.3,StrandBias:0.0,Multiplicity:1.00
0.038	0.010	0.951	0.001
0.001	0.169	0.001	0.829
0.001	0.997	0.001	0.001
0.829	0.001	0.001	0.169
0.001	0.001	0.001	0.997
0.001	0.001	0.001	0.997
0.001	0.169	0.001	0.829
0.001	0.001	0.169	0.829
0.001	0.131	0.131	0.737
0.001	0.001	0.997	0.001
>AGGTACCTGC	4-AGGTACCTGC	10.399395	-25.536615	0	T:12.0(8.57%),B:12.9(0.53%),P:1e-11	Tpos:147.8,Tstd:58.4,Bpos:106.7,Bstd:69.6,StrandBias:0.4,Multiplicity:1.00
0.796	0.081	0.001	0.122
0.052	0.001	0.866	0.081
0.080	0.001	0.918	0.001
0.001	0.080	0.001	0.918
0.937	0.061	0.001	0.001
0.001	0.997	0.001	0.001
0.001	0.918	0.080	0.001
0.080	0.001	0.001	0.918
0.001	0.001	0.918	0.080
0.081	0.856	0.001	0.062
>TCCTGAGCGG	5-TCCTGAGCGG	8.637046	-22.778262	0	T:8.0(5.71%),B:4.9(0.20%),P:1e-9	Tpos:141.8,Tstd:43.8,Bpos:102.9,Bstd:53.0,StrandBias:1.6,Multiplicity:1.00
0.001	0.001	0.069	0.929
0.070	0.721	0.139	0.070
0.069	0.929	0.001	0.001
0.074	0.001	0.069	0.856
0.001	0.001	0.855	0.143
0.790	0.001	0.001	0.208
0.001	0.138	0.860	0.001
0.139	0.583	0.139	0.139
0.074	0.001	0.786	0.139
0.144	0.070	0.716	0.070
>TTAAGTTTAG	6-TTAAGTTTAG	10.667670	-21.764532	0	T:11.0(7.86%),B:13.6(0.56%),P:1e-9	Tpos:149.9,Tstd:82.9,Bpos:147.3,Bstd:84.6,StrandBias:-0.8,Multiplicity:1.00
0.001	0.001	0.001	0.997
0.001	0.001	0.001	0.997
0.897	0.001	0.101	0.001
0.897	0.001	0.001	0.101
0.001	0.101	0.897	0.001
0.101	0.001	0.001	0.897
0.001	0.001	0.101	0.897
0.102	0.102	0.001	0.795
0.795	0.001	0.102	0.102
0.001	0.001	0.997	0.001
>TTTTCGATTG	7-TTTTCGATTG	10.295852	-20.287337	0	T:11.0(7.86%),B:15.3(0.63%),P:1e-8	Tpos:87.1,Tstd:50.7,Bpos:106.1,Bstd:59.1,StrandBias:0.0,Multiplicity:1.09
0.001	0.001	0.001	0.997
0.101	0.001	0.101	0.797
0.001	0.001	0.001	0.997
0.101	0.101	0.001	0.797
0.001	0.834	0.101	0.064
0.001	0.101	0.850	0.048
0.997	0.001	0.001	0.001
0.077	0.001	0.001	0.921
0.001	0.001	0.001	0.997
0.001	0.100	0.898	0.001
>TCCATTAATA	8-TCCATTAATA	7.315426	-20.186552	0	T:37.0(26.43%),B:220.7(9.04%),P:1e-8	Tpos:118.9,Tstd:71.6,Bpos:132.7,Bstd:73.4,StrandBias:-0.3,Multiplicity:1.22
0.033	0.082	0.088	0.797
0.074	0.754	0.097	0.075
0.113	0.726	0.024	0.137
0.813	0.061	0.001	0.125
0.045	0.001	0.001	0.953
0.144	0.056	0.091	0.709
0.826	0.087	0.023	0.064
0.832	0.023	0.001	0.144
0.056	0.046	0.046	0.852
0.746	0.069	0.088	0.097
>TTCCTGTATT	9-TTCCTGTATT	9.742629	-20.133897	0	T:13.0(9.29%),B:24.5(1.00%),P:1e-8	Tpos:104.7,Tstd:61.3,Bpos:111.2,Bstd:78.6,StrandBias:0.2,Multiplicity:1.15
0.001	0.120	0.001	0.878
0.120	0.001	0.001	0.878
0.001	0.878	0.001	0.120
0.121	0.837	0.001	0.041
0.001	0.001	0.001	0.997
0.001	0.001	0.878	0.120
0.001	0.001	0.001	0.997
0.766	0.001	0.232	0.001
0.001	0.001	0.120	0.878
0.001	0.001	0.001	0.997
>GTCGTTCTGA	10-GTCGTTCTGA	11.136186	-19.774113	0	T:6.0(4.29%),B:2.1(0.09%),P:1e-8	Tpos:180.1,Tstd:41.1,Bpos:166.4,Bstd:25.8,StrandBias:1.3,Multiplicity:1.17
0.001	0.001	0.851	0.147
0.001	0.001	0.001	0.997
0.001	0.851	0.001	0.147
0.001	0.001	0.997	0.001
0.147	0.147	0.001	0.705
0.001	0.001	0.001	0.997
0.001	0.997	0.001	0.001
0.001	0.001	0.001	0.997
0.001	0.147	0.851	0.001
0.885	0.001	0.001	0.113
>AGGTAGCGCT	11-AGGTAGCGCT	11.121572	-19.173669	0	T:7.0(5.00%),B:4.1(0.17%),P:1e-8	Tpos:103.4,Tstd:54.8,Bpos:130.7,Bstd:75.5,StrandBias:1.3,Multiplicity:1.00
0.856	0.001	0.142	0.001
0.001	0.001	0.997	0.001
0.001	0.001	0.856	0.142
0.142	0.001	0.001	0.856
0.856	0.001	0.142	0.001
0.001	0.001	0.997	0.001
0.001	0.997	0.001	0.001
0.142	0.001	0.856	0.001
0.001	0.997	0.001	0.001
0.001	0.001	0.142	0.856
>GTATACGAGC	12-GTATACGAGC	10.036296	-17.659251	0	T:7.0(5.00%),B:5.4(0.22%),P:1e-7	Tpos:91.4,Tstd:62.0,Bpos:100.9,Bstd:65.0,StrandBias:-2.0,Multiplicity:1.43
0.270	0.001	0.728	0.001
0.001	0.001	0.001	0.997
0.757	0.121	0.121	0.001
0.001	0.001	0.120	0.878
0.878	0.001	0.001	0.120
0.001	0.878	0.001	0.120
0.001	0.001	0.997	0.001
0.997	0.001	0.001	0.001
0.001	0.001	0.997	0.001
0.001	0.997	0.001	0.001
>CTAGCGCTTG	13-CTAGCGCTTG	11.276337	-17.659251	0	T:7.0(5.00%),B:5.0(0.21%),P:1e-7	Tpos:158.8,Tstd:64.1,Bpos:160.8,Bstd:19.5,StrandBias:0.7,Multiplicity:1.14
0.001	0.997	0.001	0.001
0.001	0.001	0.001	0.997
0.667	0.166	0.166	0.001
0.001	0.001	0.997	0.001
0.001	0.832	0.001	0.166
0.001	0.166	0.832	0.001
0.001	0.997	0.001	0.001
0.166	0.001	0.001	0.832
0.001	0.001	0.001	0.997
0.001	0.001	0.997	0.001
>YAACAGGTGG	14-YAACAGGTGG	9.046011	-17.314231	0	T:19.0(13.57%),B:71.3(2.92%),P:1e-7	Tpos:127.0,Tstd:50.0,Bpos:134.2,Bstd:51.6,StrandBias:0.3,Multiplicity:1.16
0.001	0.492	0.001	0.506
0.521	0.001	0.127	0.351
0.739	0.259	0.001	0.001
0.001	0.997	0.001	0.001
0.538	0.001	0.104	0.357
0.001	0.001	0.997	0.001
0.001	0.001	0.997	0.001
0.001	0.001	0.126	0.872
0.001	0.001	0.865	0.133
0.001	0.001	0.997	0.001
>CTATATTATC	15-CTATATTATC	10.456049	-17.067047	0	T:10.0(7.14%),B:16.7(0.68%),P:1e-7	Tpos:108.7,Tstd:93.0,Bpos:140.8,Bstd:66.4,StrandBias:2.0,Multiplicity:1.00
0.105	0.893	0.001	0.001
0.001	0.105	0.001	0.893
0.997	0.001	0.001	0.001
0.105	0.001	0.001	0.893
0.787	0.106	0.001	0.106
0.001	0.001	0.001	0.997
0.081	0.001	0.001	0.917
0.997	0.001	0.001	0.001
0.105	0.001	0.001	0.893
0.068	0.825	0.106	0.001
>TATAGCGACG	16-TATAGCGACG	11.490573	-15.778651	0	T:5.0(3.57%),B:2.5(0.10%),P:1e-6	Tpos:131.5,Tstd:69.5,Bpos:53.1,Bstd:12.4,StrandBias:1.6,Multiplicity:1.60
0.001	0.001	0.001	0.997
0.997	0.001	0.001	0.001
0.001	0.001	0.001	0.997
0.799	0.001	0.199	0.001
0.001	0.001	0.997	0.001
0.001	0.799	0.199	0.001
0.001	0.001	0.997	0.001
0.997	0.001	0.001	0.001
0.200	0.599	0.200	0.001
0.001	0.001	0.997	0.001
>CGATGAGGTG	17-CGATGAGGTG	11.040100	-15.709157	0	T:6.0(4.29%),B:4.5(0.18%),P:1e-6	Tpos:145.5,Tstd:73.2,Bpos:199.8,Bstd:17.2,StrandBias:0.0,Multiplicity:1.67
0.001	0.997	0.001	0.001
0.001	0.001	0.997	0.001
0.690	0.001	0.308	0.001
0.001	0.001	0.137	0.861
0.137	0.001	0.861	0.001
0.997	0.001	0.001	0.001
0.137	0.001	0.861	0.001
0.001	0.001	0.997	0.001
0.001	0.001	0.001	0.997
0.137	0.001	0.861	0.001
>TTCAAGCTTG	18-TTCAAGCTTG	7.615241	-14.998948	0	T:21.0(15.00%),B:100.9(4.13%),P:1e-6	Tpos:98.6,Tstd:60.0,Bpos:132.9,Bstd:76.6,StrandBias:0.0,Multiplicity:1.11
0.069	0.081	0.001	0.849
0.001	0.069	0.209	0.721
0.138	0.860	0.001	0.001
0.929	0.069	0.001	0.001
0.791	0.139	0.069	0.001
0.210	0.139	0.650	0.001
0.001	0.779	0.081	0.139
0.219	0.070	0.150	0.561
0.069	0.001	0.001	0.929
0.001	0.001	0.929	0.069
>GTTGCACCGG	19-GTTGCACCGG	9.353264	-11.971774	0	T:4.0(2.86%),B:2.5(0.10%),P:1e-5	Tpos:95.4,Tstd:62.3,Bpos:74.8,Bstd:35.7,StrandBias:-0.7,Multiplicity:2.00
0.001	0.001	0.997	0.001
0.001	0.001	0.001	0.997
0.001	0.001	0.001	0.997
0.001	0.001	0.997	0.001
0.001	0.798	0.001	0.200
0.997	0.001	0.001	0.001
0.001	0.742	0.256	0.001
0.001	0.943	0.001	0.055
0.001	0.001	0.997	0.001
0.001	0.001	0.997	0.001
>TCWACAGGTGGC	1-TCWACAGGTGGC	9.649833	-32.355022	0	T:22.0(15.71%),B:43.8(1.80%),P:1e-14	Tpos:124.8,Tstd:45.8,Bpos:138.6,Bstd:44.7,StrandBias:-0.8,Multiplicity:1.00
0.001	0.263	0.001	0.735
0.001	0.456	0.264	0.279
0.455	0.001	0.001	0.543
0.808	0.088	0.103	0.001
0.001	0.911	0.087	0.001
0.823	0.001	0.175	0.001
0.001	0.001	0.997	0.001
0.001	0.001	0.997	0.001
0.001	0.001	0.001	0.997
0.001	0.001	0.735	0.263
0.001	0.001	0.997	0.001
0.176	0.441	0.176	0.207
>GGCAGGTACCTG	2-GGCAGGTACCTG	8.315310	-32.230351	0	T:24.0(17.14%),B:54.7(2.24%),P:1e-13	Tpos:127.5,Tstd:56.6,Bpos:118.5,Bstd:51.8,StrandBias:-0.5,Multiplicity:1.04
0.135	0.045	0.547	0.273
0.184	0.090	0.721	0.005
0.178	0.820	0.001	0.001
0.820	0.045	0.090	0.045
0.089	0.001	0.866	0.044
0.001	0.001	0.997	0.001
0.001	0.001	0.044	0.954
0.727	0.001	0.183	0.089
0.001	0.726	0.094	0.179
0.134	0.597	0.090	0.179
0.045	0.045	0.094	0.816
0.089	0.001	0.821	0.089
>TAATTATTWATG	3-TAATTATTWATG	10.840227	-25.903998	0	T:19.0(13.57%),B:42.2(1.73%),P:1e-11	Tpos:117.3,Tstd:63.8,Bpos:125.1,Bstd:65.8,StrandBias:2.0,Multiplicity:1.00
0.001	0.001	0.123	0.875
0.813	0.001	0.001	0.185
0.875	0.062	0.001	0.062
0.001	0.001	0.001	0.997
0.068	0.124	0.124	0.684
0.751	0.001	0.001	0.247
0.186	0.001	0.062	0.751
0.001	0.001	0.001	0.997
0.515	0.112	0.001	0.372
0.997	0.001	0.001	0.001
0.001	0.001	0.067	0.931
0.068	0.062	0.822	0.048
>ATWGGGAGAGAA	4-ATWGGGAGAGAA	10.964485	-23.930465	0	T:7.0(5.00%),B:2.5(0.10%),P:1e-10	Tpos:119.7,Tstd:69.4,Bpos:115.7,Bstd:69.6,StrandBias:-0.4,Multiplicity:1.00
0.562	0.001	0.194	0.243
0.001	0.001	0.036	0.962
0.374	0.001	0.187	0.438
0.027	0.001	0.971	0.001
0.186	0.001	0.812	0.001
0.001	0.409	0.563	0.027
0.812	0.001	0.001	0.186
0.214	0.001	0.784	0.001
0.616	0.001	0.376	0.007
0.001	0.001	0.997	0.001
0.625	0.001	0.373	0.001
0.997	0.001	0.001	0.001
>CYYTYTTYCATA	5-CYYTYTTYCATA	10.960297	-23.885988	0	T:6.0(4.29%),B:1.9(0.08%),P:1e-10	Tpos:101.8,Tstd:99.0,Bpos:37.0,Bstd:0.0,StrandBias:2.3,Multiplicity:1.00
0.036	0.962	0.001	0.001
0.001	0.425	0.001	0.573
0.001	0.425	0.001	0.573
0.001	0.001	0.001	0.997
0.001	0.536	0.001	0.462
0.001	0.001	0.001	0.997
0.001	0.001	0.001	0.997
0.001	0.573	0.001	0.425
0.001	0.997	0.001	0.001
0.997	0.001	0.001	0.001
0.001	0.036	0.001	0.962
0.997	0.001	0.001	0.001
>GCCAGTAAACAA	6-GCCAGTAAACAA	11.622313	-22.954880	0	T:9.0(6.43%),B:6.7(0.28%),P:1e-9	Tpos:166.6,Tstd:49.4,Bpos:127.9,Bstd:48.9,StrandBias:1.8,Multiplicity:1.00
0.001	0.001	0.812	0.186
0.001	0.599	0.200	0.200
0.186	0.812	0.001	0.001
0.997	0.001	0.001	0.001
0.001	0.001	0.997	0.001
0.013	0.187	0.001	0.799
0.997	0.001	0.001	0.001
0.625	0.001	0.187	0.187
0.625	0.187	0.001	0.187
0.001	0.799	0.001	0.199
0.997	0.001	0.001	0.001
0.997	0.001	0.001	0.001
>ACAACCTGCAAA	7-ACAACCTGCAAA	10.108143	-22.278255	0	T:12.0(8.57%),B:16.1(0.66%),P:1e-9	Tpos:107.6,Tstd:72.4,Bpos:109.0,Bstd:49.5,StrandBias:0.7,Multiplicity:1.08
0.964	0.001	0.002	0.033
0.002	0.668	0.001	0.329
0.997	0.001	0.001	0.001
0.997	0.001	0.001	0.001
0.001	0.997	0.001	0.001
0.339	0.659	0.001	0.001
0.331	0.001	0.001	0.667
0.360	0.031	0.608	0.001
0.001	0.997	0.001	0.001
0.700	0.001	0.298	0.001
0.700	0.298	0.001	0.001
0.997	0.001	0.001	0.001
>AGGCTCTTTCAC	8-AGGCTCTTTCAC	8.427900	-21.537122	0	T:15.0(10.71%),B:31.5(1.29%),P:1e-9	Tpos:141.3,Tstd:64.2,Bpos:106.3,Bstd:75.7,StrandBias:0.6,Multiplicity:1.00
0.839	0.011	0.001	0.149
0.147	0.021	0.831	0.001
0.283	0.136	0.580	0.001
0.001	0.997	0.001	0.001
0.001	0.135	0.001	0.863
0.135	0.863	0.001	0.001
0.274	0.001	0.136	0.589
0.282	0.001	0.001	0.716
0.283	0.136	0.136	0.445
0.001	0.997	0.001	0.001
0.863	0.001	0.135	0.001
0.135	0.863	0.001	0.001
>TSCAATTTTAAG	9-TSCAATTTTAAG	11.206875	-21.476782	0	T:10.0(7.14%),B:10.9(0.45%),P:1e-9	Tpos:134.7,Tstd:76.1,Bpos:130.2,Bstd:90.9,StrandBias:-1.2,Multiplicity:1.00
0.015	0.001	0.015	0.969
0.001	0.460	0.495	0.045
0.230	0.706	0.060	0.004
0.754	0.015	0.001	0.230
0.539	0.001	0.230	0.230
0.001	0.229	0.001	0.769
0.014	0.001	0.001	0.984
0.001	0.001	0.001	0.997
0.001	0.001	0.001	0.997
0.720	0.015	0.001	0.264
0.997	0.001	0.001	0.001
0.074	0.230	0.695	0.001
>CGATGAGGTGGG	10-CGATGAGGTGGG	13.362136	-19.198367	0	T:5.0(3.57%),B:0.0(0.00%),P:1e-8	Tpos:147.0,Tstd:77.5,Bpos:0.0,Bstd:0.0,StrandBias:0.0,Multiplicity:1.60
0.001	0.997	0.001	0.001
0.001	0.001	0.700	0.298
0.663	0.001	0.335	0.001
0.001	0.001	0.001	0.997
0.016	0.001	0.982	0.001
0.997	0.001	0.001	0.001
0.314	0.001	0.684	0.001
0.001	0.001	0.997	0.001
0.001	0.001	0.001	0.997
0.298	0.001	0.700	0.001
0.001	0.385	0.613	0.001
0.001	0.001	0.997	0.001
>YATRGYGACSGG	11-YATRGYGACSGG	9.722415	-19.198367	0	T:5.0(3.57%),B:0.0(0.00%),P:1e-8	Tpos:134.4,Tstd:57.8,Bpos:0.0,Bstd:0.0,StrandBias:3.0,Multiplicity:1.80
0.001	0.425	0.001	0.573
0.997	0.001	0.001	0.001
0.001	0.001	0.001	0.997
0.573	0.001	0.425	0.001
0.001	0.001	0.997	0.001
0.001	0.573	0.001	0.425
0.001	0.001	0.997	0.001
0.997	0.001	0.001	0.001
0.012	0.975	0.012	0.001
0.001	0.425	0.573	0.001
0.109	0.012	0.878	0.001
0.109	0.001	0.889	0.001
>RGAWACCRGTWT	12-RGAWACCRGTWT	11.289678	-19.198367	0	T:5.0(3.57%),B:0.0(0.00%),P:1e-8	Tpos:106.0,Tstd:34.6,Bpos:0.0,Bstd:0.0,StrandBias:0.0,Multiplicity:1.00
0.573	0.001	0.425	0.001
0.029	0.001	0.969	0.001
0.997	0.001	0.001	0.001
0.425	0.001	0.001	0.573
0.997	0.001	0.001	0.001
0.001	0.997	0.001	0.001
0.001	0.969	0.029	0.001
0.426	0.029	0.544	0.001
0.001	0.001	0.997	0.001
0.001	0.001	0.001	0.997
0.543	0.001	0.001	0.455
0.001	0.001	0.001	0.997
>CTAAHTDATCGT	13-CTAAHTDATCGT	9.215889	-17.798289	0	T:14.0(10.00%),B:35.8(1.47%),P:1e-7	Tpos:149.9,Tstd:72.4,Bpos:109.3,Bstd:71.9,StrandBias:1.6,Multiplicity:1.14
0.367	0.631	0.001	0.001
0.151	0.121	0.120	0.608
0.997	0.001	0.001	0.001
0.637	0.001	0.001	0.361
0.393	0.247	0.001	0.359
0.001	0.001	0.001	0.997
0.359	0.001	0.390	0.250
0.879	0.001	0.001	0.119
0.239	0.001	0.001	0.759
0.001	0.879	0.001	0.119
0.120	0.273	0.606	0.001
0.119	0.001	0.001	0.879
>ATATGCAAGCTT	14-ATATGCAAGCTT	10.490267	-16.333830	0	T:9.0(6.43%),B:13.4(0.55%),P:1e-7	Tpos:125.7,Tstd:51.9,Bpos:129.0,Bstd:67.4,StrandBias:1.2,Multiplicity:1.33
0.879	0.001	0.001	0.119
0.001	0.001	0.001	0.997
0.733	0.001	0.120	0.146
0.001	0.001	0.001	0.997
0.001	0.239	0.640	0.120
0.001	0.997	0.001	0.001
0.640	0.120	0.120	0.120
0.628	0.001	0.132	0.239
0.132	0.120	0.747	0.001
0.001	0.735	0.001	0.263
0.001	0.001	0.001	0.997
0.001	0.119	0.001	0.879
>GCCTACTAGCCC	15-GCCTACTAGCCC	11.330216	-15.778651	0	T:5.0(3.57%),B:2.6(0.11%),P:1e-6	Tpos:75.3,Tstd:54.0,Bpos:202.3,Bstd:15.4,StrandBias:10.0,Multiplicity:1.20
0.001	0.001	0.997	0.001
0.001	0.997	0.001	0.001
0.001	0.742	0.001	0.256
0.001	0.001	0.001	0.997
0.997	0.001	0.001	0.001
0.001	0.742	0.001	0.256
0.001	0.001	0.001	0.997
0.997	0.001	0.001	0.001
0.001	0.001	0.913	0.085
0.001	0.997	0.001	0.001
0.001	0.997	0.001	0.001
0.085	0.913	0.001	0.001
>GGTTCGCTTTTG	16-GGTTCGCTTTTG	10.409522	-14.699893	0	T:4.0(2.86%),B:1.4(0.06%),P:1e-6	Tpos:189.8,Tstd:71.1,Bpos:135.6,Bstd:63.3,StrandBias:0.0,Multiplicity:1.00
0.100	0.100	0.700	0.100
0.100	0.100	0.700	0.100
0.100	0.100	0.100	0.700
0.100	0.100	0.100	0.700
0.100	0.700	0.100	0.100
0.100	0.100	0.700	0.100
0.100	0.700	0.100	0.100
0.100	0.100	0.100	0.700
0.100	0.100	0.100	0.700
0.100	0.100	0.100	0.700
0.100	0.100	0.100	0.700
0.100	0.100	0.700	0.100
>AACGGTCAAATA	17-AACGGTCAAATA	10.602525	-10.430920	0	T:3.0(2.14%),B:0.0(0.00%),P:1e-4	Tpos:115.0,Tstd:62.4,Bpos:0.0,Bstd:0.0,StrandBias:10.0,Multiplicity:2.33
0.997	0.001	0.001	0.001
0.997	0.001	0.001	0.001
0.045	0.953	0.001	0.001
0.001	0.001	0.997	0.001
0.001	0.256	0.742	0.001
0.001	0.001	0.001	0.997
0.001	0.997	0.001	0.001
0.833	0.001	0.165	0.001
0.742	0.001	0.001	0.256
0.997	0.001	0.001	0.001
0.001	0.001	0.001	0.997
0.997	0.001	0.001	0.001
>YMTCMTMCCCTC	18-YMTCMTMCCCTC	12.224198	-7.218847	0	T:3.0(2.14%),B:3.1(0.13%),P:1e-3	Tpos:182.1,Tstd:55.5,Bpos:151.0,Bstd:91.1,StrandBias:10.0,Multiplicity:1.33
0.001	0.425	0.001	0.573
0.425	0.573	0.001	0.001
0.001	0.115	0.001	0.883
0.001	0.997	0.001	0.001
0.425	0.573	0.001	0.001
0.001	0.001	0.001	0.997
0.425	0.573	0.001	0.001
0.001	0.997	0.001	0.001
0.001	0.997	0.001	0.001
0.001	0.997	0.001	0.001
0.001	0.001	0.001	0.997
0.001	0.997	0.001	0.001
>ACCTGY	1-ACCTGY	7.490812	-29.614702	0	T:87.0(62.14%),B:774.8(31.74%),P:1e-12	Tpos:128.6,Tstd:54.0,Bpos:126.7,Bstd:64.3,StrandBias:0.0,Multiplicity:1.45
0.997	0.001	0.001	0.001
0.001	0.997	0.001	0.001
0.001	0.997	0.001	0.001
0.001	0.001	0.001	0.997
0.001	0.001	0.997	0.001
0.001	0.554	0.001	0.444
>CAGACG	2-CAGACG	6.177716	-6.933182	0	T:18.0(12.86%),B:138.6(5.68%),P:1e-3	Tpos:122.2,Tstd:72.5,Bpos:124.2,Bstd:70.3,StrandBias:-0.5,Multiplicity:1.06
0.100	0.700	0.100	0.100
0.700	0.100	0.100	0.100
0.100	0.100	0.700	0.100
0.700	0.100	0.100	0.100
0.100	0.700	0.100	0.100
0.100	0.100	0.700	0.100
>AKCCTA	3-AKCCTA	4.878579	-5.708786	0	T:33.0(23.57%),B:357.6(14.65%),P:1e-2	Tpos:117.4,Tstd:71.9,Bpos:122.4,Bstd:73.8,StrandBias:0.6,Multiplicity:1.27
0.494	0.110	0.260	0.136
0.007	0.104	0.476	0.413
0.002	0.945	0.028	0.025
0.322	0.583	0.001	0.094
0.132	0.108	0.138	0.622
0.459	0.111	0.292	0.138
>AACGCC	4-AACGCC	6.177716	-5.450633	0	T:19.0(13.57%),B:171.8(7.04%),P:1e-2	Tpos:123.3,Tstd:83.7,Bpos:122.2,Bstd:68.7,StrandBias:0.4,Multiplicity:1.11
0.700	0.100	0.100	0.100
0.700	0.100	0.100	0.100
0.100	0.700	0.100	0.100
0.100	0.100	0.700	0.100
0.100	0.700	0.100	0.100
0.100	0.700	0.100	0.100
>TAGCCT	5-TAGCCT	6.177716	-2.398189	0	T:18.0(12.86%),B:224.2(9.18%),P:1e-1	Tpos:122.0,Tstd:77.3,Bpos:127.3,Bstd:74.9,StrandBias:0.3,Multiplicity:1.38
0.100	0.100	0.100	0.700
0.700	0.100	0.100	0.100
0.100	0.100	0.700	0.100
0.100	0.700	0.100	0.100
0.100	0.700	0.100	0.100
0.100	0.100	0.100	0.700
>CAGGTRCC	1-CAGGTRCC	7.052979	-28.100917	0	T:35.0(25.00%),B:149.6(6.13%),P:1e-12	Tpos:130.3,Tstd:55.6,Bpos:123.5,Bstd:58.3,StrandBias:0.1,Multiplicity:1.09
0.100	0.870	0.029	0.001
0.586	0.210	0.167	0.037
0.239	0.001	0.679	0.081
0.199	0.002	0.798	0.001
0.062	0.001	0.001	0.936
0.315	0.257	0.427	0.001
0.001	0.757	0.241	0.001
0.050	0.813	0.001	0.136
>TAGGCTTC	2-TAGGCTTC	9.054845	-14.105641	0	T:12.0(8.57%),B:35.0(1.43%),P:1e-6	Tpos:113.2,Tstd:56.9,Bpos:111.1,Bstd:76.9,StrandBias:-0.5,Multiplicity:1.00
0.001	0.001	0.001	0.997
0.997	0.001	0.001	0.001
0.001	0.001	0.997	0.001
0.001	0.001	0.997	0.001
0.165	0.833	0.001	0.001
0.001	0.001	0.001	0.997
0.001	0.001	0.001	0.997
0.001	0.806	0.001	0.192
>AACGCTCG	3-AACGCTCG	9.878595	-12.404817	0	T:5.0(3.57%),B:4.4(0.18%),P:1e-5	Tpos:108.9,Tstd:60.2,Bpos:162.3,Bstd:34.0,StrandBias:1.6,Multiplicity:1.60
0.997	0.001	0.001	0.001
0.997	0.001	0.001	0.001
0.001	0.997	0.001	0.001
0.001	0.001	0.997	0.001
0.001	0.997	0.001	0.001
0.001	0.304	0.001	0.694
0.001	0.997	0.001	0.001
0.001	0.001	0.997	0.001
>GTCCCTAT	4-GTCCCTAT	7.132355	-10.742683	0	T:16.0(11.43%),B:82.1(3.36%),P:1e-4	Tpos:124.7,Tstd:85.0,Bpos:129.2,Bstd:77.7,StrandBias:0.3,Multiplicity:1.12
0.102	0.001	0.891	0.006
0.001	0.001	0.001	0.997
0.001	0.997	0.001	0.001
0.001	0.890	0.108	0.001
0.149	0.849	0.001	0.001
0.001	0.001	0.001	0.997
0.640	0.358	0.001	0.001
0.001	0.001	0.339	0.659
>AGAGTCGT	5-AGAGTCGT	8.236954	-8.439599	0	T:4.0(2.86%),B:5.8(0.24%),P:1e-3	Tpos:128.8,Tstd:90.1,Bpos:178.4,Bstd:42.8,StrandBias:1.0,Multiplicity:1.50
0.700	0.100	0.100	0.100
0.100	0.100	0.700	0.100
0.700	0.100	0.100	0.100
0.100	0.100	0.700	0.100
0.100	0.100	0.100	0.700
0.100	0.700	0.100	0.100
0.100	0.100	0.700	0.100
0.100	0.100	0.100	0.700
