>TCWACAGGTGGC	1-TCWACAGGTGGC	9.649833	-32.355022	0	T:22.0(15.71%),B:43.8(1.80%),P:1e-14	Tpos:124.8,Tstd:45.8,Bpos:138.6,Bstd:44.7,StrandBias:-0.8,Multiplicity:1.00
0.001	0.263	0.001	0.735
0.001	0.456	0.264	0.279
0.455	0.001	0.001	0.543
0.808	0.088	0.103	0.001
0.001	0.911	0.087	0.001
0.823	0.001	0.175	0.001
0.001	0.001	0.997	0.001
0.001	0.001	0.997	0.001
0.001	0.001	0.001	0.997
0.001	0.001	0.735	0.263
0.001	0.001	0.997	0.001
0.176	0.441	0.176	0.207
>GGCAGGTACCTG	2-GGCAGGTACCTG	8.315310	-32.230351	0	T:24.0(17.14%),B:54.7(2.24%),P:1e-13	Tpos:127.5,Tstd:56.6,Bpos:118.5,Bstd:51.8,StrandBias:-0.5,Multiplicity:1.04
0.135	0.045	0.547	0.273
0.184	0.090	0.721	0.005
0.178	0.820	0.001	0.001
0.820	0.045	0.090	0.045
0.089	0.001	0.866	0.044
0.001	0.001	0.997	0.001
0.001	0.001	0.044	0.954
0.727	0.001	0.183	0.089
0.001	0.726	0.094	0.179
0.134	0.597	0.090	0.179
0.045	0.045	0.094	0.816
0.089	0.001	0.821	0.089
>TAATTATTWATG	3-TAATTATTWATG	10.840227	-25.903998	0	T:19.0(13.57%),B:42.2(1.73%),P:1e-11	Tpos:117.3,Tstd:63.8,Bpos:125.1,Bstd:65.8,StrandBias:2.0,Multiplicity:1.00
0.001	0.001	0.123	0.875
0.813	0.001	0.001	0.185
0.875	0.062	0.001	0.062
0.001	0.001	0.001	0.997
0.068	0.124	0.124	0.684
0.751	0.001	0.001	0.247
0.186	0.001	0.062	0.751
0.001	0.001	0.001	0.997
0.515	0.112	0.001	0.372
0.997	0.001	0.001	0.001
0.001	0.001	0.067	0.931
0.068	0.062	0.822	0.048
>ATWGGGAGAGAA	4-ATWGGGAGAGAA	10.964485	-23.930465	0	T:7.0(5.00%),B:2.5(0.10%),P:1e-10	Tpos:119.7,Tstd:69.4,Bpos:115.7,Bstd:69.6,StrandBias:-0.4,Multiplicity:1.00
0.562	0.001	0.194	0.243
0.001	0.001	0.036	0.962
0.374	0.001	0.187	0.438
0.027	0.001	0.971	0.001
0.186	0.001	0.812	0.001
0.001	0.409	0.563	0.027
0.812	0.001	0.001	0.186
0.214	0.001	0.784	0.001
0.616	0.001	0.376	0.007
0.001	0.001	0.997	0.001
0.625	0.001	0.373	0.001
0.997	0.001	0.001	0.001
>CYYTYTTYCATA	5-CYYTYTTYCATA	10.960297	-23.885988	0	T:6.0(4.29%),B:1.9(0.08%),P:1e-10	Tpos:101.8,Tstd:99.0,Bpos:37.0,Bstd:0.0,StrandBias:2.3,Multiplicity:1.00
0.036	0.962	0.001	0.001
0.001	0.425	0.001	0.573
0.001	0.425	0.001	0.573
0.001	0.001	0.001	0.997
0.001	0.536	0.001	0.462
0.001	0.001	0.001	0.997
0.001	0.001	0.001	0.997
0.001	0.573	0.001	0.425
0.001	0.997	0.001	0.001
0.997	0.001	0.001	0.001
0.001	0.036	0.001	0.962
0.997	0.001	0.001	0.001
>GCCAGTAAACAA	6-GCCAGTAAACAA	11.622313	-22.954880	0	T:9.0(6.43%),B:6.7(0.28%),P:1e-9	Tpos:166.6,Tstd:49.4,Bpos:127.9,Bstd:48.9,StrandBias:1.8,Multiplicity:1.00
0.001	0.001	0.812	0.186
0.001	0.599	0.200	0.200
0.186	0.812	0.001	0.001
0.997	0.001	0.001	0.001
0.001	0.001	0.997	0.001
0.013	0.187	0.001	0.799
0.997	0.001	0.001	0.001
0.625	0.001	0.187	0.187
0.625	0.187	0.001	0.187
0.001	0.799	0.001	0.199
0.997	0.001	0.001	0.001
0.997	0.001	0.001	0.001
>ACAACCTGCAAA	7-ACAACCTGCAAA	10.108143	-22.278255	0	T:12.0(8.57%),B:16.1(0.66%),P:1e-9	Tpos:107.6,Tstd:72.4,Bpos:109.0,Bstd:49.5,StrandBias:0.7,Multiplicity:1.08
0.964	0.001	0.002	0.033
0.002	0.668	0.001	0.329
0.997	0.001	0.001	0.001
0.997	0.001	0.001	0.001
0.001	0.997	0.001	0.001
0.339	0.659	0.001	0.001
0.331	0.001	0.001	0.667
0.360	0.031	0.608	0.001
0.001	0.997	0.001	0.001
0.700	0.001	0.298	0.001
0.700	0.298	0.001	0.001
0.997	0.001	0.001	0.001
>AGGCTCTTTCAC	8-AGGCTCTTTCAC	8.427900	-21.537122	0	T:15.0(10.71%),B:31.5(1.29%),P:1e-9	Tpos:141.3,Tstd:64.2,Bpos:106.3,Bstd:75.7,StrandBias:0.6,Multiplicity:1.00
0.839	0.011	0.001	0.149
0.147	0.021	0.831	0.001
0.283	0.136	0.580	0.001
0.001	0.997	0.001	0.001
0.001	0.135	0.001	0.863
0.135	0.863	0.001	0.001
0.274	0.001	0.136	0.589
0.282	0.001	0.001	0.716
0.283	0.136	0.136	0.445
0.001	0.997	0.001	0.001
0.863	0.001	0.135	0.001
0.135	0.863	0.001	0.001
>TSCAATTTTAAG	9-TSCAATTTTAAG	11.206875	-21.476782	0	T:10.0(7.14%),B:10.9(0.45%),P:1e-9	Tpos:134.7,Tstd:76.1,Bpos:130.2,Bstd:90.9,StrandBias:-1.2,Multiplicity:1.00
0.015	0.001	0.015	0.969
0.001	0.460	0.495	0.045
0.230	0.706	0.060	0.004
0.754	0.015	0.001	0.230
0.539	0.001	0.230	0.230
0.001	0.229	0.001	0.769
0.014	0.001	0.001	0.984
0.001	0.001	0.001	0.997
0.001	0.001	0.001	0.997
0.720	0.015	0.001	0.264
0.997	0.001	0.001	0.001
0.074	0.230	0.695	0.001
>CGATGAGGTGGG	10-CGATGAGGTGGG	13.362136	-19.198367	0	T:5.0(3.57%),B:0.0(0.00%),P:1e-8	Tpos:147.0,Tstd:77.5,Bpos:0.0,Bstd:0.0,StrandBias:0.0,Multiplicity:1.60
0.001	0.997	0.001	0.001
0.001	0.001	0.700	0.298
0.663	0.001	0.335	0.001
0.001	0.001	0.001	0.997
0.016	0.001	0.982	0.001
0.997	0.001	0.001	0.001
0.314	0.001	0.684	0.001
0.001	0.001	0.997	0.001
0.001	0.001	0.001	0.997
0.298	0.001	0.700	0.001
0.001	0.385	0.613	0.001
0.001	0.001	0.997	0.001
>YATRGYGACSGG	11-YATRGYGACSGG	9.722415	-19.198367	0	T:5.0(3.57%),B:0.0(0.00%),P:1e-8	Tpos:134.4,Tstd:57.8,Bpos:0.0,Bstd:0.0,StrandBias:3.0,Multiplicity:1.80
0.001	0.425	0.001	0.573
0.997	0.001	0.001	0.001
0.001	0.001	0.001	0.997
0.573	0.001	0.425	0.001
0.001	0.001	0.997	0.001
0.001	0.573	0.001	0.425
0.001	0.001	0.997	0.001
0.997	0.001	0.001	0.001
0.012	0.975	0.012	0.001
0.001	0.425	0.573	0.001
0.109	0.012	0.878	0.001
0.109	0.001	0.889	0.001
>RGAWACCRGTWT	12-RGAWACCRGTWT	11.289678	-19.198367	0	T:5.0(3.57%),B:0.0(0.00%),P:1e-8	Tpos:106.0,Tstd:34.6,Bpos:0.0,Bstd:0.0,StrandBias:0.0,Multiplicity:1.00
0.573	0.001	0.425	0.001
0.029	0.001	0.969	0.001
0.997	0.001	0.001	0.001
0.425	0.001	0.001	0.573
0.997	0.001	0.001	0.001
0.001	0.997	0.001	0.001
0.001	0.969	0.029	0.001
0.426	0.029	0.544	0.001
0.001	0.001	0.997	0.001
0.001	0.001	0.001	0.997
0.543	0.001	0.001	0.455
0.001	0.001	0.001	0.997
>CTAAHTDATCGT	13-CTAAHTDATCGT	9.215889	-17.798289	0	T:14.0(10.00%),B:35.8(1.47%),P:1e-7	Tpos:149.9,Tstd:72.4,Bpos:109.3,Bstd:71.9,StrandBias:1.6,Multiplicity:1.14
0.367	0.631	0.001	0.001
0.151	0.121	0.120	0.608
0.997	0.001	0.001	0.001
0.637	0.001	0.001	0.361
0.393	0.247	0.001	0.359
0.001	0.001	0.001	0.997
0.359	0.001	0.390	0.250
0.879	0.001	0.001	0.119
0.239	0.001	0.001	0.759
0.001	0.879	0.001	0.119
0.120	0.273	0.606	0.001
0.119	0.001	0.001	0.879
>ATATGCAAGCTT	14-ATATGCAAGCTT	10.490267	-16.333830	0	T:9.0(6.43%),B:13.4(0.55%),P:1e-7	Tpos:125.7,Tstd:51.9,Bpos:129.0,Bstd:67.4,StrandBias:1.2,Multiplicity:1.33
0.879	0.001	0.001	0.119
0.001	0.001	0.001	0.997
0.733	0.001	0.120	0.146
0.001	0.001	0.001	0.997
0.001	0.239	0.640	0.120
0.001	0.997	0.001	0.001
0.640	0.120	0.120	0.120
0.628	0.001	0.132	0.239
0.132	0.120	0.747	0.001
0.001	0.735	0.001	0.263
0.001	0.001	0.001	0.997
0.001	0.119	0.001	0.879
>GCCTACTAGCCC	15-GCCTACTAGCCC	11.330216	-15.778651	0	T:5.0(3.57%),B:2.6(0.11%),P:1e-6	Tpos:75.3,Tstd:54.0,Bpos:202.3,Bstd:15.4,StrandBias:10.0,Multiplicity:1.20
0.001	0.001	0.997	0.001
0.001	0.997	0.001	0.001
0.001	0.742	0.001	0.256
0.001	0.001	0.001	0.997
0.997	0.001	0.001	0.001
0.001	0.742	0.001	0.256
0.001	0.001	0.001	0.997
0.997	0.001	0.001	0.001
0.001	0.001	0.913	0.085
0.001	0.997	0.001	0.001
0.001	0.997	0.001	0.001
0.085	0.913	0.001	0.001
>GGTTCGCTTTTG	16-GGTTCGCTTTTG	10.409522	-14.699893	0	T:4.0(2.86%),B:1.4(0.06%),P:1e-6	Tpos:189.8,Tstd:71.1,Bpos:135.6,Bstd:63.3,StrandBias:0.0,Multiplicity:1.00
0.100	0.100	0.700	0.100
0.100	0.100	0.700	0.100
0.100	0.100	0.100	0.700
0.100	0.100	0.100	0.700
0.100	0.700	0.100	0.100
0.100	0.100	0.700	0.100
0.100	0.700	0.100	0.100
0.100	0.100	0.100	0.700
0.100	0.100	0.100	0.700
0.100	0.100	0.100	0.700
0.100	0.100	0.100	0.700
0.100	0.100	0.700	0.100
>AACGGTCAAATA	17-AACGGTCAAATA	10.602525	-10.430920	0	T:3.0(2.14%),B:0.0(0.00%),P:1e-4	Tpos:115.0,Tstd:62.4,Bpos:0.0,Bstd:0.0,StrandBias:10.0,Multiplicity:2.33
0.997	0.001	0.001	0.001
0.997	0.001	0.001	0.001
0.045	0.953	0.001	0.001
0.001	0.001	0.997	0.001
0.001	0.256	0.742	0.001
0.001	0.001	0.001	0.997
0.001	0.997	0.001	0.001
0.833	0.001	0.165	0.001
0.742	0.001	0.001	0.256
0.997	0.001	0.001	0.001
0.001	0.001	0.001	0.997
0.997	0.001	0.001	0.001
>YMTCMTMCCCTC	18-YMTCMTMCCCTC	12.224198	-7.218847	0	T:3.0(2.14%),B:3.1(0.13%),P:1e-3	Tpos:182.1,Tstd:55.5,Bpos:151.0,Bstd:91.1,StrandBias:10.0,Multiplicity:1.33
0.001	0.425	0.001	0.573
0.425	0.573	0.001	0.001
0.001	0.115	0.001	0.883
0.001	0.997	0.001	0.001
0.425	0.573	0.001	0.001
0.001	0.001	0.001	0.997
0.425	0.573	0.001	0.001
0.001	0.997	0.001	0.001
0.001	0.997	0.001	0.001
0.001	0.997	0.001	0.001
0.001	0.001	0.001	0.997
0.001	0.997	0.001	0.001
