>CAGGTRCC	1-CAGGTRCC	7.052979	-28.100917	0	T:35.0(25.00%),B:149.6(6.13%),P:1e-12	Tpos:130.3,Tstd:55.6,Bpos:123.5,Bstd:58.3,StrandBias:0.1,Multiplicity:1.09
0.100	0.870	0.029	0.001
0.586	0.210	0.167	0.037
0.239	0.001	0.679	0.081
0.199	0.002	0.798	0.001
0.062	0.001	0.001	0.936
0.315	0.257	0.427	0.001
0.001	0.757	0.241	0.001
0.050	0.813	0.001	0.136
>TAGGCTTC	2-TAGGCTTC	9.054845	-14.105641	0	T:12.0(8.57%),B:35.0(1.43%),P:1e-6	Tpos:113.2,Tstd:56.9,Bpos:111.1,Bstd:76.9,StrandBias:-0.5,Multiplicity:1.00
0.001	0.001	0.001	0.997
0.997	0.001	0.001	0.001
0.001	0.001	0.997	0.001
0.001	0.001	0.997	0.001
0.165	0.833	0.001	0.001
0.001	0.001	0.001	0.997
0.001	0.001	0.001	0.997
0.001	0.806	0.001	0.192
>AACGCTCG	3-AACGCTCG	9.878595	-12.404817	0	T:5.0(3.57%),B:4.4(0.18%),P:1e-5	Tpos:108.9,Tstd:60.2,Bpos:162.3,Bstd:34.0,StrandBias:1.6,Multiplicity:1.60
0.997	0.001	0.001	0.001
0.997	0.001	0.001	0.001
0.001	0.997	0.001	0.001
0.001	0.001	0.997	0.001
0.001	0.997	0.001	0.001
0.001	0.304	0.001	0.694
0.001	0.997	0.001	0.001
0.001	0.001	0.997	0.001
>GTCCCTAT	4-GTCCCTAT	7.132355	-10.742683	0	T:16.0(11.43%),B:82.1(3.36%),P:1e-4	Tpos:124.7,Tstd:85.0,Bpos:129.2,Bstd:77.7,StrandBias:0.3,Multiplicity:1.12
0.102	0.001	0.891	0.006
0.001	0.001	0.001	0.997
0.001	0.997	0.001	0.001
0.001	0.890	0.108	0.001
0.149	0.849	0.001	0.001
0.001	0.001	0.001	0.997
0.640	0.358	0.001	0.001
0.001	0.001	0.339	0.659
>AGAGTCGT	5-AGAGTCGT	8.236954	-8.439599	0	T:4.0(2.86%),B:5.8(0.24%),P:1e-3	Tpos:128.8,Tstd:90.1,Bpos:178.4,Bstd:42.8,StrandBias:1.0,Multiplicity:1.50
0.700	0.100	0.100	0.100
0.100	0.100	0.700	0.100
0.700	0.100	0.100	0.100
0.100	0.100	0.700	0.100
0.100	0.100	0.100	0.700
0.100	0.700	0.100	0.100
0.100	0.100	0.700	0.100
0.100	0.100	0.100	0.700
