>CTGGTKRSKATT	1-CTGGTKRSKATT	9.646892	-39.797487	0	T:10.0(4.90%),B:1.7(0.07%),P:1e-17	Tpos:105.0,Tstd:61.0,Bpos:129.9,Bstd:8.9,StrandBias:3.2,Multiplicity:1.00
0.001	0.575	0.423	0.001
0.001	0.001	0.001	0.997
0.001	0.001	0.997	0.001
0.001	0.001	0.943	0.055
0.417	0.001	0.001	0.581
0.001	0.001	0.498	0.500
0.468	0.001	0.530	0.001
0.001	0.557	0.441	0.001
0.026	0.001	0.470	0.503
0.947	0.051	0.001	0.001
0.059	0.026	0.026	0.889
0.028	0.001	0.002	0.969
>GGTACCTGTTAA	2-GGTACCTGTTAA	7.606848	-36.259765	0	T:48.0(23.53%),B:139.1(5.95%),P:1e-15	Tpos:123.7,Tstd:55.6,Bpos:127.0,Bstd:74.7,StrandBias:-0.6,Multiplicity:1.13
0.158	0.053	0.736	0.053
0.132	0.130	0.554	0.184
0.158	0.079	0.078	0.685
0.895	0.001	0.026	0.078
0.001	0.791	0.104	0.104
0.130	0.739	0.026	0.105
0.158	0.105	0.053	0.684
0.001	0.001	0.895	0.103
0.079	0.132	0.026	0.763
0.132	0.105	0.001	0.762
0.738	0.026	0.131	0.105
0.761	0.105	0.027	0.107
>TTGTGAATGTHT	3-TTGTGAATGTHT	11.599985	-35.010048	0	T:9.0(4.41%),B:1.0(0.04%),P:1e-15	Tpos:129.7,Tstd:81.6,Bpos:44.5,Bstd:11.4,StrandBias:0.3,Multiplicity:1.00
0.001	0.001	0.001	0.997
0.001	0.001	0.001	0.997
0.001	0.299	0.699	0.001
0.001	0.001	0.001	0.997
0.001	0.001	0.997	0.001
0.909	0.001	0.001	0.089
0.993	0.001	0.001	0.005
0.001	0.001	0.001	0.997
0.294	0.001	0.598	0.107
0.001	0.001	0.001	0.997
0.294	0.294	0.084	0.328
0.299	0.001	0.001	0.699
>CGTHTGTTTACT	4-CGTHTGTTTACT	8.535452	-34.770135	0	T:33.0(16.18%),B:66.5(2.84%),P:1e-15	Tpos:123.2,Tstd:79.9,Bpos:124.0,Bstd:80.7,StrandBias:0.3,Multiplicity:1.07
0.049	0.649	0.204	0.098
0.054	0.098	0.548	0.300
0.147	0.196	0.001	0.656
0.392	0.247	0.001	0.359
0.097	0.001	0.001	0.901
0.201	0.001	0.550	0.248
0.001	0.001	0.048	0.950
0.001	0.001	0.001	0.997
0.001	0.049	0.049	0.901
0.852	0.049	0.001	0.098
0.051	0.747	0.201	0.001
0.152	0.001	0.049	0.798
>TGTAACCGCAAT	5-TGTAACCGCAAT	11.354606	-26.772747	0	T:13.0(6.37%),B:9.7(0.41%),P:1e-11	Tpos:103.9,Tstd:41.6,Bpos:168.6,Bstd:33.1,StrandBias:-0.2,Multiplicity:1.00
0.087	0.001	0.263	0.649
0.175	0.263	0.462	0.099
0.174	0.001	0.001	0.824
0.900	0.001	0.098	0.001
0.997	0.001	0.001	0.001
0.001	0.997	0.001	0.001
0.001	0.997	0.001	0.001
0.087	0.001	0.911	0.001
0.001	0.911	0.087	0.001
0.911	0.087	0.001	0.001
0.911	0.087	0.001	0.001
0.351	0.001	0.087	0.561
>TMAATAACTCAT	6-TMAATAACTCAT	12.404644	-25.353883	0	T:11.0(5.39%),B:6.7(0.29%),P:1e-11	Tpos:127.6,Tstd:52.3,Bpos:126.9,Bstd:63.0,StrandBias:-1.4,Multiplicity:1.00
0.013	0.001	0.001	0.985
0.568	0.430	0.001	0.001
0.997	0.001	0.001	0.001
0.997	0.001	0.001	0.001
0.001	0.001	0.001	0.997
0.629	0.001	0.001	0.369
0.629	0.001	0.185	0.185
0.001	0.597	0.185	0.217
0.001	0.001	0.001	0.997
0.184	0.814	0.001	0.001
0.997	0.001	0.001	0.001
0.001	0.001	0.001	0.997
>TCCCCAACMACA	7-TCCCCAACMACA	11.465204	-25.272488	0	T:9.0(4.41%),B:3.3(0.14%),P:1e-10	Tpos:159.0,Tstd:39.3,Bpos:121.0,Bstd:69.4,StrandBias:-0.3,Multiplicity:1.00
0.001	0.189	0.189	0.621
0.001	0.995	0.003	0.001
0.184	0.814	0.001	0.001
0.190	0.613	0.189	0.008
0.001	0.997	0.001	0.001
0.805	0.190	0.001	0.004
0.997	0.001	0.001	0.001
0.052	0.946	0.001	0.001
0.374	0.440	0.001	0.185
0.761	0.053	0.001	0.185
0.001	0.997	0.001	0.001
0.997	0.001	0.001	0.001
>CMWGCTKKCAAG	8-CMWGCTKKCAAG	8.979801	-24.095950	0	T:17.0(8.33%),B:23.9(1.02%),P:1e-10	Tpos:138.1,Tstd:67.4,Bpos:123.1,Bstd:68.8,StrandBias:0.1,Multiplicity:1.12
0.217	0.778	0.004	0.001
0.431	0.421	0.147	0.001
0.431	0.069	0.001	0.499
0.001	0.216	0.782	0.001
0.290	0.708	0.001	0.001
0.207	0.001	0.001	0.791
0.001	0.001	0.563	0.435
0.001	0.001	0.504	0.494
0.152	0.640	0.139	0.069
0.930	0.068	0.001	0.001
0.643	0.001	0.001	0.355
0.139	0.222	0.570	0.069
>GAAATTCCCGCT	9-GAAATTCCCGCT	9.393213	-23.913466	0	T:14.0(6.86%),B:14.4(0.62%),P:1e-10	Tpos:108.1,Tstd:79.8,Bpos:124.0,Bstd:84.1,StrandBias:0.0,Multiplicity:1.14
0.096	0.001	0.807	0.096
0.807	0.096	0.096	0.001
0.903	0.001	0.001	0.095
0.997	0.001	0.001	0.001
0.192	0.001	0.096	0.711
0.001	0.096	0.096	0.807
0.001	0.903	0.001	0.095
0.001	0.711	0.192	0.096
0.012	0.986	0.001	0.001
0.001	0.287	0.711	0.001
0.001	0.903	0.095	0.001
0.109	0.096	0.001	0.794
>GTAYMAWTCATG	10-GTAYMAWTCATG	10.649718	-21.692813	0	T:8.0(3.92%),B:4.0(0.17%),P:1e-9	Tpos:112.2,Tstd:60.1,Bpos:87.8,Bstd:42.3,StrandBias:2.8,Multiplicity:1.00
0.001	0.001	0.595	0.403
0.001	0.001	0.001	0.997
0.590	0.001	0.211	0.198
0.001	0.480	0.109	0.410
0.410	0.493	0.001	0.096
0.997	0.001	0.001	0.001
0.486	0.001	0.001	0.512
0.390	0.001	0.001	0.608
0.001	0.997	0.001	0.001
0.903	0.001	0.095	0.001
0.384	0.001	0.001	0.614
0.095	0.001	0.903	0.001
>ATCTATCACGTG	11-ATCTATCACGTG	11.923905	-21.362120	0	T:6.0(2.94%),B:0.0(0.00%),P:1e-9	Tpos:179.9,Tstd:52.0,Bpos:0.0,Bstd:0.0,StrandBias:1.3,Multiplicity:1.17
0.772	0.001	0.226	0.001
0.226	0.001	0.001	0.772
0.001	0.736	0.018	0.245
0.001	0.226	0.001	0.772
0.997	0.001	0.001	0.001
0.001	0.001	0.001	0.997
0.001	0.997	0.001	0.001
0.981	0.001	0.017	0.001
0.001	0.981	0.001	0.017
0.227	0.227	0.545	0.001
0.001	0.001	0.226	0.772
0.226	0.001	0.772	0.001
>AAATTACCAAAA	12-AAATTACCAAAA	13.068300	-21.362120	0	T:6.0(2.94%),B:0.7(0.03%),P:1e-9	Tpos:115.7,Tstd:94.4,Bpos:227.0,Bstd:0.0,StrandBias:-1.0,Multiplicity:1.00
0.997	0.001	0.001	0.001
0.997	0.001	0.001	0.001
0.997	0.001	0.001	0.001
0.001	0.001	0.001	0.997
0.001	0.001	0.286	0.712
0.770	0.001	0.057	0.172
0.001	0.997	0.001	0.001
0.056	0.942	0.001	0.001
0.942	0.001	0.001	0.056
0.997	0.001	0.001	0.001
0.997	0.001	0.001	0.001
0.997	0.001	0.001	0.001
>CMGCCAATCAGA	13-CMGCCAATCAGA	8.593559	-21.189228	0	T:37.0(18.14%),B:135.9(5.81%),P:1e-9	Tpos:128.2,Tstd:36.0,Bpos:123.4,Bstd:47.3,StrandBias:-0.1,Multiplicity:1.14
0.001	0.873	0.001	0.125
0.476	0.371	0.093	0.060
0.217	0.001	0.723	0.059
0.059	0.939	0.001	0.001
0.001	0.939	0.059	0.001
0.997	0.001	0.001	0.001
0.997	0.001	0.001	0.001
0.119	0.001	0.001	0.879
0.060	0.820	0.060	0.060
0.939	0.059	0.001	0.001
0.060	0.035	0.845	0.060
0.700	0.120	0.120	0.060
>TCTTAGTACTTG	14-TCTTAGTACTTG	10.265325	-20.999969	0	T:7.0(3.43%),B:2.2(0.10%),P:1e-9	Tpos:165.7,Tstd:44.5,Bpos:153.4,Bstd:29.9,StrandBias:0.8,Multiplicity:1.57
0.040	0.185	0.185	0.590
0.001	0.814	0.184	0.001
0.185	0.185	0.001	0.629
0.001	0.184	0.001	0.814
0.997	0.001	0.001	0.001
0.001	0.001	0.982	0.016
0.184	0.001	0.001	0.814
0.814	0.184	0.001	0.001
0.001	0.814	0.184	0.001
0.001	0.184	0.001	0.814
0.001	0.001	0.001	0.997
0.001	0.001	0.997	0.001
>AGTGATGTAATA	15-AGTGATGTAATA	11.017153	-18.235259	0	T:7.0(3.43%),B:3.4(0.15%),P:1e-7	Tpos:135.9,Tstd:77.8,Bpos:116.1,Bstd:54.4,StrandBias:1.3,Multiplicity:1.00
0.687	0.001	0.311	0.001
0.311	0.001	0.687	0.001
0.156	0.001	0.062	0.781
0.001	0.001	0.997	0.001
0.945	0.027	0.001	0.027
0.001	0.001	0.009	0.989
0.001	0.026	0.791	0.182
0.156	0.156	0.001	0.687
0.997	0.001	0.001	0.001
0.687	0.001	0.156	0.156
0.001	0.001	0.001	0.997
0.628	0.156	0.156	0.060
>AGAAAAACAGGT	16-AGAAAAACAGGT	9.943264	-17.710824	0	T:16.0(7.84%),B:31.6(1.35%),P:1e-7	Tpos:136.1,Tstd:78.5,Bpos:155.0,Bstd:64.9,StrandBias:1.4,Multiplicity:1.12
0.997	0.001	0.001	0.001
0.088	0.263	0.561	0.088
0.997	0.001	0.001	0.001
0.825	0.087	0.001	0.087
0.825	0.087	0.001	0.087
0.729	0.088	0.088	0.095
0.997	0.001	0.001	0.001
0.001	0.911	0.001	0.087
0.911	0.087	0.001	0.001
0.182	0.001	0.730	0.087
0.175	0.001	0.730	0.094
0.007	0.175	0.001	0.817
>AAAATCGTATAA	17-AAAATCGTATAA	10.409522	-17.275670	0	T:6.0(2.94%),B:2.4(0.10%),P:1e-7	Tpos:147.5,Tstd:80.1,Bpos:162.8,Bstd:42.5,StrandBias:2.3,Multiplicity:1.00
0.700	0.100	0.100	0.100
0.700	0.100	0.100	0.100
0.700	0.100	0.100	0.100
0.700	0.100	0.100	0.100
0.100	0.100	0.100	0.700
0.100	0.700	0.100	0.100
0.100	0.100	0.700	0.100
0.100	0.100	0.100	0.700
0.700	0.100	0.100	0.100
0.100	0.100	0.100	0.700
0.700	0.100	0.100	0.100
0.700	0.100	0.100	0.100
>GAGACTAARAAY	18-GAGACTAARAAY	9.651279	-17.275670	0	T:6.0(2.94%),B:2.7(0.12%),P:1e-7	Tpos:102.9,Tstd:65.3,Bpos:159.9,Bstd:56.9,StrandBias:1.0,Multiplicity:1.50
0.001	0.001	0.997	0.001
0.742	0.256	0.001	0.001
0.001	0.001	0.997	0.001
0.785	0.001	0.213	0.001
0.001	0.997	0.001	0.001
0.001	0.001	0.001	0.997
0.997	0.001	0.001	0.001
0.997	0.001	0.001	0.001
0.427	0.001	0.571	0.001
0.743	0.021	0.235	0.001
0.763	0.001	0.001	0.235
0.001	0.485	0.001	0.513
>TCCCATCATGCC	19-TCCCATCATGCC	10.409522	-17.104510	0	T:5.0(2.45%),B:0.6(0.03%),P:1e-7	Tpos:149.0,Tstd:52.3,Bpos:118.0,Bstd:0.0,StrandBias:0.0,Multiplicity:1.00
0.100	0.100	0.100	0.700
0.100	0.700	0.100	0.100
0.100	0.700	0.100	0.100
0.100	0.700	0.100	0.100
0.700	0.100	0.100	0.100
0.100	0.100	0.100	0.700
0.100	0.700	0.100	0.100
0.700	0.100	0.100	0.100
0.100	0.100	0.100	0.700
0.100	0.100	0.700	0.100
0.100	0.700	0.100	0.100
0.100	0.700	0.100	0.100
>AATAATAGCACA	20-AATAATAGCACA	10.544451	-16.877958	0	T:12.0(5.88%),B:17.0(0.73%),P:1e-7	Tpos:142.3,Tstd:64.6,Bpos:148.5,Bstd:63.1,StrandBias:2.3,Multiplicity:1.09
0.880	0.001	0.001	0.118
0.871	0.009	0.001	0.119
0.119	0.119	0.001	0.761
0.880	0.118	0.001	0.001
0.870	0.001	0.001	0.128
0.001	0.238	0.119	0.642
0.997	0.001	0.001	0.001
0.238	0.009	0.752	0.001
0.001	0.997	0.001	0.001
0.880	0.001	0.118	0.001
0.128	0.752	0.001	0.119
0.761	0.119	0.001	0.119
>AAGAAAATAAGG	21-AAGAAAATAAGG	10.515032	-14.385116	0	T:10.0(4.90%),B:14.0(0.60%),P:1e-6	Tpos:177.6,Tstd:42.2,Bpos:140.8,Bstd:75.3,StrandBias:0.8,Multiplicity:1.10
0.911	0.001	0.087	0.001
0.825	0.087	0.087	0.001
0.009	0.088	0.894	0.009
0.825	0.087	0.087	0.001
0.815	0.001	0.001	0.183
0.911	0.001	0.001	0.087
0.911	0.001	0.087	0.001
0.088	0.175	0.175	0.562
0.997	0.001	0.001	0.001
0.825	0.001	0.087	0.087
0.001	0.087	0.911	0.001
0.088	0.175	0.649	0.088
>ACACACCACAAG	22-ACACACCACAAG	10.955932	-13.349250	0	T:8.0(3.92%),B:9.5(0.40%),P:1e-5	Tpos:157.6,Tstd:42.5,Bpos:121.8,Bstd:57.9,StrandBias:-2.8,Multiplicity:1.00
0.787	0.106	0.001	0.106
0.105	0.893	0.001	0.001
0.893	0.105	0.001	0.001
0.115	0.883	0.001	0.001
0.787	0.106	0.106	0.001
0.001	0.893	0.105	0.001
0.212	0.786	0.001	0.001
0.893	0.001	0.001	0.105
0.001	0.893	0.105	0.001
0.786	0.212	0.001	0.001
0.976	0.022	0.001	0.001
0.106	0.106	0.575	0.213
>CGATATAACAAC	23-CGATATAACAAC	11.904373	-13.033390	0	T:4.0(1.96%),B:0.8(0.03%),P:1e-5	Tpos:89.7,Tstd:68.4,Bpos:68.0,Bstd:0.0,StrandBias:2.3,Multiplicity:1.50
0.001	0.814	0.001	0.184
0.185	0.001	0.629	0.185
0.997	0.001	0.001	0.001
0.184	0.001	0.001	0.814
0.997	0.001	0.001	0.001
0.024	0.001	0.001	0.974
0.814	0.001	0.001	0.184
0.997	0.001	0.001	0.001
0.001	0.629	0.185	0.185
0.629	0.185	0.185	0.001
0.789	0.209	0.001	0.001
0.001	0.997	0.001	0.001
>ACCCACAAATGT	24-ACCCACAAATGT	13.477455	-9.188925	0	T:3.0(1.47%),B:0.7(0.03%),P:1e-3	Tpos:144.0,Tstd:63.3,Bpos:208.0,Bstd:0.0,StrandBias:0.6,Multiplicity:3.33
0.813	0.001	0.185	0.001
0.155	0.843	0.001	0.001
0.155	0.843	0.001	0.001
0.001	0.843	0.001	0.155
0.984	0.014	0.001	0.001
0.001	0.997	0.001	0.001
0.997	0.001	0.001	0.001
0.843	0.155	0.001	0.001
0.687	0.001	0.156	0.156
0.001	0.001	0.001	0.997
0.001	0.155	0.843	0.001
0.001	0.001	0.001	0.997
>CGCGGGTGGTTT	25-CGCGGGTGGTTT	10.409522	-7.173546	0	T:3.0(1.47%),B:2.9(0.12%),P:1e-3	Tpos:163.4,Tstd:44.3,Bpos:114.0,Bstd:22.3,StrandBias:2.0,Multiplicity:1.67
0.100	0.700	0.100	0.100
0.100	0.100	0.700	0.100
0.100	0.700	0.100	0.100
0.100	0.100	0.700	0.100
0.100	0.100	0.700	0.100
0.100	0.100	0.700	0.100
0.100	0.100	0.100	0.700
0.100	0.100	0.700	0.100
0.100	0.100	0.700	0.100
0.100	0.100	0.100	0.700
0.100	0.100	0.100	0.700
0.100	0.100	0.100	0.700
