>GGTACCTGTT	1-GGTACCTGTT	8.326023	-34.584923	0	T:32.0(15.69%),B:62.7(2.68%),P:1e-15	Tpos:127.6,Tstd:51.4,Bpos:138.6,Bstd:59.7,StrandBias:0.7,Multiplicity:1.12
0.001	0.001	0.997	0.001
0.001	0.290	0.708	0.001
0.185	0.001	0.001	0.813
0.899	0.001	0.001	0.099
0.001	0.868	0.001	0.130
0.001	0.997	0.001	0.001
0.345	0.101	0.050	0.504
0.031	0.001	0.666	0.302
0.050	0.217	0.001	0.732
0.279	0.001	0.001	0.719
>CAGATCCTCA	2-CAGATCCTCA	10.935735	-28.846713	0	T:9.0(4.41%),B:2.5(0.11%),P:1e-12	Tpos:103.4,Tstd:59.9,Bpos:119.1,Bstd:12.5,StrandBias:-0.3,Multiplicity:1.00
0.001	0.874	0.124	0.001
0.997	0.001	0.001	0.001
0.001	0.001	0.874	0.124
0.874	0.124	0.001	0.001
0.001	0.001	0.001	0.997
0.125	0.749	0.125	0.001
0.001	0.874	0.001	0.124
0.001	0.001	0.001	0.997
0.001	0.874	0.001	0.124
0.997	0.001	0.001	0.001
>ATGTGTTTAG	3-ATGTGTTTAG	10.496085	-27.062171	0	T:14.0(6.86%),B:11.8(0.50%),P:1e-11	Tpos:140.2,Tstd:68.7,Bpos:154.6,Bstd:55.6,StrandBias:0.0,Multiplicity:1.00
0.997	0.001	0.001	0.001
0.001	0.001	0.086	0.912
0.001	0.087	0.825	0.087
0.001	0.001	0.001	0.997
0.001	0.087	0.825	0.087
0.001	0.001	0.086	0.912
0.086	0.001	0.001	0.912
0.001	0.001	0.001	0.997
0.912	0.001	0.086	0.001
0.151	0.001	0.784	0.064
>GCGCGAGTGG	4-GCGCGAGTGG	10.535608	-26.160607	0	T:10.0(4.90%),B:4.1(0.18%),P:1e-11	Tpos:112.4,Tstd:54.9,Bpos:107.6,Bstd:62.9,StrandBias:0.3,Multiplicity:1.10
0.001	0.092	0.906	0.001
0.001	0.906	0.092	0.001
0.092	0.001	0.906	0.001
0.001	0.997	0.001	0.001
0.001	0.001	0.997	0.001
0.653	0.001	0.345	0.001
0.093	0.001	0.813	0.093
0.092	0.001	0.001	0.906
0.001	0.001	0.997	0.001
0.001	0.001	0.997	0.001
>CGTCTGACGT	5-CGTCTGACGT	10.913064	-25.778392	0	T:7.0(3.43%),B:1.5(0.06%),P:1e-11	Tpos:124.1,Tstd:24.2,Bpos:100.1,Bstd:12.4,StrandBias:0.7,Multiplicity:1.00
0.001	0.997	0.001	0.001
0.001	0.001	0.997	0.001
0.125	0.125	0.001	0.749
0.124	0.874	0.001	0.001
0.124	0.001	0.001	0.874
0.001	0.001	0.997	0.001
0.997	0.001	0.001	0.001
0.125	0.749	0.001	0.125
0.124	0.001	0.874	0.001
0.001	0.001	0.001	0.997
>TAGGTTGTGG	6-TAGGTTGTGG	11.021651	-25.272488	0	T:9.0(4.41%),B:3.7(0.16%),P:1e-10	Tpos:109.9,Tstd:50.1,Bpos:131.6,Bstd:71.6,StrandBias:-0.3,Multiplicity:1.00
0.001	0.142	0.001	0.856
0.571	0.143	0.143	0.143
0.142	0.001	0.856	0.001
0.001	0.001	0.997	0.001
0.001	0.001	0.001	0.997
0.001	0.001	0.001	0.997
0.001	0.001	0.997	0.001
0.001	0.001	0.001	0.997
0.001	0.001	0.997	0.001
0.001	0.142	0.856	0.001
>GCGGGATTTT	7-GCGGGATTTT	8.341559	-25.024250	0	T:18.0(8.82%),B:25.7(1.10%),P:1e-10	Tpos:129.7,Tstd:87.2,Bpos:140.1,Bstd:82.6,StrandBias:-1.4,Multiplicity:1.06
0.001	0.001	0.997	0.001
0.001	0.902	0.096	0.001
0.001	0.001	0.902	0.096
0.057	0.001	0.845	0.097
0.096	0.001	0.902	0.001
0.997	0.001	0.001	0.001
0.359	0.001	0.001	0.639
0.001	0.001	0.001	0.997
0.096	0.001	0.001	0.902
0.001	0.001	0.001	0.997
>TAGCTGGTGG	8-TAGCTGGTGG	7.561336	-24.992089	0	T:32.0(15.69%),B:89.7(3.83%),P:1e-10	Tpos:121.9,Tstd:48.9,Bpos:128.6,Bstd:71.0,StrandBias:0.4,Multiplicity:1.00
0.059	0.098	0.088	0.755
0.824	0.059	0.055	0.062
0.175	0.088	0.708	0.029
0.058	0.912	0.029	0.001
0.076	0.088	0.043	0.793
0.029	0.060	0.755	0.156
0.029	0.060	0.863	0.048
0.029	0.117	0.029	0.825
0.001	0.117	0.806	0.076
0.029	0.139	0.773	0.059
>CGGKCTCAGC	9-CGGKCTCAGC	11.084253	-24.862153	0	T:8.0(3.92%),B:2.1(0.09%),P:1e-10	Tpos:156.5,Tstd:58.2,Bpos:116.8,Bstd:69.9,StrandBias:0.7,Multiplicity:1.00
0.158	0.840	0.001	0.001
0.001	0.001	0.997	0.001
0.001	0.001	0.997	0.001
0.159	0.001	0.478	0.362
0.001	0.997	0.001	0.001
0.001	0.001	0.001	0.997
0.001	0.840	0.158	0.001
0.997	0.001	0.001	0.001
0.001	0.001	0.997	0.001
0.001	0.997	0.001	0.001
>ATATCGACCA	10-ATATCGACCA	11.316461	-24.862153	0	T:8.0(3.92%),B:2.2(0.10%),P:1e-10	Tpos:93.4,Tstd:77.6,Bpos:22.0,Bstd:9.5,StrandBias:1.6,Multiplicity:1.00
0.832	0.166	0.001	0.001
0.001	0.001	0.001	0.997
0.832	0.001	0.166	0.001
0.001	0.001	0.001	0.997
0.001	0.832	0.001	0.166
0.001	0.166	0.832	0.001
0.997	0.001	0.001	0.001
0.001	0.832	0.166	0.001
0.001	0.997	0.001	0.001
0.997	0.001	0.001	0.001
>ACACTTGTGG	11-ACACTTGTGG	10.022290	-23.904347	0	T:12.0(5.88%),B:9.7(0.42%),P:1e-10	Tpos:147.3,Tstd:49.2,Bpos:110.5,Bstd:75.8,StrandBias:-0.5,Multiplicity:1.50
0.932	0.001	0.001	0.066
0.001	0.932	0.066	0.001
0.932	0.066	0.001	0.001
0.151	0.467	0.067	0.316
0.001	0.066	0.001	0.932
0.001	0.001	0.066	0.932
0.001	0.001	0.997	0.001
0.001	0.001	0.001	0.997
0.066	0.001	0.932	0.001
0.001	0.001	0.997	0.001
>TTTGGACATT	12-TTTGGACATT	10.624800	-23.733787	0	T:11.0(5.39%),B:7.8(0.33%),P:1e-10	Tpos:126.6,Tstd:75.6,Bpos:166.4,Bstd:74.8,StrandBias:0.8,Multiplicity:1.00
0.001	0.001	0.094	0.904
0.094	0.001	0.001	0.904
0.094	0.001	0.001	0.904
0.095	0.001	0.834	0.070
0.001	0.001	0.904	0.094
0.834	0.070	0.001	0.095
0.001	0.997	0.001	0.001
0.904	0.001	0.001	0.094
0.001	0.001	0.001	0.997
0.094	0.001	0.001	0.904
>AGGCACAGCG	13-AGGCACAGCG	11.060955	-22.758280	0	T:9.0(4.41%),B:4.6(0.20%),P:1e-9	Tpos:113.6,Tstd:46.2,Bpos:178.8,Bstd:32.8,StrandBias:-0.3,Multiplicity:1.00
0.997	0.001	0.001	0.001
0.143	0.001	0.713	0.143
0.001	0.001	0.997	0.001
0.001	0.997	0.001	0.001
0.997	0.001	0.001	0.001
0.001	0.856	0.142	0.001
0.997	0.001	0.001	0.001
0.001	0.001	0.856	0.142
0.143	0.713	0.001	0.143
0.001	0.001	0.997	0.001
>TTGCGGTTAC	14-TTGCGGTTAC	10.367212	-22.515168	0	T:16.0(7.84%),B:22.8(0.97%),P:1e-9	Tpos:115.5,Tstd:42.9,Bpos:140.4,Bstd:51.8,StrandBias:0.0,Multiplicity:1.00
0.001	0.098	0.098	0.803
0.001	0.001	0.097	0.901
0.001	0.001	0.997	0.001
0.001	0.997	0.001	0.001
0.001	0.001	0.997	0.001
0.001	0.001	0.997	0.001
0.097	0.001	0.001	0.901
0.001	0.097	0.001	0.901
0.901	0.001	0.001	0.097
0.207	0.662	0.058	0.073
>GGTCSGTACA	15-GGTCSGTACA	10.801558	-20.999969	0	T:7.0(3.43%),B:3.0(0.13%),P:1e-9	Tpos:104.7,Tstd:64.2,Bpos:126.3,Bstd:30.4,StrandBias:1.3,Multiplicity:1.00
0.001	0.001	0.997	0.001
0.001	0.001	0.772	0.226
0.001	0.001	0.037	0.961
0.001	0.772	0.001	0.226
0.001	0.500	0.492	0.007
0.001	0.001	0.772	0.226
0.001	0.001	0.001	0.997
0.997	0.001	0.001	0.001
0.001	0.961	0.001	0.037
0.772	0.001	0.001	0.226
>GCCAATCAGA	16-GCCAATCAGA	9.705234	-20.902655	0	T:30.0(14.71%),B:93.7(4.01%),P:1e-9	Tpos:128.0,Tstd:33.2,Bpos:127.6,Bstd:49.8,StrandBias:0.2,Multiplicity:1.10
0.225	0.001	0.773	0.001
0.001	0.997	0.001	0.001
0.001	0.900	0.098	0.001
0.900	0.098	0.001	0.001
0.997	0.001	0.001	0.001
0.001	0.001	0.001	0.997
0.035	0.906	0.058	0.001
0.900	0.001	0.098	0.001
0.001	0.001	0.940	0.058
0.885	0.113	0.001	0.001
>CCTGAGCGCG	17-CCTGAGCGCG	10.745798	-20.824887	0	T:9.0(4.41%),B:5.6(0.24%),P:1e-9	Tpos:137.4,Tstd:69.5,Bpos:156.5,Bstd:24.2,StrandBias:0.0,Multiplicity:1.11
0.001	0.997	0.001	0.001
0.111	0.667	0.111	0.111
0.001	0.110	0.001	0.888
0.001	0.001	0.997	0.001
0.777	0.111	0.111	0.001
0.001	0.001	0.997	0.001
0.001	0.997	0.001	0.001
0.001	0.001	0.888	0.110
0.110	0.888	0.001	0.001
0.001	0.001	0.997	0.001
>GAGTTAAGTG	18-GAGTTAAGTG	10.935735	-19.530269	0	T:10.0(4.90%),B:8.7(0.37%),P:1e-8	Tpos:137.9,Tstd:73.5,Bpos:136.4,Bstd:67.6,StrandBias:1.2,Multiplicity:1.00
0.001	0.001	0.874	0.124
0.874	0.124	0.001	0.001
0.001	0.124	0.874	0.001
0.001	0.001	0.001	0.997
0.001	0.001	0.001	0.997
0.874	0.001	0.124	0.001
0.997	0.001	0.001	0.001
0.001	0.001	0.997	0.001
0.001	0.125	0.125	0.749
0.001	0.001	0.874	0.124
>TTGTTTATGA	19-TTGTTTATGA	10.922607	-17.754838	0	T:8.0(3.92%),B:5.6(0.24%),P:1e-7	Tpos:113.6,Tstd:62.6,Bpos:71.8,Bstd:52.3,StrandBias:1.0,Multiplicity:1.00
0.001	0.256	0.001	0.742
0.001	0.256	0.001	0.742
0.001	0.001	0.868	0.130
0.126	0.001	0.035	0.838
0.256	0.001	0.001	0.742
0.001	0.001	0.001	0.997
0.997	0.001	0.001	0.001
0.001	0.001	0.001	0.997
0.180	0.001	0.818	0.001
0.997	0.001	0.001	0.001
>AGAAAAACAG	20-AGAAAAACAG	9.761506	-15.954210	0	T:11.0(5.39%),B:15.2(0.65%),P:1e-6	Tpos:134.8,Tstd:86.5,Bpos:134.0,Bstd:62.3,StrandBias:0.7,Multiplicity:1.18
0.997	0.001	0.001	0.001
0.001	0.001	0.997	0.001
0.997	0.001	0.001	0.001
0.997	0.001	0.001	0.001
0.997	0.001	0.001	0.001
0.883	0.115	0.001	0.001
0.997	0.001	0.001	0.001
0.001	0.997	0.001	0.001
0.767	0.116	0.001	0.116
0.165	0.001	0.833	0.001
>CAAACAAAAC	21-CAAACAAAAC	11.896622	-14.915226	0	T:6.0(2.94%),B:3.3(0.14%),P:1e-6	Tpos:120.8,Tstd:72.1,Bpos:76.0,Bstd:65.4,StrandBias:0.0,Multiplicity:1.00
0.001	0.997	0.001	0.001
0.824	0.001	0.001	0.174
0.997	0.001	0.001	0.001
0.997	0.001	0.001	0.001
0.001	0.997	0.001	0.001
0.997	0.001	0.001	0.001
0.997	0.001	0.001	0.001
0.824	0.001	0.001	0.174
0.997	0.001	0.001	0.001
0.001	0.997	0.001	0.001
>ACCTGTGGCC	22-ACCTGTGGCC	10.511012	-14.177480	0	T:9.0(4.41%),B:11.4(0.49%),P:1e-6	Tpos:131.8,Tstd:49.1,Bpos:133.9,Bstd:32.7,StrandBias:0.5,Multiplicity:1.33
0.912	0.086	0.001	0.001
0.001	0.997	0.001	0.001
0.086	0.912	0.001	0.001
0.001	0.001	0.001	0.997
0.001	0.117	0.881	0.001
0.001	0.001	0.001	0.997
0.118	0.001	0.763	0.118
0.117	0.001	0.881	0.001
0.001	0.763	0.118	0.118
0.001	0.997	0.001	0.001
>CTTGCAAGCG	23-CTTGCAAGCG	9.996181	-13.469040	0	T:9.0(4.41%),B:12.9(0.55%),P:1e-5	Tpos:135.5,Tstd:83.7,Bpos:121.6,Bstd:66.9,StrandBias:-0.2,Multiplicity:1.11
0.001	0.997	0.001	0.001
0.001	0.001	0.001	0.997
0.001	0.001	0.001	0.997
0.001	0.001	0.997	0.001
0.092	0.906	0.001	0.001
0.906	0.001	0.092	0.001
0.813	0.093	0.093	0.001
0.001	0.001	0.997	0.001
0.092	0.906	0.001	0.001
0.093	0.001	0.560	0.346
>TCAAGTACTA	24-TCAAGTACTA	11.764429	-9.188925	0	T:3.0(1.47%),B:1.8(0.08%),P:1e-3	Tpos:168.0,Tstd:49.3,Bpos:76.2,Bstd:7.7,StrandBias:-10.0,Multiplicity:2.33
0.001	0.001	0.001	0.997
0.001	0.997	0.001	0.001
0.997	0.001	0.001	0.001
0.997	0.001	0.001	0.001
0.001	0.001	0.997	0.001
0.126	0.001	0.001	0.872
0.997	0.001	0.001	0.001
0.001	0.997	0.001	0.001
0.001	0.001	0.001	0.997
0.997	0.001	0.001	0.001
>ACCAGTTTAA	25-ACCAGTTTAA	11.834624	-8.498066	0	T:5.0(2.45%),B:6.9(0.30%),P:1e-3	Tpos:97.9,Tstd:40.1,Bpos:131.7,Bstd:76.4,StrandBias:-0.4,Multiplicity:1.40
0.997	0.001	0.001	0.001
0.001	0.997	0.001	0.001
0.001	0.837	0.161	0.001
0.997	0.001	0.001	0.001
0.001	0.001	0.997	0.001
0.161	0.001	0.001	0.837
0.001	0.001	0.001	0.997
0.001	0.001	0.001	0.997
0.997	0.001	0.001	0.001
0.997	0.001	0.001	0.001
>CTGGTKRSKATT	1-CTGGTKRSKATT	9.646892	-39.797487	0	T:10.0(4.90%),B:1.7(0.07%),P:1e-17	Tpos:105.0,Tstd:61.0,Bpos:129.9,Bstd:8.9,StrandBias:3.2,Multiplicity:1.00
0.001	0.575	0.423	0.001
0.001	0.001	0.001	0.997
0.001	0.001	0.997	0.001
0.001	0.001	0.943	0.055
0.417	0.001	0.001	0.581
0.001	0.001	0.498	0.500
0.468	0.001	0.530	0.001
0.001	0.557	0.441	0.001
0.026	0.001	0.470	0.503
0.947	0.051	0.001	0.001
0.059	0.026	0.026	0.889
0.028	0.001	0.002	0.969
>GGTACCTGTTAA	2-GGTACCTGTTAA	7.606848	-36.259765	0	T:48.0(23.53%),B:139.1(5.95%),P:1e-15	Tpos:123.7,Tstd:55.6,Bpos:127.0,Bstd:74.7,StrandBias:-0.6,Multiplicity:1.13
0.158	0.053	0.736	0.053
0.132	0.130	0.554	0.184
0.158	0.079	0.078	0.685
0.895	0.001	0.026	0.078
0.001	0.791	0.104	0.104
0.130	0.739	0.026	0.105
0.158	0.105	0.053	0.684
0.001	0.001	0.895	0.103
0.079	0.132	0.026	0.763
0.132	0.105	0.001	0.762
0.738	0.026	0.131	0.105
0.761	0.105	0.027	0.107
>TTGTGAATGTHT	3-TTGTGAATGTHT	11.599985	-35.010048	0	T:9.0(4.41%),B:1.0(0.04%),P:1e-15	Tpos:129.7,Tstd:81.6,Bpos:44.5,Bstd:11.4,StrandBias:0.3,Multiplicity:1.00
0.001	0.001	0.001	0.997
0.001	0.001	0.001	0.997
0.001	0.299	0.699	0.001
0.001	0.001	0.001	0.997
0.001	0.001	0.997	0.001
0.909	0.001	0.001	0.089
0.993	0.001	0.001	0.005
0.001	0.001	0.001	0.997
0.294	0.001	0.598	0.107
0.001	0.001	0.001	0.997
0.294	0.294	0.084	0.328
0.299	0.001	0.001	0.699
>CGTHTGTTTACT	4-CGTHTGTTTACT	8.535452	-34.770135	0	T:33.0(16.18%),B:66.5(2.84%),P:1e-15	Tpos:123.2,Tstd:79.9,Bpos:124.0,Bstd:80.7,StrandBias:0.3,Multiplicity:1.07
0.049	0.649	0.204	0.098
0.054	0.098	0.548	0.300
0.147	0.196	0.001	0.656
0.392	0.247	0.001	0.359
0.097	0.001	0.001	0.901
0.201	0.001	0.550	0.248
0.001	0.001	0.048	0.950
0.001	0.001	0.001	0.997
0.001	0.049	0.049	0.901
0.852	0.049	0.001	0.098
0.051	0.747	0.201	0.001
0.152	0.001	0.049	0.798
>TGTAACCGCAAT	5-TGTAACCGCAAT	11.354606	-26.772747	0	T:13.0(6.37%),B:9.7(0.41%),P:1e-11	Tpos:103.9,Tstd:41.6,Bpos:168.6,Bstd:33.1,StrandBias:-0.2,Multiplicity:1.00
0.087	0.001	0.263	0.649
0.175	0.263	0.462	0.099
0.174	0.001	0.001	0.824
0.900	0.001	0.098	0.001
0.997	0.001	0.001	0.001
0.001	0.997	0.001	0.001
0.001	0.997	0.001	0.001
0.087	0.001	0.911	0.001
0.001	0.911	0.087	0.001
0.911	0.087	0.001	0.001
0.911	0.087	0.001	0.001
0.351	0.001	0.087	0.561
>TMAATAACTCAT	6-TMAATAACTCAT	12.404644	-25.353883	0	T:11.0(5.39%),B:6.7(0.29%),P:1e-11	Tpos:127.6,Tstd:52.3,Bpos:126.9,Bstd:63.0,StrandBias:-1.4,Multiplicity:1.00
0.013	0.001	0.001	0.985
0.568	0.430	0.001	0.001
0.997	0.001	0.001	0.001
0.997	0.001	0.001	0.001
0.001	0.001	0.001	0.997
0.629	0.001	0.001	0.369
0.629	0.001	0.185	0.185
0.001	0.597	0.185	0.217
0.001	0.001	0.001	0.997
0.184	0.814	0.001	0.001
0.997	0.001	0.001	0.001
0.001	0.001	0.001	0.997
>TCCCCAACMACA	7-TCCCCAACMACA	11.465204	-25.272488	0	T:9.0(4.41%),B:3.3(0.14%),P:1e-10	Tpos:159.0,Tstd:39.3,Bpos:121.0,Bstd:69.4,StrandBias:-0.3,Multiplicity:1.00
0.001	0.189	0.189	0.621
0.001	0.995	0.003	0.001
0.184	0.814	0.001	0.001
0.190	0.613	0.189	0.008
0.001	0.997	0.001	0.001
0.805	0.190	0.001	0.004
0.997	0.001	0.001	0.001
0.052	0.946	0.001	0.001
0.374	0.440	0.001	0.185
0.761	0.053	0.001	0.185
0.001	0.997	0.001	0.001
0.997	0.001	0.001	0.001
>CMWGCTKKCAAG	8-CMWGCTKKCAAG	8.979801	-24.095950	0	T:17.0(8.33%),B:23.9(1.02%),P:1e-10	Tpos:138.1,Tstd:67.4,Bpos:123.1,Bstd:68.8,StrandBias:0.1,Multiplicity:1.12
0.217	0.778	0.004	0.001
0.431	0.421	0.147	0.001
0.431	0.069	0.001	0.499
0.001	0.216	0.782	0.001
0.290	0.708	0.001	0.001
0.207	0.001	0.001	0.791
0.001	0.001	0.563	0.435
0.001	0.001	0.504	0.494
0.152	0.640	0.139	0.069
0.930	0.068	0.001	0.001
0.643	0.001	0.001	0.355
0.139	0.222	0.570	0.069
>GAAATTCCCGCT	9-GAAATTCCCGCT	9.393213	-23.913466	0	T:14.0(6.86%),B:14.4(0.62%),P:1e-10	Tpos:108.1,Tstd:79.8,Bpos:124.0,Bstd:84.1,StrandBias:0.0,Multiplicity:1.14
0.096	0.001	0.807	0.096
0.807	0.096	0.096	0.001
0.903	0.001	0.001	0.095
0.997	0.001	0.001	0.001
0.192	0.001	0.096	0.711
0.001	0.096	0.096	0.807
0.001	0.903	0.001	0.095
0.001	0.711	0.192	0.096
0.012	0.986	0.001	0.001
0.001	0.287	0.711	0.001
0.001	0.903	0.095	0.001
0.109	0.096	0.001	0.794
>GTAYMAWTCATG	10-GTAYMAWTCATG	10.649718	-21.692813	0	T:8.0(3.92%),B:4.0(0.17%),P:1e-9	Tpos:112.2,Tstd:60.1,Bpos:87.8,Bstd:42.3,StrandBias:2.8,Multiplicity:1.00
0.001	0.001	0.595	0.403
0.001	0.001	0.001	0.997
0.590	0.001	0.211	0.198
0.001	0.480	0.109	0.410
0.410	0.493	0.001	0.096
0.997	0.001	0.001	0.001
0.486	0.001	0.001	0.512
0.390	0.001	0.001	0.608
0.001	0.997	0.001	0.001
0.903	0.001	0.095	0.001
0.384	0.001	0.001	0.614
0.095	0.001	0.903	0.001
>ATCTATCACGTG	11-ATCTATCACGTG	11.923905	-21.362120	0	T:6.0(2.94%),B:0.0(0.00%),P:1e-9	Tpos:179.9,Tstd:52.0,Bpos:0.0,Bstd:0.0,StrandBias:1.3,Multiplicity:1.17
0.772	0.001	0.226	0.001
0.226	0.001	0.001	0.772
0.001	0.736	0.018	0.245
0.001	0.226	0.001	0.772
0.997	0.001	0.001	0.001
0.001	0.001	0.001	0.997
0.001	0.997	0.001	0.001
0.981	0.001	0.017	0.001
0.001	0.981	0.001	0.017
0.227	0.227	0.545	0.001
0.001	0.001	0.226	0.772
0.226	0.001	0.772	0.001
>AAATTACCAAAA	12-AAATTACCAAAA	13.068300	-21.362120	0	T:6.0(2.94%),B:0.7(0.03%),P:1e-9	Tpos:115.7,Tstd:94.4,Bpos:227.0,Bstd:0.0,StrandBias:-1.0,Multiplicity:1.00
0.997	0.001	0.001	0.001
0.997	0.001	0.001	0.001
0.997	0.001	0.001	0.001
0.001	0.001	0.001	0.997
0.001	0.001	0.286	0.712
0.770	0.001	0.057	0.172
0.001	0.997	0.001	0.001
0.056	0.942	0.001	0.001
0.942	0.001	0.001	0.056
0.997	0.001	0.001	0.001
0.997	0.001	0.001	0.001
0.997	0.001	0.001	0.001
>CMGCCAATCAGA	13-CMGCCAATCAGA	8.593559	-21.189228	0	T:37.0(18.14%),B:135.9(5.81%),P:1e-9	Tpos:128.2,Tstd:36.0,Bpos:123.4,Bstd:47.3,StrandBias:-0.1,Multiplicity:1.14
0.001	0.873	0.001	0.125
0.476	0.371	0.093	0.060
0.217	0.001	0.723	0.059
0.059	0.939	0.001	0.001
0.001	0.939	0.059	0.001
0.997	0.001	0.001	0.001
0.997	0.001	0.001	0.001
0.119	0.001	0.001	0.879
0.060	0.820	0.060	0.060
0.939	0.059	0.001	0.001
0.060	0.035	0.845	0.060
0.700	0.120	0.120	0.060
>TCTTAGTACTTG	14-TCTTAGTACTTG	10.265325	-20.999969	0	T:7.0(3.43%),B:2.2(0.10%),P:1e-9	Tpos:165.7,Tstd:44.5,Bpos:153.4,Bstd:29.9,StrandBias:0.8,Multiplicity:1.57
0.040	0.185	0.185	0.590
0.001	0.814	0.184	0.001
0.185	0.185	0.001	0.629
0.001	0.184	0.001	0.814
0.997	0.001	0.001	0.001
0.001	0.001	0.982	0.016
0.184	0.001	0.001	0.814
0.814	0.184	0.001	0.001
0.001	0.814	0.184	0.001
0.001	0.184	0.001	0.814
0.001	0.001	0.001	0.997
0.001	0.001	0.997	0.001
>AGTGATGTAATA	15-AGTGATGTAATA	11.017153	-18.235259	0	T:7.0(3.43%),B:3.4(0.15%),P:1e-7	Tpos:135.9,Tstd:77.8,Bpos:116.1,Bstd:54.4,StrandBias:1.3,Multiplicity:1.00
0.687	0.001	0.311	0.001
0.311	0.001	0.687	0.001
0.156	0.001	0.062	0.781
0.001	0.001	0.997	0.001
0.945	0.027	0.001	0.027
0.001	0.001	0.009	0.989
0.001	0.026	0.791	0.182
0.156	0.156	0.001	0.687
0.997	0.001	0.001	0.001
0.687	0.001	0.156	0.156
0.001	0.001	0.001	0.997
0.628	0.156	0.156	0.060
>AGAAAAACAGGT	16-AGAAAAACAGGT	9.943264	-17.710824	0	T:16.0(7.84%),B:31.6(1.35%),P:1e-7	Tpos:136.1,Tstd:78.5,Bpos:155.0,Bstd:64.9,StrandBias:1.4,Multiplicity:1.12
0.997	0.001	0.001	0.001
0.088	0.263	0.561	0.088
0.997	0.001	0.001	0.001
0.825	0.087	0.001	0.087
0.825	0.087	0.001	0.087
0.729	0.088	0.088	0.095
0.997	0.001	0.001	0.001
0.001	0.911	0.001	0.087
0.911	0.087	0.001	0.001
0.182	0.001	0.730	0.087
0.175	0.001	0.730	0.094
0.007	0.175	0.001	0.817
>AAAATCGTATAA	17-AAAATCGTATAA	10.409522	-17.275670	0	T:6.0(2.94%),B:2.4(0.10%),P:1e-7	Tpos:147.5,Tstd:80.1,Bpos:162.8,Bstd:42.5,StrandBias:2.3,Multiplicity:1.00
0.700	0.100	0.100	0.100
0.700	0.100	0.100	0.100
0.700	0.100	0.100	0.100
0.700	0.100	0.100	0.100
0.100	0.100	0.100	0.700
0.100	0.700	0.100	0.100
0.100	0.100	0.700	0.100
0.100	0.100	0.100	0.700
0.700	0.100	0.100	0.100
0.100	0.100	0.100	0.700
0.700	0.100	0.100	0.100
0.700	0.100	0.100	0.100
>GAGACTAARAAY	18-GAGACTAARAAY	9.651279	-17.275670	0	T:6.0(2.94%),B:2.7(0.12%),P:1e-7	Tpos:102.9,Tstd:65.3,Bpos:159.9,Bstd:56.9,StrandBias:1.0,Multiplicity:1.50
0.001	0.001	0.997	0.001
0.742	0.256	0.001	0.001
0.001	0.001	0.997	0.001
0.785	0.001	0.213	0.001
0.001	0.997	0.001	0.001
0.001	0.001	0.001	0.997
0.997	0.001	0.001	0.001
0.997	0.001	0.001	0.001
0.427	0.001	0.571	0.001
0.743	0.021	0.235	0.001
0.763	0.001	0.001	0.235
0.001	0.485	0.001	0.513
>TCCCATCATGCC	19-TCCCATCATGCC	10.409522	-17.104510	0	T:5.0(2.45%),B:0.6(0.03%),P:1e-7	Tpos:149.0,Tstd:52.3,Bpos:118.0,Bstd:0.0,StrandBias:0.0,Multiplicity:1.00
0.100	0.100	0.100	0.700
0.100	0.700	0.100	0.100
0.100	0.700	0.100	0.100
0.100	0.700	0.100	0.100
0.700	0.100	0.100	0.100
0.100	0.100	0.100	0.700
0.100	0.700	0.100	0.100
0.700	0.100	0.100	0.100
0.100	0.100	0.100	0.700
0.100	0.100	0.700	0.100
0.100	0.700	0.100	0.100
0.100	0.700	0.100	0.100
>AATAATAGCACA	20-AATAATAGCACA	10.544451	-16.877958	0	T:12.0(5.88%),B:17.0(0.73%),P:1e-7	Tpos:142.3,Tstd:64.6,Bpos:148.5,Bstd:63.1,StrandBias:2.3,Multiplicity:1.09
0.880	0.001	0.001	0.118
0.871	0.009	0.001	0.119
0.119	0.119	0.001	0.761
0.880	0.118	0.001	0.001
0.870	0.001	0.001	0.128
0.001	0.238	0.119	0.642
0.997	0.001	0.001	0.001
0.238	0.009	0.752	0.001
0.001	0.997	0.001	0.001
0.880	0.001	0.118	0.001
0.128	0.752	0.001	0.119
0.761	0.119	0.001	0.119
>AAGAAAATAAGG	21-AAGAAAATAAGG	10.515032	-14.385116	0	T:10.0(4.90%),B:14.0(0.60%),P:1e-6	Tpos:177.6,Tstd:42.2,Bpos:140.8,Bstd:75.3,StrandBias:0.8,Multiplicity:1.10
0.911	0.001	0.087	0.001
0.825	0.087	0.087	0.001
0.009	0.088	0.894	0.009
0.825	0.087	0.087	0.001
0.815	0.001	0.001	0.183
0.911	0.001	0.001	0.087
0.911	0.001	0.087	0.001
0.088	0.175	0.175	0.562
0.997	0.001	0.001	0.001
0.825	0.001	0.087	0.087
0.001	0.087	0.911	0.001
0.088	0.175	0.649	0.088
>ACACACCACAAG	22-ACACACCACAAG	10.955932	-13.349250	0	T:8.0(3.92%),B:9.5(0.40%),P:1e-5	Tpos:157.6,Tstd:42.5,Bpos:121.8,Bstd:57.9,StrandBias:-2.8,Multiplicity:1.00
0.787	0.106	0.001	0.106
0.105	0.893	0.001	0.001
0.893	0.105	0.001	0.001
0.115	0.883	0.001	0.001
0.787	0.106	0.106	0.001
0.001	0.893	0.105	0.001
0.212	0.786	0.001	0.001
0.893	0.001	0.001	0.105
0.001	0.893	0.105	0.001
0.786	0.212	0.001	0.001
0.976	0.022	0.001	0.001
0.106	0.106	0.575	0.213
>CGATATAACAAC	23-CGATATAACAAC	11.904373	-13.033390	0	T:4.0(1.96%),B:0.8(0.03%),P:1e-5	Tpos:89.7,Tstd:68.4,Bpos:68.0,Bstd:0.0,StrandBias:2.3,Multiplicity:1.50
0.001	0.814	0.001	0.184
0.185	0.001	0.629	0.185
0.997	0.001	0.001	0.001
0.184	0.001	0.001	0.814
0.997	0.001	0.001	0.001
0.024	0.001	0.001	0.974
0.814	0.001	0.001	0.184
0.997	0.001	0.001	0.001
0.001	0.629	0.185	0.185
0.629	0.185	0.185	0.001
0.789	0.209	0.001	0.001
0.001	0.997	0.001	0.001
>ACCCACAAATGT	24-ACCCACAAATGT	13.477455	-9.188925	0	T:3.0(1.47%),B:0.7(0.03%),P:1e-3	Tpos:144.0,Tstd:63.3,Bpos:208.0,Bstd:0.0,StrandBias:0.6,Multiplicity:3.33
0.813	0.001	0.185	0.001
0.155	0.843	0.001	0.001
0.155	0.843	0.001	0.001
0.001	0.843	0.001	0.155
0.984	0.014	0.001	0.001
0.001	0.997	0.001	0.001
0.997	0.001	0.001	0.001
0.843	0.155	0.001	0.001
0.687	0.001	0.156	0.156
0.001	0.001	0.001	0.997
0.001	0.155	0.843	0.001
0.001	0.001	0.001	0.997
>CGCGGGTGGTTT	25-CGCGGGTGGTTT	10.409522	-7.173546	0	T:3.0(1.47%),B:2.9(0.12%),P:1e-3	Tpos:163.4,Tstd:44.3,Bpos:114.0,Bstd:22.3,StrandBias:2.0,Multiplicity:1.67
0.100	0.700	0.100	0.100
0.100	0.100	0.700	0.100
0.100	0.700	0.100	0.100
0.100	0.100	0.700	0.100
0.100	0.100	0.700	0.100
0.100	0.100	0.700	0.100
0.100	0.100	0.100	0.700
0.100	0.100	0.700	0.100
0.100	0.100	0.700	0.100
0.100	0.100	0.100	0.700
0.100	0.100	0.100	0.700
0.100	0.100	0.100	0.700
>GCWGGT	1-GCWGGT	5.280373	-30.244068	0	T:151.0(74.02%),B:1131.9(48.38%),P:1e-13	Tpos:122.6,Tstd:55.5,Bpos:128.9,Bstd:72.5,StrandBias:-0.2,Multiplicity:1.68
0.421	0.001	0.577	0.001
0.087	0.777	0.001	0.135
0.387	0.193	0.134	0.286
0.003	0.001	0.995	0.001
0.135	0.001	0.863	0.001
0.050	0.215	0.138	0.597
>CCACAA	2-CCACAA	6.741760	-26.330935	0	T:102.0(50.00%),B:636.0(27.18%),P:1e-11	Tpos:119.7,Tstd:54.0,Bpos:126.6,Bstd:74.8,StrandBias:-0.1,Multiplicity:1.35
0.001	0.997	0.001	0.001
0.001	0.997	0.001	0.001
0.738	0.001	0.260	0.001
0.001	0.997	0.001	0.001
0.997	0.001	0.001	0.001
0.805	0.001	0.001	0.193
>TGCARG	3-TGCARG	7.335159	-11.565568	0	T:66.0(32.35%),B:456.8(19.52%),P:1e-5	Tpos:143.6,Tstd:72.9,Bpos:127.0,Bstd:79.6,StrandBias:-0.1,Multiplicity:1.27
0.001	0.001	0.001	0.997
0.001	0.001	0.997	0.001
0.001	0.997	0.001	0.001
0.997	0.001	0.001	0.001
0.467	0.152	0.380	0.001
0.001	0.001	0.997	0.001
>SGGATT	4-SGGATT	5.018175	-9.869424	0	T:86.0(42.16%),B:682.9(29.19%),P:1e-4	Tpos:129.0,Tstd:58.8,Bpos:123.9,Bstd:72.7,StrandBias:0.1,Multiplicity:1.29
0.122	0.416	0.293	0.169
0.138	0.211	0.429	0.222
0.002	0.001	0.967	0.030
0.693	0.001	0.155	0.151
0.084	0.186	0.121	0.609
0.001	0.016	0.004	0.979
>GGTCGA	5-GGTCGA	6.177716	-5.912419	0	T:21.0(10.29%),B:123.3(5.27%),P:1e-2	Tpos:110.3,Tstd:57.2,Bpos:133.1,Bstd:77.0,StrandBias:-0.1,Multiplicity:1.05
0.100	0.100	0.700	0.100
0.100	0.100	0.700	0.100
0.100	0.100	0.100	0.700
0.100	0.700	0.100	0.100
0.100	0.100	0.700	0.100
0.700	0.100	0.100	0.100
>CTTGCAGG	1-CTTGCAGG	6.968818	-25.253084	0	T:40.0(19.61%),B:135.1(5.77%),P:1e-10	Tpos:136.5,Tstd:70.6,Bpos:131.9,Bstd:76.3,StrandBias:0.0,Multiplicity:1.05
0.045	0.848	0.021	0.086
0.096	0.017	0.027	0.860
0.001	0.019	0.001	0.979
0.001	0.131	0.823	0.045
0.001	0.984	0.001	0.014
0.887	0.076	0.020	0.017
0.213	0.019	0.753	0.015
0.001	0.036	0.921	0.042
>ACYGGTAC	2-ACYGGTAC	6.231907	-24.147623	0	T:59.0(28.92%),B:275.7(11.78%),P:1e-10	Tpos:118.0,Tstd:51.2,Bpos:135.2,Bstd:70.9,StrandBias:0.5,Multiplicity:1.17
0.851	0.001	0.117	0.031
0.001	0.997	0.001	0.001
0.217	0.378	0.078	0.327
0.071	0.001	0.818	0.110
0.053	0.040	0.906	0.001
0.001	0.222	0.031	0.746
0.568	0.001	0.262	0.169
0.035	0.888	0.076	0.001
>TTTACTCC	3-TTTACTCC	6.604395	-23.252258	0	T:49.0(24.02%),B:206.8(8.84%),P:1e-10	Tpos:114.1,Tstd:76.0,Bpos:117.9,Bstd:80.6,StrandBias:-0.9,Multiplicity:1.13
0.084	0.030	0.001	0.885
0.018	0.001	0.035	0.946
0.020	0.001	0.203	0.776
0.872	0.001	0.001	0.126
0.105	0.824	0.070	0.001
0.049	0.046	0.001	0.904
0.001	0.883	0.090	0.026
0.070	0.907	0.001	0.022
>CCACAAVC	4-CCACAAVC	6.024273	-21.969476	0	T:81.0(39.71%),B:479.0(20.47%),P:1e-9	Tpos:123.1,Tstd:58.5,Bpos:124.4,Bstd:72.3,StrandBias:-0.2,Multiplicity:1.31
0.001	0.948	0.001	0.050
0.089	0.827	0.067	0.017
0.889	0.001	0.076	0.034
0.001	0.907	0.091	0.001
0.722	0.229	0.048	0.001
0.818	0.051	0.001	0.130
0.326	0.327	0.198	0.149
0.001	0.591	0.139	0.269
>TGCGGTTA	5-TGCGGTTA	7.985771	-17.652318	0	T:21.0(10.29%),B:55.2(2.36%),P:1e-7	Tpos:108.0,Tstd:49.6,Bpos:133.3,Bstd:51.8,StrandBias:-0.4,Multiplicity:1.00
0.001	0.001	0.001	0.997
0.001	0.092	0.906	0.001
0.001	0.997	0.001	0.001
0.001	0.001	0.997	0.001
0.001	0.001	0.997	0.001
0.001	0.065	0.001	0.933
0.001	0.225	0.001	0.773
0.997	0.001	0.001	0.001
>CCAATCAG	6-CCAATCAG	8.236800	-14.760170	0	T:33.0(16.18%),B:144.1(6.16%),P:1e-6	Tpos:120.6,Tstd:28.1,Bpos:125.0,Bstd:56.0,StrandBias:-0.2,Multiplicity:1.13
0.001	0.997	0.001	0.001
0.001	0.895	0.103	0.001
0.997	0.001	0.001	0.001
0.997	0.001	0.001	0.001
0.001	0.001	0.001	0.997
0.001	0.908	0.090	0.001
0.926	0.072	0.001	0.001
0.001	0.001	0.997	0.001
>AGTCGAAG	7-AGTCGAAG	7.727084	-13.055342	0	T:19.0(9.31%),B:61.7(2.64%),P:1e-5	Tpos:106.4,Tstd:70.6,Bpos:129.8,Bstd:73.9,StrandBias:0.2,Multiplicity:1.00
0.818	0.001	0.156	0.025
0.178	0.001	0.820	0.001
0.001	0.001	0.001	0.997
0.001	0.939	0.001	0.059
0.155	0.001	0.843	0.001
0.569	0.087	0.304	0.040
0.861	0.001	0.001	0.137
0.159	0.001	0.839	0.001
>TTGAGCCA	8-TTGAGCCA	8.395674	-12.024667	0	T:13.0(6.37%),B:32.4(1.38%),P:1e-5	Tpos:111.9,Tstd:61.7,Bpos:143.8,Bstd:70.8,StrandBias:0.5,Multiplicity:1.00
0.001	0.001	0.001	0.997
0.348	0.069	0.001	0.582
0.001	0.001	0.997	0.001
0.997	0.001	0.001	0.001
0.001	0.001	0.997	0.001
0.001	0.997	0.001	0.001
0.001	0.997	0.001	0.001
0.997	0.001	0.001	0.001
>CAGAGAAT	9-CAGAGAAT	8.236954	-11.736230	0	T:7.0(3.43%),B:8.6(0.37%),P:1e-5	Tpos:125.3,Tstd:74.1,Bpos:173.4,Bstd:49.9,StrandBias:1.3,Multiplicity:1.00
0.100	0.700	0.100	0.100
0.700	0.100	0.100	0.100
0.100	0.100	0.700	0.100
0.700	0.100	0.100	0.100
0.100	0.100	0.700	0.100
0.700	0.100	0.100	0.100
0.700	0.100	0.100	0.100
0.100	0.100	0.100	0.700
>ATTCCCGC	10-ATTCCCGC	8.236954	-10.972850	0	T:6.0(2.94%),B:6.7(0.29%),P:1e-4	Tpos:95.5,Tstd:45.6,Bpos:151.5,Bstd:54.8,StrandBias:0.0,Multiplicity:1.00
0.700	0.100	0.100	0.100
0.100	0.100	0.100	0.700
0.100	0.100	0.100	0.700
0.100	0.700	0.100	0.100
0.100	0.700	0.100	0.100
0.100	0.700	0.100	0.100
0.100	0.100	0.700	0.100
0.100	0.700	0.100	0.100
>CACTAGGG	11-CACTAGGG	9.081548	-10.972850	0	T:6.0(2.94%),B:6.8(0.29%),P:1e-4	Tpos:120.7,Tstd:26.9,Bpos:87.4,Bstd:70.5,StrandBias:0.0,Multiplicity:1.00
0.001	0.997	0.001	0.001
0.997	0.001	0.001	0.001
0.001	0.997	0.001	0.001
0.001	0.001	0.001	0.997
0.997	0.001	0.001	0.001
0.001	0.137	0.861	0.001
0.001	0.001	0.997	0.001
0.001	0.001	0.997	0.001
>TCTTATTA	12-TCTTATTA	7.871780	-8.488370	0	T:35.0(17.16%),B:213.0(9.11%),P:1e-3	Tpos:141.7,Tstd:74.6,Bpos:130.4,Bstd:79.2,StrandBias:0.1,Multiplicity:1.32
0.001	0.001	0.001	0.997
0.132	0.563	0.304	0.001
0.001	0.001	0.335	0.663
0.236	0.001	0.104	0.659
0.997	0.001	0.001	0.001
0.047	0.001	0.196	0.756
0.072	0.001	0.001	0.926
0.997	0.001	0.001	0.001
