>CTTGCAGG	1-CTTGCAGG	6.968818	-25.253084	0	T:40.0(19.61%),B:135.1(5.77%),P:1e-10	Tpos:136.5,Tstd:70.6,Bpos:131.9,Bstd:76.3,StrandBias:0.0,Multiplicity:1.05
0.045	0.848	0.021	0.086
0.096	0.017	0.027	0.860
0.001	0.019	0.001	0.979
0.001	0.131	0.823	0.045
0.001	0.984	0.001	0.014
0.887	0.076	0.020	0.017
0.213	0.019	0.753	0.015
0.001	0.036	0.921	0.042
>ACYGGTAC	2-ACYGGTAC	6.231907	-24.147623	0	T:59.0(28.92%),B:275.7(11.78%),P:1e-10	Tpos:118.0,Tstd:51.2,Bpos:135.2,Bstd:70.9,StrandBias:0.5,Multiplicity:1.17
0.851	0.001	0.117	0.031
0.001	0.997	0.001	0.001
0.217	0.378	0.078	0.327
0.071	0.001	0.818	0.110
0.053	0.040	0.906	0.001
0.001	0.222	0.031	0.746
0.568	0.001	0.262	0.169
0.035	0.888	0.076	0.001
>TTTACTCC	3-TTTACTCC	6.604395	-23.252258	0	T:49.0(24.02%),B:206.8(8.84%),P:1e-10	Tpos:114.1,Tstd:76.0,Bpos:117.9,Bstd:80.6,StrandBias:-0.9,Multiplicity:1.13
0.084	0.030	0.001	0.885
0.018	0.001	0.035	0.946
0.020	0.001	0.203	0.776
0.872	0.001	0.001	0.126
0.105	0.824	0.070	0.001
0.049	0.046	0.001	0.904
0.001	0.883	0.090	0.026
0.070	0.907	0.001	0.022
>CCACAAVC	4-CCACAAVC	6.024273	-21.969476	0	T:81.0(39.71%),B:479.0(20.47%),P:1e-9	Tpos:123.1,Tstd:58.5,Bpos:124.4,Bstd:72.3,StrandBias:-0.2,Multiplicity:1.31
0.001	0.948	0.001	0.050
0.089	0.827	0.067	0.017
0.889	0.001	0.076	0.034
0.001	0.907	0.091	0.001
0.722	0.229	0.048	0.001
0.818	0.051	0.001	0.130
0.326	0.327	0.198	0.149
0.001	0.591	0.139	0.269
>TGCGGTTA	5-TGCGGTTA	7.985771	-17.652318	0	T:21.0(10.29%),B:55.2(2.36%),P:1e-7	Tpos:108.0,Tstd:49.6,Bpos:133.3,Bstd:51.8,StrandBias:-0.4,Multiplicity:1.00
0.001	0.001	0.001	0.997
0.001	0.092	0.906	0.001
0.001	0.997	0.001	0.001
0.001	0.001	0.997	0.001
0.001	0.001	0.997	0.001
0.001	0.065	0.001	0.933
0.001	0.225	0.001	0.773
0.997	0.001	0.001	0.001
>CCAATCAG	6-CCAATCAG	8.236800	-14.760170	0	T:33.0(16.18%),B:144.1(6.16%),P:1e-6	Tpos:120.6,Tstd:28.1,Bpos:125.0,Bstd:56.0,StrandBias:-0.2,Multiplicity:1.13
0.001	0.997	0.001	0.001
0.001	0.895	0.103	0.001
0.997	0.001	0.001	0.001
0.997	0.001	0.001	0.001
0.001	0.001	0.001	0.997
0.001	0.908	0.090	0.001
0.926	0.072	0.001	0.001
0.001	0.001	0.997	0.001
>AGTCGAAG	7-AGTCGAAG	7.727084	-13.055342	0	T:19.0(9.31%),B:61.7(2.64%),P:1e-5	Tpos:106.4,Tstd:70.6,Bpos:129.8,Bstd:73.9,StrandBias:0.2,Multiplicity:1.00
0.818	0.001	0.156	0.025
0.178	0.001	0.820	0.001
0.001	0.001	0.001	0.997
0.001	0.939	0.001	0.059
0.155	0.001	0.843	0.001
0.569	0.087	0.304	0.040
0.861	0.001	0.001	0.137
0.159	0.001	0.839	0.001
>TTGAGCCA	8-TTGAGCCA	8.395674	-12.024667	0	T:13.0(6.37%),B:32.4(1.38%),P:1e-5	Tpos:111.9,Tstd:61.7,Bpos:143.8,Bstd:70.8,StrandBias:0.5,Multiplicity:1.00
0.001	0.001	0.001	0.997
0.348	0.069	0.001	0.582
0.001	0.001	0.997	0.001
0.997	0.001	0.001	0.001
0.001	0.001	0.997	0.001
0.001	0.997	0.001	0.001
0.001	0.997	0.001	0.001
0.997	0.001	0.001	0.001
>CAGAGAAT	9-CAGAGAAT	8.236954	-11.736230	0	T:7.0(3.43%),B:8.6(0.37%),P:1e-5	Tpos:125.3,Tstd:74.1,Bpos:173.4,Bstd:49.9,StrandBias:1.3,Multiplicity:1.00
0.100	0.700	0.100	0.100
0.700	0.100	0.100	0.100
0.100	0.100	0.700	0.100
0.700	0.100	0.100	0.100
0.100	0.100	0.700	0.100
0.700	0.100	0.100	0.100
0.700	0.100	0.100	0.100
0.100	0.100	0.100	0.700
>ATTCCCGC	10-ATTCCCGC	8.236954	-10.972850	0	T:6.0(2.94%),B:6.7(0.29%),P:1e-4	Tpos:95.5,Tstd:45.6,Bpos:151.5,Bstd:54.8,StrandBias:0.0,Multiplicity:1.00
0.700	0.100	0.100	0.100
0.100	0.100	0.100	0.700
0.100	0.100	0.100	0.700
0.100	0.700	0.100	0.100
0.100	0.700	0.100	0.100
0.100	0.700	0.100	0.100
0.100	0.100	0.700	0.100
0.100	0.700	0.100	0.100
>CACTAGGG	11-CACTAGGG	9.081548	-10.972850	0	T:6.0(2.94%),B:6.8(0.29%),P:1e-4	Tpos:120.7,Tstd:26.9,Bpos:87.4,Bstd:70.5,StrandBias:0.0,Multiplicity:1.00
0.001	0.997	0.001	0.001
0.997	0.001	0.001	0.001
0.001	0.997	0.001	0.001
0.001	0.001	0.001	0.997
0.997	0.001	0.001	0.001
0.001	0.137	0.861	0.001
0.001	0.001	0.997	0.001
0.001	0.001	0.997	0.001
>TCTTATTA	12-TCTTATTA	7.871780	-8.488370	0	T:35.0(17.16%),B:213.0(9.11%),P:1e-3	Tpos:141.7,Tstd:74.6,Bpos:130.4,Bstd:79.2,StrandBias:0.1,Multiplicity:1.32
0.001	0.001	0.001	0.997
0.132	0.563	0.304	0.001
0.001	0.001	0.335	0.663
0.236	0.001	0.104	0.659
0.997	0.001	0.001	0.001
0.047	0.001	0.196	0.756
0.072	0.001	0.001	0.926
0.997	0.001	0.001	0.001
