>ACCGAGGCTA	1-ACCGAGGCTA	11.482123	-28.049585	0	T:6.0(8.33%),B:0.5(0.02%),P:1e-12	Tpos:150.4,Tstd:51.0,Bpos:186.0,Bstd:0.0,StrandBias:0.4,Multiplicity:1.17
0.997	0.001	0.001	0.001
0.001	0.838	0.001	0.160
0.001	0.838	0.001	0.160
0.001	0.001	0.997	0.001
0.997	0.001	0.001	0.001
0.001	0.001	0.997	0.001
0.001	0.001	0.997	0.001
0.160	0.838	0.001	0.001
0.160	0.001	0.001	0.838
0.997	0.001	0.001	0.001
>AASTCADARC	2-AASTCADARC	6.978689	-21.646514	0	T:10.0(13.89%),B:20.7(0.83%),P:1e-9	Tpos:114.6,Tstd:75.6,Bpos:136.3,Bstd:86.7,StrandBias:1.0,Multiplicity:1.20
0.487	0.133	0.330	0.051
0.551	0.001	0.136	0.312
0.171	0.381	0.278	0.170
0.238	0.001	0.033	0.728
0.047	0.491	0.214	0.248
0.599	0.034	0.017	0.350
0.303	0.017	0.384	0.296
0.822	0.017	0.017	0.144
0.394	0.001	0.367	0.238
0.050	0.713	0.001	0.236
>TASKTTCCTA	3-TASKTTCCTA	7.596833	-20.043477	0	T:19.0(26.39%),B:125.4(5.05%),P:1e-8	Tpos:132.3,Tstd:61.8,Bpos:120.6,Bstd:74.8,StrandBias:0.5,Multiplicity:1.26
0.001	0.047	0.114	0.838
0.535	0.121	0.170	0.174
0.001	0.381	0.501	0.117
0.001	0.003	0.502	0.494
0.001	0.001	0.001	0.997
0.114	0.001	0.302	0.583
0.003	0.576	0.328	0.093
0.001	0.997	0.001	0.001
0.001	0.266	0.001	0.732
0.786	0.001	0.212	0.001
>ATGTTTCTAA	4-ATGTTTCTAA	11.444787	-18.424534	0	T:7.0(9.72%),B:9.5(0.38%),P:1e-8	Tpos:155.2,Tstd:76.9,Bpos:166.1,Bstd:71.6,StrandBias:0.3,Multiplicity:1.29
0.997	0.001	0.001	0.001
0.256	0.001	0.001	0.742
0.001	0.001	0.666	0.332
0.001	0.001	0.001	0.997
0.001	0.001	0.001	0.997
0.001	0.001	0.001	0.997
0.001	0.717	0.281	0.001
0.001	0.001	0.001	0.997
0.997	0.001	0.001	0.001
0.742	0.001	0.256	0.001
>CCATCTGTCA	5-CCATCTGTCA	11.467775	-15.782653	0	T:5.0(6.94%),B:4.5(0.18%),P:1e-6	Tpos:121.2,Tstd:54.4,Bpos:64.7,Bstd:47.7,StrandBias:1.6,Multiplicity:1.60
0.001	0.997	0.001	0.001
0.126	0.747	0.126	0.001
0.997	0.001	0.001	0.001
0.001	0.001	0.001	0.997
0.001	0.997	0.001	0.001
0.001	0.001	0.001	0.997
0.001	0.001	0.997	0.001
0.001	0.001	0.001	0.997
0.001	0.873	0.001	0.125
0.997	0.001	0.001	0.001
>TACGCCATGA	6-TACGCCATGA	11.049666	-15.782653	0	T:5.0(6.94%),B:4.8(0.19%),P:1e-6	Tpos:130.7,Tstd:54.1,Bpos:105.0,Bstd:88.8,StrandBias:3.0,Multiplicity:1.80
0.001	0.001	0.001	0.997
0.997	0.001	0.001	0.001
0.001	0.997	0.001	0.001
0.001	0.001	0.860	0.138
0.001	0.860	0.001	0.138
0.001	0.694	0.001	0.304
0.997	0.001	0.001	0.001
0.001	0.001	0.001	0.997
0.001	0.001	0.860	0.138
0.860	0.001	0.138	0.001
>AAGCTGCTAG	7-AAGCTGCTAG	11.490573	-13.800303	0	T:5.0(6.94%),B:6.1(0.25%),P:1e-5	Tpos:77.5,Tstd:47.8,Bpos:119.2,Bstd:56.5,StrandBias:1.0,Multiplicity:1.20
0.599	0.001	0.200	0.200
0.997	0.001	0.001	0.001
0.001	0.001	0.997	0.001
0.001	0.997	0.001	0.001
0.001	0.001	0.001	0.997
0.001	0.001	0.997	0.001
0.001	0.799	0.001	0.199
0.001	0.001	0.001	0.997
0.997	0.001	0.001	0.001
0.199	0.001	0.799	0.001
>CATAAATCAT	8-CATAAATCAT	11.461148	-13.778935	0	T:7.0(9.72%),B:18.0(0.73%),P:1e-5	Tpos:112.1,Tstd:60.3,Bpos:155.9,Bstd:51.6,StrandBias:2.8,Multiplicity:1.14
0.001	0.850	0.148	0.001
0.997	0.001	0.001	0.001
0.001	0.001	0.001	0.997
0.997	0.001	0.001	0.001
0.997	0.001	0.001	0.001
0.997	0.001	0.001	0.001
0.001	0.001	0.001	0.997
0.001	0.870	0.128	0.001
0.850	0.001	0.148	0.001
0.001	0.001	0.001	0.997
>CCGTCATGAC	9-CCGTCATGAC	11.316461	-13.089874	0	T:4.0(5.56%),B:3.7(0.15%),P:1e-5	Tpos:213.5,Tstd:23.1,Bpos:125.4,Bstd:95.0,StrandBias:0.0,Multiplicity:1.00
0.001	0.832	0.166	0.001
0.001	0.832	0.001	0.166
0.001	0.001	0.832	0.166
0.166	0.001	0.001	0.832
0.001	0.997	0.001	0.001
0.997	0.001	0.001	0.001
0.001	0.001	0.001	0.997
0.001	0.001	0.997	0.001
0.832	0.001	0.001	0.166
0.001	0.997	0.001	0.001
>TATCCTCTCC	10-TATCCTCTCC	11.490573	-11.961045	0	T:4.0(5.56%),B:4.8(0.19%),P:1e-5	Tpos:132.1,Tstd:67.2,Bpos:140.3,Bstd:72.2,StrandBias:2.6,Multiplicity:1.75
0.001	0.001	0.001	0.997
0.599	0.200	0.200	0.001
0.001	0.001	0.001	0.997
0.199	0.799	0.001	0.001
0.001	0.997	0.001	0.001
0.001	0.001	0.001	0.997
0.001	0.799	0.199	0.001
0.001	0.001	0.001	0.997
0.001	0.997	0.001	0.001
0.001	0.997	0.001	0.001
>GATATACATC	11-GATATACATC	10.296193	-7.803828	0	T:2.0(2.78%),B:0.6(0.02%),P:1e-3	Tpos:141.2,Tstd:75.8,Bpos:169.0,Bstd:0.0,StrandBias:-1.6,Multiplicity:2.00
0.100	0.100	0.700	0.100
0.700	0.100	0.100	0.100
0.100	0.100	0.100	0.700
0.700	0.100	0.100	0.100
0.100	0.100	0.100	0.700
0.700	0.100	0.100	0.100
0.100	0.700	0.100	0.100
0.700	0.100	0.100	0.100
0.100	0.100	0.100	0.700
0.100	0.700	0.100	0.100
>TCTGAATAAT	12-TCTGAATAAT	6.928147	-7.200315	0	T:3.0(4.17%),B:6.9(0.28%),P:1e-3	Tpos:106.9,Tstd:53.8,Bpos:113.2,Bstd:87.7,StrandBias:-3.2,Multiplicity:3.33
0.001	0.001	0.001	0.997
0.001	0.997	0.001	0.001
0.001	0.001	0.001	0.997
0.001	0.001	0.997	0.001
0.997	0.001	0.001	0.001
0.997	0.001	0.001	0.001
0.001	0.001	0.001	0.997
0.997	0.001	0.001	0.001
0.997	0.001	0.001	0.001
0.001	0.416	0.001	0.582
>CTATAGCAAC	13-CTATAGCAAC	11.456239	-7.168238	0	T:4.0(5.56%),B:14.2(0.57%),P:1e-3	Tpos:69.5,Tstd:46.3,Bpos:75.2,Bstd:47.3,StrandBias:-1.6,Multiplicity:2.00
0.001	0.997	0.001	0.001
0.001	0.001	0.001	0.997
0.997	0.001	0.001	0.001
0.179	0.179	0.001	0.641
0.997	0.001	0.001	0.001
0.001	0.001	0.997	0.001
0.144	0.854	0.001	0.001
0.997	0.001	0.001	0.001
0.997	0.001	0.001	0.001
0.001	0.997	0.001	0.001
>GACYGGTTAG	14-GACYGGTTAG	11.656874	-6.436300	0	T:2.0(2.78%),B:2.2(0.09%),P:1e-2	Tpos:133.6,Tstd:50.9,Bpos:115.1,Bstd:77.2,StrandBias:10.0,Multiplicity:2.50
0.001	0.001	0.997	0.001
0.997	0.001	0.001	0.001
0.001	0.997	0.001	0.001
0.001	0.476	0.001	0.522
0.001	0.001	0.997	0.001
0.001	0.001	0.997	0.001
0.001	0.001	0.001	0.997
0.001	0.001	0.001	0.997
0.997	0.001	0.001	0.001
0.001	0.001	0.761	0.237
>ATGCGCGCGC	15-ATGCGCGCGC	10.118500	-6.012205	0	T:5.0(6.94%),B:32.9(1.32%),P:1e-2	Tpos:123.4,Tstd:65.3,Bpos:120.7,Bstd:58.9,StrandBias:0.7,Multiplicity:2.00
0.703	0.144	0.064	0.089
0.260	0.001	0.143	0.596
0.001	0.001	0.997	0.001
0.001	0.997	0.001	0.001
0.001	0.001	0.997	0.001
0.001	0.925	0.001	0.073
0.080	0.001	0.918	0.001
0.001	0.997	0.001	0.001
0.001	0.143	0.855	0.001
0.001	0.997	0.001	0.001
>AATCACAGAG	16-AATCACAGAG	13.583587	-3.553232	0	T:1.0(1.39%),B:0.0(0.00%),P:1e-1	Tpos:136.2,Tstd:54.7,Bpos:0.0,Bstd:0.0,StrandBias:10.0,Multiplicity:4.00
0.997	0.001	0.001	0.001
0.997	0.001	0.001	0.001
0.001	0.001	0.001	0.997
0.001	0.997	0.001	0.001
0.997	0.001	0.001	0.001
0.001	0.997	0.001	0.001
0.997	0.001	0.001	0.001
0.001	0.001	0.777	0.221
0.997	0.001	0.001	0.001
0.001	0.001	0.997	0.001
>TCCCCCCTTG	17-TCCCCCCTTG	10.296193	-3.553232	0	T:1.0(1.39%),B:1.0(0.04%),P:1e-1	Tpos:111.0,Tstd:55.0,Bpos:158.0,Bstd:0.0,StrandBias:10.0,Multiplicity:4.00
0.100	0.100	0.100	0.700
0.100	0.700	0.100	0.100
0.100	0.700	0.100	0.100
0.100	0.700	0.100	0.100
0.100	0.700	0.100	0.100
0.100	0.700	0.100	0.100
0.100	0.700	0.100	0.100
0.100	0.100	0.100	0.700
0.100	0.100	0.100	0.700
0.100	0.100	0.700	0.100
>GGATAGGTCATT	1-GGATAGGTCATT	11.700862	-28.049585	0	T:6.0(8.33%),B:1.5(0.06%),P:1e-12	Tpos:130.3,Tstd:75.5,Bpos:111.8,Bstd:13.0,StrandBias:1.3,Multiplicity:1.17
0.001	0.001	0.997	0.001
0.142	0.001	0.856	0.001
0.997	0.001	0.001	0.001
0.143	0.001	0.285	0.571
0.997	0.001	0.001	0.001
0.285	0.001	0.571	0.143
0.285	0.001	0.571	0.143
0.001	0.142	0.001	0.856
0.001	0.856	0.001	0.142
0.997	0.001	0.001	0.001
0.001	0.001	0.001	0.997
0.001	0.001	0.001	0.997
>AAATCAGCAATT	2-AAATCAGCAATT	10.869445	-24.678856	0	T:9.0(12.50%),B:10.8(0.43%),P:1e-10	Tpos:100.4,Tstd:71.0,Bpos:107.6,Bstd:76.9,StrandBias:0.0,Multiplicity:1.11
0.588	0.137	0.274	0.001
0.997	0.001	0.001	0.001
0.862	0.001	0.001	0.136
0.001	0.001	0.001	0.997
0.001	0.850	0.001	0.148
0.725	0.137	0.001	0.137
0.001	0.137	0.725	0.137
0.001	0.714	0.274	0.011
0.997	0.001	0.001	0.001
0.701	0.001	0.137	0.161
0.001	0.001	0.001	0.997
0.148	0.001	0.001	0.850
>TCAAACTGAGAC	3-TCAAACTGAGAC	8.703463	-23.913518	0	T:6.0(8.33%),B:2.8(0.11%),P:1e-10	Tpos:158.9,Tstd:60.8,Bpos:146.7,Bstd:72.3,StrandBias:1.3,Multiplicity:1.17
0.001	0.001	0.001	0.997
0.001	0.609	0.076	0.314
0.694	0.001	0.001	0.304
0.932	0.001	0.066	0.001
0.997	0.001	0.001	0.001
0.001	0.997	0.001	0.001
0.001	0.389	0.001	0.609
0.001	0.001	0.997	0.001
0.694	0.001	0.001	0.304
0.001	0.001	0.997	0.001
0.609	0.001	0.389	0.001
0.001	0.997	0.001	0.001
>CCCCTTGGGATM	4-CCCCTTGGGATM	9.467687	-18.528272	0	T:8.0(11.11%),B:14.6(0.59%),P:1e-8	Tpos:98.2,Tstd:50.7,Bpos:138.1,Bstd:46.9,StrandBias:0.3,Multiplicity:1.38
0.001	0.997	0.001	0.001
0.188	0.810	0.001	0.001
0.001	0.810	0.001	0.188
0.001	0.997	0.001	0.001
0.188	0.001	0.001	0.810
0.001	0.231	0.189	0.579
0.001	0.001	0.768	0.230
0.001	0.001	0.810	0.188
0.198	0.001	0.570	0.231
0.810	0.001	0.188	0.001
0.378	0.001	0.001	0.620
0.379	0.431	0.189	0.001
>TTACGCCATGAA	5-TTACGCCATGAA	12.674999	-17.440486	0	T:4.0(5.56%),B:0.9(0.03%),P:1e-7	Tpos:132.2,Tstd:54.0,Bpos:36.0,Bstd:0.0,StrandBias:10.0,Multiplicity:2.00
0.001	0.001	0.001	0.997
0.001	0.001	0.001	0.997
0.997	0.001	0.001	0.001
0.001	0.997	0.001	0.001
0.001	0.001	0.997	0.001
0.001	0.678	0.001	0.320
0.001	0.658	0.001	0.340
0.694	0.001	0.304	0.001
0.001	0.001	0.001	0.997
0.001	0.001	0.694	0.304
0.678	0.305	0.016	0.001
0.694	0.001	0.001	0.304
>CCGGTAGTTGAG	6-CCGGTAGTTGAG	8.762202	-16.609645	0	T:8.0(11.11%),B:18.4(0.74%),P:1e-7	Tpos:130.6,Tstd:50.2,Bpos:141.9,Bstd:57.0,StrandBias:-0.6,Multiplicity:1.25
0.159	0.523	0.159	0.159
0.001	0.984	0.001	0.014
0.159	0.001	0.681	0.159
0.158	0.001	0.840	0.001
0.001	0.001	0.158	0.840
0.840	0.158	0.001	0.001
0.158	0.001	0.840	0.001
0.001	0.317	0.001	0.681
0.001	0.158	0.001	0.840
0.318	0.001	0.522	0.159
0.984	0.001	0.014	0.001
0.159	0.318	0.522	0.001
>ATTGATTCAGGC	7-ATTGATTCAGGC	9.395031	-15.782653	0	T:5.0(6.94%),B:4.4(0.18%),P:1e-6	Tpos:110.6,Tstd:55.0,Bpos:131.1,Bstd:60.4,StrandBias:1.8,Multiplicity:1.80
0.997	0.001	0.001	0.001
0.163	0.001	0.001	0.835
0.001	0.001	0.001	0.997
0.001	0.001	0.780	0.218
0.997	0.001	0.001	0.001
0.001	0.001	0.001	0.997
0.001	0.001	0.001	0.997
0.001	0.997	0.001	0.001
0.971	0.001	0.001	0.027
0.027	0.001	0.971	0.001
0.191	0.001	0.807	0.001
0.001	0.971	0.001	0.027
>AACTCATAGCAT	8-AACTCATAGCAT	7.604373	-14.689823	0	T:4.0(5.56%),B:2.9(0.12%),P:1e-6	Tpos:103.1,Tstd:62.9,Bpos:136.9,Bstd:7.3,StrandBias:2.8,Multiplicity:2.00
0.997	0.001	0.001	0.001
0.780	0.001	0.001	0.218
0.001	0.903	0.095	0.001
0.122	0.001	0.001	0.876
0.001	0.997	0.001	0.001
0.997	0.001	0.001	0.001
0.001	0.001	0.212	0.786
0.997	0.001	0.001	0.001
0.001	0.001	0.997	0.001
0.001	0.997	0.001	0.001
0.997	0.001	0.001	0.001
0.198	0.001	0.001	0.800
>AGCGCGCACTTC	9-AGCGCGCACTTC	12.484973	-14.689823	0	T:4.0(5.56%),B:2.5(0.10%),P:1e-6	Tpos:118.3,Tstd:50.6,Bpos:119.7,Bstd:53.4,StrandBias:-1.0,Multiplicity:1.50
0.694	0.001	0.304	0.001
0.001	0.001	0.997	0.001
0.001	0.997	0.001	0.001
0.001	0.001	0.997	0.001
0.001	0.694	0.304	0.001
0.001	0.001	0.694	0.304
0.001	0.997	0.001	0.001
0.609	0.001	0.389	0.001
0.001	0.997	0.001	0.001
0.001	0.001	0.001	0.997
0.001	0.001	0.044	0.954
0.001	0.674	0.001	0.324
>CATATCCTCTCC	10-CATATCCTCTCC	9.556174	-14.689823	0	T:4.0(5.56%),B:2.6(0.10%),P:1e-6	Tpos:114.7,Tstd:81.3,Bpos:117.6,Bstd:12.7,StrandBias:10.0,Multiplicity:1.75
0.001	0.944	0.054	0.001
0.997	0.001	0.001	0.001
0.001	0.054	0.001	0.944
0.781	0.164	0.054	0.001
0.001	0.109	0.001	0.889
0.001	0.944	0.001	0.054
0.001	0.997	0.001	0.001
0.001	0.001	0.001	0.997
0.001	0.997	0.001	0.001
0.001	0.001	0.001	0.997
0.001	0.997	0.001	0.001
0.001	0.997	0.001	0.001
>GTGATTGGDTAG	11-GTGATTGGDTAG	12.347540	-14.689823	0	T:4.0(5.56%),B:2.2(0.09%),P:1e-6	Tpos:114.7,Tstd:61.5,Bpos:118.0,Bstd:5.6,StrandBias:0.0,Multiplicity:1.50
0.001	0.001	0.997	0.001
0.001	0.001	0.001	0.997
0.001	0.001	0.997	0.001
0.997	0.001	0.001	0.001
0.001	0.389	0.001	0.609
0.001	0.026	0.305	0.668
0.001	0.001	0.997	0.001
0.001	0.001	0.997	0.001
0.305	0.001	0.305	0.390
0.001	0.001	0.304	0.694
0.997	0.001	0.001	0.001
0.001	0.001	0.997	0.001
>CCCACGATGAAT	12-CCCACGATGAAT	7.945582	-14.689823	0	T:4.0(5.56%),B:2.7(0.11%),P:1e-6	Tpos:130.7,Tstd:71.9,Bpos:76.1,Bstd:27.2,StrandBias:2.3,Multiplicity:1.50
0.001	0.903	0.095	0.001
0.001	0.793	0.205	0.001
0.001	0.997	0.001	0.001
0.780	0.001	0.001	0.218
0.205	0.793	0.001	0.001
0.001	0.001	0.997	0.001
0.997	0.001	0.001	0.001
0.001	0.001	0.001	0.997
0.001	0.095	0.903	0.001
0.780	0.001	0.001	0.218
0.997	0.001	0.001	0.001
0.001	0.001	0.001	0.997
>WYNNTAAARAAA	13-WYNNTAAARAAA	7.029646	-14.517535	0	T:10.0(13.89%),B:43.2(1.74%),P:1e-6	Tpos:125.5,Tstd:92.6,Bpos:127.7,Bstd:74.7,StrandBias:0.8,Multiplicity:1.00
0.458	0.012	0.018	0.512
0.193	0.253	0.200	0.354
0.236	0.177	0.324	0.263
0.163	0.277	0.259	0.300
0.240	0.189	0.088	0.483
0.635	0.200	0.012	0.153
0.581	0.006	0.177	0.236
0.481	0.112	0.171	0.236
0.358	0.006	0.401	0.236
0.528	0.112	0.071	0.289
0.658	0.330	0.011	0.001
0.735	0.218	0.012	0.035
>CCATTTCTCAGG	14-CCATTTCTCAGG	11.790013	-12.471614	0	T:3.0(4.17%),B:0.8(0.03%),P:1e-5	Tpos:124.5,Tstd:68.0,Bpos:93.0,Bstd:0.0,StrandBias:2.3,Multiplicity:2.00
0.001	0.997	0.001	0.001
0.001	0.997	0.001	0.001
0.997	0.001	0.001	0.001
0.001	0.001	0.001	0.997
0.001	0.218	0.001	0.780
0.001	0.001	0.001	0.997
0.001	0.780	0.218	0.001
0.001	0.001	0.001	0.997
0.001	0.997	0.001	0.001
0.997	0.001	0.001	0.001
0.001	0.170	0.828	0.001
0.001	0.001	0.997	0.001
>CTAGTGAATACA	15-CTAGTGAATACA	9.211288	-9.899935	0	T:8.0(11.11%),B:45.8(1.85%),P:1e-4	Tpos:106.4,Tstd:67.7,Bpos:126.6,Bstd:86.3,StrandBias:2.2,Multiplicity:1.38
0.001	0.757	0.001	0.241
0.001	0.120	0.120	0.759
0.757	0.001	0.001	0.241
0.241	0.120	0.638	0.001
0.241	0.001	0.001	0.757
0.126	0.001	0.847	0.026
0.757	0.241	0.001	0.001
0.997	0.001	0.001	0.001
0.241	0.001	0.147	0.611
0.997	0.001	0.001	0.001
0.268	0.490	0.241	0.001
0.638	0.120	0.001	0.241
>GACTCAGAGCTG	16-GACTCAGAGCTG	7.971919	-8.774839	0	T:8.0(11.11%),B:53.1(2.14%),P:1e-3	Tpos:146.9,Tstd:59.1,Bpos:134.1,Bstd:78.3,StrandBias:0.9,Multiplicity:2.12
0.203	0.001	0.559	0.237
0.729	0.068	0.135	0.068
0.001	0.679	0.001	0.319
0.136	0.067	0.001	0.796
0.135	0.782	0.068	0.015
0.797	0.067	0.001	0.135
0.069	0.203	0.593	0.135
0.931	0.067	0.001	0.001
0.068	0.001	0.930	0.001
0.135	0.559	0.001	0.305
0.067	0.001	0.067	0.865
0.135	0.067	0.797	0.001
>GTTGCTATAGWG	17-GTTGCTATAGWG	15.590027	-7.803828	0	T:2.0(2.78%),B:0.9(0.04%),P:1e-3	Tpos:52.2,Tstd:46.0,Bpos:125.0,Bstd:0.0,StrandBias:1.6,Multiplicity:2.00
0.001	0.001	0.997	0.001
0.001	0.001	0.001	0.997
0.001	0.001	0.001	0.997
0.001	0.001	0.997	0.001
0.001	0.997	0.001	0.001
0.001	0.001	0.001	0.997
0.997	0.001	0.001	0.001
0.001	0.001	0.001	0.997
0.997	0.001	0.001	0.001
0.001	0.001	0.997	0.001
0.522	0.001	0.001	0.476
0.001	0.001	0.761	0.237
>GCGCCA	1-GCGCCA	7.197030	-8.515869	0	T:15.0(20.83%),B:182.7(7.37%),P:1e-3	Tpos:143.7,Tstd:74.8,Bpos:119.6,Bstd:63.8,StrandBias:1.9,Multiplicity:1.00
0.001	0.001	0.997	0.001
0.100	0.807	0.092	0.001
0.001	0.001	0.997	0.001
0.001	0.997	0.001	0.001
0.265	0.567	0.068	0.100
0.719	0.279	0.001	0.001
>TGACAG	2-TGACAG	7.054470	-6.831203	0	T:32.0(44.44%),B:669.0(26.98%),P:1e-2	Tpos:130.7,Tstd:64.3,Bpos:123.2,Bstd:72.9,StrandBias:-0.6,Multiplicity:1.35
0.001	0.001	0.001	0.997
0.001	0.001	0.997	0.001
0.997	0.001	0.001	0.001
0.001	0.711	0.001	0.287
0.997	0.001	0.001	0.001
0.001	0.001	0.997	0.001
>CGTTAT	3-CGTTAT	1.394987	-6.508816	0	T:35.0(48.61%),B:773.9(31.21%),P:1e-2	Tpos:124.0,Tstd:72.4,Bpos:121.8,Bstd:75.7,StrandBias:-0.3,Multiplicity:1.49
0.001	0.997	0.001	0.001
0.001	0.001	0.997	0.001
0.001	0.204	0.001	0.794
0.001	0.001	0.001	0.997
0.997	0.001	0.001	0.001
0.001	0.001	0.001	0.997
>GTTGCT	4-GTTGCT	6.012854	-6.497058	0	T:40.0(55.56%),B:934.0(37.66%),P:1e-2	Tpos:118.1,Tstd:63.2,Bpos:124.8,Bstd:75.2,StrandBias:-0.6,Multiplicity:1.75
0.210	0.001	0.788	0.001
0.001	0.001	0.001	0.997
0.153	0.001	0.001	0.845
0.001	0.163	0.835	0.001
0.001	0.997	0.001	0.001
0.001	0.001	0.001	0.997
>GTCATG	5-GTCATG	6.254800	-4.891665	0	T:24.0(33.33%),B:508.6(20.51%),P:1e-2	Tpos:142.1,Tstd:64.3,Bpos:126.7,Bstd:76.3,StrandBias:0.5,Multiplicity:1.33
0.001	0.001	0.997	0.001
0.001	0.001	0.001	0.997
0.001	0.997	0.001	0.001
0.869	0.129	0.001	0.001
0.001	0.001	0.001	0.997
0.001	0.001	0.997	0.001
>CTAGCAAC	1-CTAGCAAC	6.542560	-17.489492	0	T:23.0(31.94%),B:217.3(8.76%),P:1e-7	Tpos:119.8,Tstd:68.6,Bpos:130.8,Bstd:63.9,StrandBias:0.1,Multiplicity:1.19
0.229	0.747	0.001	0.023
0.001	0.068	0.001	0.930
0.965	0.001	0.033	0.001
0.022	0.001	0.976	0.001
0.023	0.921	0.055	0.001
0.916	0.001	0.082	0.001
0.625	0.059	0.315	0.001
0.001	0.997	0.001	0.001
>HCCGAGGC	2-HCCGAGGC	5.318136	-16.743453	0	T:32.0(44.44%),B:422.5(17.04%),P:1e-7	Tpos:119.2,Tstd:70.0,Bpos:123.7,Bstd:71.1,StrandBias:-0.4,Multiplicity:1.28
0.399	0.319	0.001	0.281
0.036	0.765	0.001	0.198
0.001	0.888	0.073	0.038
0.036	0.001	0.927	0.036
0.543	0.099	0.108	0.250
0.038	0.001	0.793	0.168
0.001	0.001	0.994	0.004
0.072	0.733	0.194	0.001
>CCATMCGT	3-CCATMCGT	7.153272	-15.739510	0	T:11.0(15.28%),B:48.4(1.95%),P:1e-6	Tpos:87.4,Tstd:55.1,Bpos:120.7,Bstd:82.8,StrandBias:1.3,Multiplicity:1.27
0.001	0.997	0.001	0.001
0.001	0.997	0.001	0.001
0.997	0.001	0.001	0.001
0.001	0.001	0.001	0.997
0.315	0.456	0.001	0.228
0.001	0.886	0.007	0.106
0.001	0.001	0.997	0.001
0.001	0.001	0.405	0.593
>TTCMTAGC	4-TTCMTAGC	7.206882	-13.086128	0	T:18.0(25.00%),B:176.7(7.12%),P:1e-5	Tpos:128.7,Tstd:62.6,Bpos:128.7,Bstd:65.8,StrandBias:-0.1,Multiplicity:1.28
0.064	0.001	0.001	0.934
0.001	0.138	0.065	0.796
0.114	0.884	0.001	0.001
0.448	0.550	0.001	0.001
0.001	0.120	0.001	0.878
0.997	0.001	0.001	0.001
0.001	0.001	0.997	0.001
0.001	0.952	0.046	0.001
>TCHGAMTA	5-TCHGAMTA	8.392795	-8.483347	0	T:6.0(8.33%),B:29.7(1.20%),P:1e-3	Tpos:121.8,Tstd:64.0,Bpos:107.9,Bstd:72.2,StrandBias:-1.2,Multiplicity:2.17
0.072	0.056	0.001	0.871
0.001	0.915	0.001	0.083
0.277	0.338	0.001	0.384
0.001	0.001	0.997	0.001
0.824	0.091	0.084	0.001
0.430	0.443	0.126	0.001
0.001	0.084	0.056	0.859
0.800	0.198	0.001	0.001
>GCGCGCGC	6-GCGCGCGC	7.305951	-7.448522	0	T:11.0(15.28%),B:118.8(4.79%),P:1e-3	Tpos:118.7,Tstd:68.1,Bpos:115.1,Bstd:65.9,StrandBias:-0.8,Multiplicity:1.55
0.035	0.001	0.902	0.062
0.037	0.675	0.201	0.087
0.068	0.068	0.619	0.245
0.044	0.574	0.381	0.001
0.334	0.025	0.583	0.058
0.047	0.811	0.084	0.058
0.001	0.001	0.962	0.036
0.001	0.879	0.001	0.119
>GGAGAGGA	7-GGAGAGGA	8.643480	-5.753584	0	T:5.0(6.94%),B:34.1(1.38%),P:1e-2	Tpos:118.2,Tstd:58.6,Bpos:139.4,Bstd:70.4,StrandBias:-1.6,Multiplicity:1.60
0.001	0.001	0.997	0.001
0.001	0.001	0.997	0.001
0.848	0.150	0.001	0.001
0.001	0.125	0.873	0.001
0.829	0.001	0.001	0.169
0.001	0.001	0.997	0.001
0.001	0.001	0.997	0.001
0.997	0.001	0.001	0.001
>CAACACTC	8-CAACACTC	8.236954	-5.485303	0	T:3.0(4.17%),B:11.3(0.46%),P:1e-2	Tpos:45.8,Tstd:31.8,Bpos:133.3,Bstd:91.7,StrandBias:-2.0,Multiplicity:1.67
0.100	0.700	0.100	0.100
0.700	0.100	0.100	0.100
0.700	0.100	0.100	0.100
0.100	0.700	0.100	0.100
0.700	0.100	0.100	0.100
0.100	0.700	0.100	0.100
0.100	0.100	0.100	0.700
0.100	0.700	0.100	0.100
>ACAGAGCA	9-ACAGAGCA	8.236954	-3.193919	0	T:2.0(2.78%),B:11.2(0.45%),P:1e-1	Tpos:129.2,Tstd:52.9,Bpos:140.4,Bstd:55.8,StrandBias:2.0,Multiplicity:2.50
0.700	0.100	0.100	0.100
0.100	0.700	0.100	0.100
0.700	0.100	0.100	0.100
0.100	0.100	0.700	0.100
0.700	0.100	0.100	0.100
0.100	0.100	0.700	0.100
0.100	0.700	0.100	0.100
0.700	0.100	0.100	0.100
