>CTAGCAAC	1-CTAGCAAC	6.542560	-17.489492	0	T:23.0(31.94%),B:217.3(8.76%),P:1e-7	Tpos:119.8,Tstd:68.6,Bpos:130.8,Bstd:63.9,StrandBias:0.1,Multiplicity:1.19
0.229	0.747	0.001	0.023
0.001	0.068	0.001	0.930
0.965	0.001	0.033	0.001
0.022	0.001	0.976	0.001
0.023	0.921	0.055	0.001
0.916	0.001	0.082	0.001
0.625	0.059	0.315	0.001
0.001	0.997	0.001	0.001
>HCCGAGGC	2-HCCGAGGC	5.318136	-16.743453	0	T:32.0(44.44%),B:422.5(17.04%),P:1e-7	Tpos:119.2,Tstd:70.0,Bpos:123.7,Bstd:71.1,StrandBias:-0.4,Multiplicity:1.28
0.399	0.319	0.001	0.281
0.036	0.765	0.001	0.198
0.001	0.888	0.073	0.038
0.036	0.001	0.927	0.036
0.543	0.099	0.108	0.250
0.038	0.001	0.793	0.168
0.001	0.001	0.994	0.004
0.072	0.733	0.194	0.001
>CCATMCGT	3-CCATMCGT	7.153272	-15.739510	0	T:11.0(15.28%),B:48.4(1.95%),P:1e-6	Tpos:87.4,Tstd:55.1,Bpos:120.7,Bstd:82.8,StrandBias:1.3,Multiplicity:1.27
0.001	0.997	0.001	0.001
0.001	0.997	0.001	0.001
0.997	0.001	0.001	0.001
0.001	0.001	0.001	0.997
0.315	0.456	0.001	0.228
0.001	0.886	0.007	0.106
0.001	0.001	0.997	0.001
0.001	0.001	0.405	0.593
>TTCMTAGC	4-TTCMTAGC	7.206882	-13.086128	0	T:18.0(25.00%),B:176.7(7.12%),P:1e-5	Tpos:128.7,Tstd:62.6,Bpos:128.7,Bstd:65.8,StrandBias:-0.1,Multiplicity:1.28
0.064	0.001	0.001	0.934
0.001	0.138	0.065	0.796
0.114	0.884	0.001	0.001
0.448	0.550	0.001	0.001
0.001	0.120	0.001	0.878
0.997	0.001	0.001	0.001
0.001	0.001	0.997	0.001
0.001	0.952	0.046	0.001
>TCHGAMTA	5-TCHGAMTA	8.392795	-8.483347	0	T:6.0(8.33%),B:29.7(1.20%),P:1e-3	Tpos:121.8,Tstd:64.0,Bpos:107.9,Bstd:72.2,StrandBias:-1.2,Multiplicity:2.17
0.072	0.056	0.001	0.871
0.001	0.915	0.001	0.083
0.277	0.338	0.001	0.384
0.001	0.001	0.997	0.001
0.824	0.091	0.084	0.001
0.430	0.443	0.126	0.001
0.001	0.084	0.056	0.859
0.800	0.198	0.001	0.001
>GCGCGCGC	6-GCGCGCGC	7.305951	-7.448522	0	T:11.0(15.28%),B:118.8(4.79%),P:1e-3	Tpos:118.7,Tstd:68.1,Bpos:115.1,Bstd:65.9,StrandBias:-0.8,Multiplicity:1.55
0.035	0.001	0.902	0.062
0.037	0.675	0.201	0.087
0.068	0.068	0.619	0.245
0.044	0.574	0.381	0.001
0.334	0.025	0.583	0.058
0.047	0.811	0.084	0.058
0.001	0.001	0.962	0.036
0.001	0.879	0.001	0.119
>GGAGAGGA	7-GGAGAGGA	8.643480	-5.753584	0	T:5.0(6.94%),B:34.1(1.38%),P:1e-2	Tpos:118.2,Tstd:58.6,Bpos:139.4,Bstd:70.4,StrandBias:-1.6,Multiplicity:1.60
0.001	0.001	0.997	0.001
0.001	0.001	0.997	0.001
0.848	0.150	0.001	0.001
0.001	0.125	0.873	0.001
0.829	0.001	0.001	0.169
0.001	0.001	0.997	0.001
0.001	0.001	0.997	0.001
0.997	0.001	0.001	0.001
>CAACACTC	8-CAACACTC	8.236954	-5.485303	0	T:3.0(4.17%),B:11.3(0.46%),P:1e-2	Tpos:45.8,Tstd:31.8,Bpos:133.3,Bstd:91.7,StrandBias:-2.0,Multiplicity:1.67
0.100	0.700	0.100	0.100
0.700	0.100	0.100	0.100
0.700	0.100	0.100	0.100
0.100	0.700	0.100	0.100
0.700	0.100	0.100	0.100
0.100	0.700	0.100	0.100
0.100	0.100	0.100	0.700
0.100	0.700	0.100	0.100
>ACAGAGCA	9-ACAGAGCA	8.236954	-3.193919	0	T:2.0(2.78%),B:11.2(0.45%),P:1e-1	Tpos:129.2,Tstd:52.9,Bpos:140.4,Bstd:55.8,StrandBias:2.0,Multiplicity:2.50
0.700	0.100	0.100	0.100
0.100	0.700	0.100	0.100
0.700	0.100	0.100	0.100
0.100	0.100	0.700	0.100
0.700	0.100	0.100	0.100
0.100	0.100	0.700	0.100
0.100	0.700	0.100	0.100
0.700	0.100	0.100	0.100
