>GGATAGGTCATT	1-GGATAGGTCATT	11.700862	-28.049585	0	T:6.0(8.33%),B:1.5(0.06%),P:1e-12	Tpos:130.3,Tstd:75.5,Bpos:111.8,Bstd:13.0,StrandBias:1.3,Multiplicity:1.17
0.001	0.001	0.997	0.001
0.142	0.001	0.856	0.001
0.997	0.001	0.001	0.001
0.143	0.001	0.285	0.571
0.997	0.001	0.001	0.001
0.285	0.001	0.571	0.143
0.285	0.001	0.571	0.143
0.001	0.142	0.001	0.856
0.001	0.856	0.001	0.142
0.997	0.001	0.001	0.001
0.001	0.001	0.001	0.997
0.001	0.001	0.001	0.997
>AAATCAGCAATT	2-AAATCAGCAATT	10.869445	-24.678856	0	T:9.0(12.50%),B:10.8(0.43%),P:1e-10	Tpos:100.4,Tstd:71.0,Bpos:107.6,Bstd:76.9,StrandBias:0.0,Multiplicity:1.11
0.588	0.137	0.274	0.001
0.997	0.001	0.001	0.001
0.862	0.001	0.001	0.136
0.001	0.001	0.001	0.997
0.001	0.850	0.001	0.148
0.725	0.137	0.001	0.137
0.001	0.137	0.725	0.137
0.001	0.714	0.274	0.011
0.997	0.001	0.001	0.001
0.701	0.001	0.137	0.161
0.001	0.001	0.001	0.997
0.148	0.001	0.001	0.850
>TCAAACTGAGAC	3-TCAAACTGAGAC	8.703463	-23.913518	0	T:6.0(8.33%),B:2.8(0.11%),P:1e-10	Tpos:158.9,Tstd:60.8,Bpos:146.7,Bstd:72.3,StrandBias:1.3,Multiplicity:1.17
0.001	0.001	0.001	0.997
0.001	0.609	0.076	0.314
0.694	0.001	0.001	0.304
0.932	0.001	0.066	0.001
0.997	0.001	0.001	0.001
0.001	0.997	0.001	0.001
0.001	0.389	0.001	0.609
0.001	0.001	0.997	0.001
0.694	0.001	0.001	0.304
0.001	0.001	0.997	0.001
0.609	0.001	0.389	0.001
0.001	0.997	0.001	0.001
>CCCCTTGGGATM	4-CCCCTTGGGATM	9.467687	-18.528272	0	T:8.0(11.11%),B:14.6(0.59%),P:1e-8	Tpos:98.2,Tstd:50.7,Bpos:138.1,Bstd:46.9,StrandBias:0.3,Multiplicity:1.38
0.001	0.997	0.001	0.001
0.188	0.810	0.001	0.001
0.001	0.810	0.001	0.188
0.001	0.997	0.001	0.001
0.188	0.001	0.001	0.810
0.001	0.231	0.189	0.579
0.001	0.001	0.768	0.230
0.001	0.001	0.810	0.188
0.198	0.001	0.570	0.231
0.810	0.001	0.188	0.001
0.378	0.001	0.001	0.620
0.379	0.431	0.189	0.001
>TTACGCCATGAA	5-TTACGCCATGAA	12.674999	-17.440486	0	T:4.0(5.56%),B:0.9(0.03%),P:1e-7	Tpos:132.2,Tstd:54.0,Bpos:36.0,Bstd:0.0,StrandBias:10.0,Multiplicity:2.00
0.001	0.001	0.001	0.997
0.001	0.001	0.001	0.997
0.997	0.001	0.001	0.001
0.001	0.997	0.001	0.001
0.001	0.001	0.997	0.001
0.001	0.678	0.001	0.320
0.001	0.658	0.001	0.340
0.694	0.001	0.304	0.001
0.001	0.001	0.001	0.997
0.001	0.001	0.694	0.304
0.678	0.305	0.016	0.001
0.694	0.001	0.001	0.304
>CCGGTAGTTGAG	6-CCGGTAGTTGAG	8.762202	-16.609645	0	T:8.0(11.11%),B:18.4(0.74%),P:1e-7	Tpos:130.6,Tstd:50.2,Bpos:141.9,Bstd:57.0,StrandBias:-0.6,Multiplicity:1.25
0.159	0.523	0.159	0.159
0.001	0.984	0.001	0.014
0.159	0.001	0.681	0.159
0.158	0.001	0.840	0.001
0.001	0.001	0.158	0.840
0.840	0.158	0.001	0.001
0.158	0.001	0.840	0.001
0.001	0.317	0.001	0.681
0.001	0.158	0.001	0.840
0.318	0.001	0.522	0.159
0.984	0.001	0.014	0.001
0.159	0.318	0.522	0.001
>ATTGATTCAGGC	7-ATTGATTCAGGC	9.395031	-15.782653	0	T:5.0(6.94%),B:4.4(0.18%),P:1e-6	Tpos:110.6,Tstd:55.0,Bpos:131.1,Bstd:60.4,StrandBias:1.8,Multiplicity:1.80
0.997	0.001	0.001	0.001
0.163	0.001	0.001	0.835
0.001	0.001	0.001	0.997
0.001	0.001	0.780	0.218
0.997	0.001	0.001	0.001
0.001	0.001	0.001	0.997
0.001	0.001	0.001	0.997
0.001	0.997	0.001	0.001
0.971	0.001	0.001	0.027
0.027	0.001	0.971	0.001
0.191	0.001	0.807	0.001
0.001	0.971	0.001	0.027
>AACTCATAGCAT	8-AACTCATAGCAT	7.604373	-14.689823	0	T:4.0(5.56%),B:2.9(0.12%),P:1e-6	Tpos:103.1,Tstd:62.9,Bpos:136.9,Bstd:7.3,StrandBias:2.8,Multiplicity:2.00
0.997	0.001	0.001	0.001
0.780	0.001	0.001	0.218
0.001	0.903	0.095	0.001
0.122	0.001	0.001	0.876
0.001	0.997	0.001	0.001
0.997	0.001	0.001	0.001
0.001	0.001	0.212	0.786
0.997	0.001	0.001	0.001
0.001	0.001	0.997	0.001
0.001	0.997	0.001	0.001
0.997	0.001	0.001	0.001
0.198	0.001	0.001	0.800
>AGCGCGCACTTC	9-AGCGCGCACTTC	12.484973	-14.689823	0	T:4.0(5.56%),B:2.5(0.10%),P:1e-6	Tpos:118.3,Tstd:50.6,Bpos:119.7,Bstd:53.4,StrandBias:-1.0,Multiplicity:1.50
0.694	0.001	0.304	0.001
0.001	0.001	0.997	0.001
0.001	0.997	0.001	0.001
0.001	0.001	0.997	0.001
0.001	0.694	0.304	0.001
0.001	0.001	0.694	0.304
0.001	0.997	0.001	0.001
0.609	0.001	0.389	0.001
0.001	0.997	0.001	0.001
0.001	0.001	0.001	0.997
0.001	0.001	0.044	0.954
0.001	0.674	0.001	0.324
>CATATCCTCTCC	10-CATATCCTCTCC	9.556174	-14.689823	0	T:4.0(5.56%),B:2.6(0.10%),P:1e-6	Tpos:114.7,Tstd:81.3,Bpos:117.6,Bstd:12.7,StrandBias:10.0,Multiplicity:1.75
0.001	0.944	0.054	0.001
0.997	0.001	0.001	0.001
0.001	0.054	0.001	0.944
0.781	0.164	0.054	0.001
0.001	0.109	0.001	0.889
0.001	0.944	0.001	0.054
0.001	0.997	0.001	0.001
0.001	0.001	0.001	0.997
0.001	0.997	0.001	0.001
0.001	0.001	0.001	0.997
0.001	0.997	0.001	0.001
0.001	0.997	0.001	0.001
>GTGATTGGDTAG	11-GTGATTGGDTAG	12.347540	-14.689823	0	T:4.0(5.56%),B:2.2(0.09%),P:1e-6	Tpos:114.7,Tstd:61.5,Bpos:118.0,Bstd:5.6,StrandBias:0.0,Multiplicity:1.50
0.001	0.001	0.997	0.001
0.001	0.001	0.001	0.997
0.001	0.001	0.997	0.001
0.997	0.001	0.001	0.001
0.001	0.389	0.001	0.609
0.001	0.026	0.305	0.668
0.001	0.001	0.997	0.001
0.001	0.001	0.997	0.001
0.305	0.001	0.305	0.390
0.001	0.001	0.304	0.694
0.997	0.001	0.001	0.001
0.001	0.001	0.997	0.001
>CCCACGATGAAT	12-CCCACGATGAAT	7.945582	-14.689823	0	T:4.0(5.56%),B:2.7(0.11%),P:1e-6	Tpos:130.7,Tstd:71.9,Bpos:76.1,Bstd:27.2,StrandBias:2.3,Multiplicity:1.50
0.001	0.903	0.095	0.001
0.001	0.793	0.205	0.001
0.001	0.997	0.001	0.001
0.780	0.001	0.001	0.218
0.205	0.793	0.001	0.001
0.001	0.001	0.997	0.001
0.997	0.001	0.001	0.001
0.001	0.001	0.001	0.997
0.001	0.095	0.903	0.001
0.780	0.001	0.001	0.218
0.997	0.001	0.001	0.001
0.001	0.001	0.001	0.997
>WYNNTAAARAAA	13-WYNNTAAARAAA	7.029646	-14.517535	0	T:10.0(13.89%),B:43.2(1.74%),P:1e-6	Tpos:125.5,Tstd:92.6,Bpos:127.7,Bstd:74.7,StrandBias:0.8,Multiplicity:1.00
0.458	0.012	0.018	0.512
0.193	0.253	0.200	0.354
0.236	0.177	0.324	0.263
0.163	0.277	0.259	0.300
0.240	0.189	0.088	0.483
0.635	0.200	0.012	0.153
0.581	0.006	0.177	0.236
0.481	0.112	0.171	0.236
0.358	0.006	0.401	0.236
0.528	0.112	0.071	0.289
0.658	0.330	0.011	0.001
0.735	0.218	0.012	0.035
>CCATTTCTCAGG	14-CCATTTCTCAGG	11.790013	-12.471614	0	T:3.0(4.17%),B:0.8(0.03%),P:1e-5	Tpos:124.5,Tstd:68.0,Bpos:93.0,Bstd:0.0,StrandBias:2.3,Multiplicity:2.00
0.001	0.997	0.001	0.001
0.001	0.997	0.001	0.001
0.997	0.001	0.001	0.001
0.001	0.001	0.001	0.997
0.001	0.218	0.001	0.780
0.001	0.001	0.001	0.997
0.001	0.780	0.218	0.001
0.001	0.001	0.001	0.997
0.001	0.997	0.001	0.001
0.997	0.001	0.001	0.001
0.001	0.170	0.828	0.001
0.001	0.001	0.997	0.001
>CTAGTGAATACA	15-CTAGTGAATACA	9.211288	-9.899935	0	T:8.0(11.11%),B:45.8(1.85%),P:1e-4	Tpos:106.4,Tstd:67.7,Bpos:126.6,Bstd:86.3,StrandBias:2.2,Multiplicity:1.38
0.001	0.757	0.001	0.241
0.001	0.120	0.120	0.759
0.757	0.001	0.001	0.241
0.241	0.120	0.638	0.001
0.241	0.001	0.001	0.757
0.126	0.001	0.847	0.026
0.757	0.241	0.001	0.001
0.997	0.001	0.001	0.001
0.241	0.001	0.147	0.611
0.997	0.001	0.001	0.001
0.268	0.490	0.241	0.001
0.638	0.120	0.001	0.241
>GACTCAGAGCTG	16-GACTCAGAGCTG	7.971919	-8.774839	0	T:8.0(11.11%),B:53.1(2.14%),P:1e-3	Tpos:146.9,Tstd:59.1,Bpos:134.1,Bstd:78.3,StrandBias:0.9,Multiplicity:2.12
0.203	0.001	0.559	0.237
0.729	0.068	0.135	0.068
0.001	0.679	0.001	0.319
0.136	0.067	0.001	0.796
0.135	0.782	0.068	0.015
0.797	0.067	0.001	0.135
0.069	0.203	0.593	0.135
0.931	0.067	0.001	0.001
0.068	0.001	0.930	0.001
0.135	0.559	0.001	0.305
0.067	0.001	0.067	0.865
0.135	0.067	0.797	0.001
>GTTGCTATAGWG	17-GTTGCTATAGWG	15.590027	-7.803828	0	T:2.0(2.78%),B:0.9(0.04%),P:1e-3	Tpos:52.2,Tstd:46.0,Bpos:125.0,Bstd:0.0,StrandBias:1.6,Multiplicity:2.00
0.001	0.001	0.997	0.001
0.001	0.001	0.001	0.997
0.001	0.001	0.001	0.997
0.001	0.001	0.997	0.001
0.001	0.997	0.001	0.001
0.001	0.001	0.001	0.997
0.997	0.001	0.001	0.001
0.001	0.001	0.001	0.997
0.997	0.001	0.001	0.001
0.001	0.001	0.997	0.001
0.522	0.001	0.001	0.476
0.001	0.001	0.761	0.237
