>ACGGAAGTTT	1-ACGGAAGTTT	11.091263	-29.644996	0	T:7.0(5.69%),B:1.9(0.08%),P:1e-12	Tpos:126.4,Tstd:51.5,Bpos:159.3,Bstd:62.9,StrandBias:0.3,Multiplicity:1.29
0.997	0.001	0.001	0.001
0.001	0.997	0.001	0.001
0.001	0.142	0.856	0.001
0.001	0.001	0.997	0.001
0.856	0.142	0.001	0.001
0.856	0.001	0.142	0.001
0.001	0.001	0.997	0.001
0.143	0.143	0.001	0.713
0.001	0.001	0.001	0.997
0.142	0.001	0.001	0.856
>TATAAATGAC	2-TATAAATGAC	10.765161	-29.167098	0	T:12.0(9.76%),B:10.9(0.45%),P:1e-12	Tpos:136.0,Tstd:60.3,Bpos:121.0,Bstd:83.1,StrandBias:0.5,Multiplicity:1.00
0.097	0.001	0.001	0.901
0.805	0.097	0.001	0.097
0.217	0.001	0.001	0.781
0.901	0.001	0.001	0.097
0.997	0.001	0.001	0.001
0.997	0.001	0.001	0.001
0.001	0.001	0.001	0.997
0.001	0.075	0.923	0.001
0.901	0.001	0.001	0.097
0.001	0.997	0.001	0.001
>TGATATACGC	3-TGATATACGC	10.666616	-26.179443	0	T:10.0(8.13%),B:8.0(0.33%),P:1e-11	Tpos:120.2,Tstd:55.7,Bpos:118.3,Bstd:65.4,StrandBias:-2.0,Multiplicity:1.00
0.001	0.100	0.100	0.799
0.001	0.001	0.899	0.099
0.997	0.001	0.001	0.001
0.001	0.001	0.001	0.997
0.899	0.001	0.001	0.099
0.001	0.001	0.001	0.997
0.899	0.001	0.099	0.001
0.001	0.899	0.001	0.099
0.100	0.001	0.799	0.100
0.001	0.899	0.099	0.001
>CGCGACCCAG	4-CGCGACCCAG	11.316461	-20.544472	0	T:6.0(4.88%),B:2.4(0.10%),P:1e-8	Tpos:99.3,Tstd:60.1,Bpos:135.5,Bstd:9.5,StrandBias:10.0,Multiplicity:1.00
0.001	0.997	0.001	0.001
0.001	0.166	0.832	0.001
0.001	0.997	0.001	0.001
0.001	0.001	0.832	0.166
0.832	0.001	0.166	0.001
0.001	0.997	0.001	0.001
0.001	0.832	0.001	0.166
0.001	0.997	0.001	0.001
0.997	0.001	0.001	0.001
0.001	0.001	0.832	0.166
>GGCGTTAAAA	5-GGCGTTAAAA	10.862146	-17.527158	0	T:8.0(6.50%),B:9.8(0.40%),P:1e-7	Tpos:116.3,Tstd:61.3,Bpos:117.7,Bstd:94.9,StrandBias:1.0,Multiplicity:1.12
0.278	0.097	0.624	0.001
0.001	0.001	0.997	0.001
0.001	0.874	0.124	0.001
0.001	0.001	0.997	0.001
0.001	0.125	0.125	0.749
0.001	0.001	0.001	0.997
0.874	0.124	0.001	0.001
0.997	0.001	0.001	0.001
0.997	0.001	0.001	0.001
0.997	0.001	0.001	0.001
>AATCAAAATG	6-AATCAAAATG	10.198405	-14.891794	0	T:12.0(9.76%),B:37.0(1.52%),P:1e-6	Tpos:137.4,Tstd:65.1,Bpos:115.6,Bstd:70.0,StrandBias:1.1,Multiplicity:1.33
0.919	0.001	0.001	0.079
0.807	0.001	0.123	0.069
0.001	0.001	0.001	0.997
0.001	0.893	0.061	0.045
0.876	0.122	0.001	0.001
0.929	0.001	0.069	0.001
0.876	0.001	0.122	0.001
0.842	0.001	0.096	0.061
0.001	0.001	0.001	0.997
0.049	0.001	0.949	0.001
>ATAGGCTACT	7-ATAGGCTACT	10.965422	-14.429337	0	T:5.0(4.07%),B:3.7(0.15%),P:1e-6	Tpos:145.0,Tstd:47.5,Bpos:144.1,Bstd:54.3,StrandBias:-1.6,Multiplicity:1.60
0.997	0.001	0.001	0.001
0.001	0.001	0.137	0.861
0.553	0.001	0.138	0.308
0.001	0.001	0.997	0.001
0.001	0.001	0.997	0.001
0.001	0.997	0.001	0.001
0.001	0.001	0.001	0.997
0.861	0.001	0.001	0.137
0.137	0.861	0.001	0.001
0.001	0.001	0.001	0.997
>TGATGTATTG	8-TGATGTATTG	9.977127	-13.233171	0	T:6.0(4.88%),B:7.2(0.30%),P:1e-5	Tpos:106.8,Tstd:68.4,Bpos:153.0,Bstd:67.1,StrandBias:2.2,Multiplicity:1.83
0.001	0.001	0.001	0.997
0.001	0.001	0.997	0.001
0.768	0.001	0.001	0.230
0.230	0.001	0.001	0.768
0.001	0.001	0.997	0.001
0.001	0.066	0.001	0.932
0.997	0.001	0.001	0.001
0.001	0.231	0.231	0.537
0.001	0.001	0.001	0.997
0.001	0.001	0.997	0.001
>TCACCCTACC	9-TCACCCTACC	10.623947	-12.478097	0	T:4.0(3.25%),B:2.8(0.11%),P:1e-5	Tpos:135.5,Tstd:56.8,Bpos:96.0,Bstd:44.1,StrandBias:1.6,Multiplicity:2.00
0.001	0.001	0.001	0.997
0.001	0.997	0.001	0.001
0.997	0.001	0.001	0.001
0.001	0.997	0.001	0.001
0.123	0.875	0.001	0.001
0.123	0.875	0.001	0.001
0.001	0.001	0.001	0.997
0.997	0.001	0.001	0.001
0.372	0.626	0.001	0.001
0.001	0.997	0.001	0.001
>AAACGCATCA	10-AAACGCATCA	10.296193	-12.478097	0	T:4.0(3.25%),B:2.3(0.10%),P:1e-5	Tpos:156.5,Tstd:59.9,Bpos:157.1,Bstd:58.4,StrandBias:-1.6,Multiplicity:1.00
0.700	0.100	0.100	0.100
0.700	0.100	0.100	0.100
0.700	0.100	0.100	0.100
0.100	0.700	0.100	0.100
0.100	0.100	0.700	0.100
0.100	0.700	0.100	0.100
0.700	0.100	0.100	0.100
0.100	0.100	0.100	0.700
0.100	0.700	0.100	0.100
0.700	0.100	0.100	0.100
>CTTKCCCTAC	11-CTTKCCCTAC	11.737511	-10.812224	0	T:3.0(2.44%),B:1.2(0.05%),P:1e-4	Tpos:86.7,Tstd:22.3,Bpos:125.0,Bstd:0.0,StrandBias:1.0,Multiplicity:1.00
0.001	0.997	0.001	0.001
0.001	0.001	0.001	0.997
0.001	0.121	0.001	0.877
0.142	0.001	0.429	0.429
0.001	0.997	0.001	0.001
0.001	0.997	0.001	0.001
0.001	0.997	0.001	0.001
0.001	0.001	0.001	0.997
0.997	0.001	0.001	0.001
0.019	0.979	0.001	0.001
>CTGTGAGAAA	12-CTGTGAGAAA	11.914484	-5.353640	0	T:2.0(1.63%),B:2.3(0.09%),P:1e-2	Tpos:95.7,Tstd:73.7,Bpos:120.9,Bstd:38.3,StrandBias:-10.0,Multiplicity:3.00
0.001	0.997	0.001	0.001
0.001	0.001	0.001	0.997
0.001	0.001	0.820	0.178
0.001	0.001	0.001	0.997
0.001	0.001	0.820	0.178
0.997	0.001	0.001	0.001
0.001	0.001	0.997	0.001
0.997	0.001	0.001	0.001
0.997	0.001	0.001	0.001
0.997	0.001	0.001	0.001
>GTAATAGCTAAG	1-GTAATAGCTAAG	11.421228	-34.769670	0	T:8.0(6.50%),B:1.8(0.07%),P:1e-15	Tpos:104.2,Tstd:54.1,Bpos:221.5,Bstd:26.1,StrandBias:-0.7,Multiplicity:1.00
0.300	0.001	0.599	0.100
0.001	0.001	0.001	0.997
0.899	0.001	0.099	0.001
0.699	0.100	0.200	0.001
0.001	0.001	0.001	0.997
0.997	0.001	0.001	0.001
0.001	0.001	0.997	0.001
0.001	0.899	0.001	0.099
0.299	0.001	0.001	0.699
0.699	0.100	0.200	0.001
0.997	0.001	0.001	0.001
0.200	0.001	0.699	0.100
>GGCGTTTCSGYG	2-GGCGTTTCSGYG	10.251144	-26.179443	0	T:10.0(8.13%),B:7.9(0.32%),P:1e-11	Tpos:126.7,Tstd:44.2,Bpos:134.3,Bstd:81.5,StrandBias:1.2,Multiplicity:1.00
0.001	0.001	0.997	0.001
0.158	0.001	0.810	0.031
0.001	0.667	0.001	0.331
0.001	0.001	0.997	0.001
0.001	0.173	0.001	0.825
0.158	0.318	0.001	0.523
0.001	0.001	0.315	0.683
0.001	0.997	0.001	0.001
0.001	0.473	0.525	0.001
0.001	0.173	0.825	0.001
0.158	0.337	0.031	0.474
0.001	0.001	0.841	0.157
>RAACGGAAGTTT	3-RAACGGAAGTTT	10.345271	-25.704076	0	T:9.0(7.32%),B:5.8(0.24%),P:1e-11	Tpos:131.8,Tstd:56.2,Bpos:109.2,Bstd:59.4,StrandBias:0.8,Multiplicity:1.22
0.480	0.001	0.399	0.120
0.997	0.001	0.001	0.001
0.879	0.001	0.001	0.119
0.001	0.997	0.001	0.001
0.001	0.239	0.759	0.001
0.001	0.001	0.997	0.001
0.879	0.119	0.001	0.001
0.740	0.120	0.020	0.120
0.001	0.001	0.997	0.001
0.239	0.001	0.001	0.759
0.120	0.120	0.001	0.759
0.119	0.001	0.001	0.879
>GGTAATGCGTTG	4-GGTAATGCGTTG	8.648218	-24.834597	0	T:7.0(5.69%),B:2.1(0.09%),P:1e-10	Tpos:155.9,Tstd:58.9,Bpos:91.3,Bstd:15.8,StrandBias:0.7,Multiplicity:1.14
0.048	0.001	0.753	0.198
0.001	0.001	0.997	0.001
0.001	0.001	0.001	0.997
0.797	0.001	0.201	0.001
0.997	0.001	0.001	0.001
0.001	0.001	0.001	0.997
0.001	0.001	0.812	0.186
0.001	0.997	0.001	0.001
0.001	0.189	0.764	0.046
0.001	0.001	0.001	0.997
0.001	0.001	0.001	0.997
0.001	0.001	0.750	0.248
>TGTCATTTATAG	5-TGTCATTTATAG	11.192359	-24.662235	0	T:6.0(4.88%),B:1.9(0.08%),P:1e-10	Tpos:175.3,Tstd:32.0,Bpos:71.4,Bstd:13.5,StrandBias:-1.0,Multiplicity:1.00
0.273	0.009	0.001	0.717
0.001	0.136	0.727	0.136
0.135	0.001	0.001	0.863
0.001	0.727	0.136	0.136
0.997	0.001	0.001	0.001
0.001	0.001	0.001	0.997
0.001	0.001	0.001	0.997
0.135	0.001	0.001	0.863
0.990	0.001	0.001	0.008
0.273	0.136	0.001	0.590
0.854	0.001	0.001	0.144
0.136	0.136	0.719	0.009
>SYCACAAGCTGC	6-SYCACAAGCTGC	8.677104	-20.544472	0	T:6.0(4.88%),B:2.3(0.09%),P:1e-8	Tpos:132.7,Tstd:48.0,Bpos:114.1,Bstd:5.9,StrandBias:0.0,Multiplicity:1.00
0.001	0.428	0.570	0.001
0.001	0.428	0.001	0.570
0.001	0.997	0.001	0.001
0.997	0.001	0.001	0.001
0.035	0.929	0.035	0.001
0.997	0.001	0.001	0.001
0.997	0.001	0.001	0.001
0.001	0.001	0.963	0.035
0.001	0.997	0.001	0.001
0.001	0.001	0.035	0.963
0.035	0.001	0.963	0.001
0.001	0.997	0.001	0.001
>CGTATATCAAAC	7-CGTATATCAAAC	12.137234	-20.065789	0	T:7.0(5.69%),B:5.0(0.20%),P:1e-8	Tpos:108.4,Tstd:71.4,Bpos:90.1,Bstd:70.9,StrandBias:1.3,Multiplicity:1.00
0.001	0.537	0.231	0.231
0.001	0.001	0.749	0.249
0.001	0.230	0.001	0.768
0.997	0.001	0.001	0.001
0.249	0.001	0.001	0.749
0.997	0.001	0.001	0.001
0.001	0.001	0.001	0.997
0.230	0.768	0.001	0.001
0.997	0.001	0.001	0.001
0.749	0.249	0.001	0.001
0.997	0.001	0.001	0.001
0.001	0.768	0.001	0.230
>GWMYATTAGTWG	8-GWMYATTAGTWG	11.248319	-19.841830	0	T:5.0(4.07%),B:1.9(0.08%),P:1e-8	Tpos:136.7,Tstd:49.3,Bpos:49.2,Bstd:44.9,StrandBias:1.0,Multiplicity:1.20
0.001	0.001	0.997	0.001
0.570	0.001	0.001	0.428
0.429	0.523	0.001	0.047
0.001	0.570	0.001	0.428
0.997	0.001	0.001	0.001
0.001	0.001	0.001	0.997
0.001	0.001	0.046	0.952
0.997	0.001	0.001	0.001
0.001	0.001	0.997	0.001
0.001	0.001	0.001	0.997
0.570	0.001	0.001	0.428
0.001	0.001	0.997	0.001
>TCGGCCAGTCAA	9-TCGGCCAGTCAA	9.868129	-19.841830	0	T:5.0(4.07%),B:1.7(0.07%),P:1e-8	Tpos:82.8,Tstd:60.4,Bpos:80.0,Bstd:0.0,StrandBias:0.0,Multiplicity:1.60
0.001	0.001	0.001	0.997
0.001	0.997	0.001	0.001
0.074	0.001	0.924	0.001
0.001	0.074	0.924	0.001
0.001	0.997	0.001	0.001
0.075	0.767	0.008	0.150
0.997	0.001	0.001	0.001
0.248	0.001	0.750	0.001
0.001	0.001	0.001	0.997
0.001	0.997	0.001	0.001
0.924	0.001	0.001	0.074
0.997	0.001	0.001	0.001
>TCGTGTGATTAA	10-TCGTGTGATTAA	10.598696	-18.292076	0	T:10.0(8.13%),B:16.8(0.69%),P:1e-7	Tpos:131.5,Tstd:58.4,Bpos:128.8,Bstd:81.9,StrandBias:-1.4,Multiplicity:1.10
0.135	0.001	0.001	0.863
0.001	0.863	0.001	0.135
0.136	0.159	0.569	0.136
0.317	0.001	0.001	0.681
0.001	0.001	0.997	0.001
0.001	0.001	0.001	0.997
0.295	0.136	0.568	0.001
0.726	0.001	0.001	0.272
0.135	0.001	0.001	0.863
0.001	0.001	0.001	0.997
0.863	0.001	0.001	0.135
0.997	0.001	0.001	0.001
>CCAATAAGCCAA	11-CCAATAAGCCAA	10.730052	-17.527158	0	T:8.0(6.50%),B:9.6(0.39%),P:1e-7	Tpos:125.9,Tstd:74.6,Bpos:133.1,Bstd:33.9,StrandBias:0.7,Multiplicity:1.00
0.001	0.997	0.001	0.001
0.158	0.667	0.017	0.158
0.997	0.001	0.001	0.001
0.841	0.001	0.001	0.157
0.001	0.157	0.001	0.841
0.824	0.017	0.158	0.001
0.841	0.001	0.157	0.001
0.001	0.157	0.841	0.001
0.001	0.997	0.001	0.001
0.315	0.683	0.001	0.001
0.683	0.158	0.158	0.001
0.841	0.157	0.001	0.001
>CTATTATSGCTT	12-CTATTATSGCTT	8.970394	-16.237096	0	T:16.0(13.01%),B:61.8(2.54%),P:1e-7	Tpos:120.6,Tstd:71.7,Bpos:124.0,Bstd:84.7,StrandBias:0.5,Multiplicity:1.06
0.107	0.464	0.214	0.214
0.001	0.001	0.106	0.892
0.677	0.001	0.001	0.321
0.001	0.001	0.001	0.997
0.003	0.001	0.001	0.995
0.785	0.213	0.001	0.001
0.107	0.001	0.214	0.678
0.107	0.330	0.455	0.107
0.001	0.001	0.865	0.133
0.003	0.889	0.001	0.107
0.001	0.001	0.001	0.997
0.001	0.321	0.001	0.677
>CAAMRATATGRM	13-CAAMRATATGRM	13.657753	-15.211698	0	T:4.0(3.25%),B:1.6(0.06%),P:1e-6	Tpos:100.6,Tstd:69.5,Bpos:147.5,Bstd:62.6,StrandBias:0.6,Multiplicity:1.25
0.046	0.952	0.001	0.001
0.997	0.001	0.001	0.001
0.997	0.001	0.001	0.001
0.475	0.523	0.001	0.001
0.570	0.001	0.428	0.001
0.997	0.001	0.001	0.001
0.001	0.001	0.001	0.997
0.997	0.001	0.001	0.001
0.001	0.001	0.001	0.997
0.001	0.001	0.997	0.001
0.428	0.001	0.570	0.001
0.428	0.570	0.001	0.001
>AKCSRTCTCGTT	14-AKCSRTCTCGTT	10.119552	-15.211698	0	T:4.0(3.25%),B:0.0(0.00%),P:1e-6	Tpos:111.3,Tstd:60.8,Bpos:0.0,Bstd:0.0,StrandBias:2.3,Multiplicity:1.50
0.997	0.001	0.001	0.001
0.001	0.001	0.463	0.535
0.001	0.997	0.001	0.001
0.001	0.428	0.570	0.001
0.429	0.142	0.429	0.001
0.001	0.001	0.001	0.997
0.001	0.997	0.001	0.001
0.001	0.001	0.001	0.997
0.001	0.997	0.001	0.001
0.001	0.001	0.997	0.001
0.035	0.035	0.001	0.929
0.001	0.001	0.001	0.997
>TGATAAATTGTT	15-TGATAAATTGTT	14.257152	-15.211698	0	T:4.0(3.25%),B:0.7(0.03%),P:1e-6	Tpos:117.8,Tstd:39.4,Bpos:54.0,Bstd:0.0,StrandBias:0.6,Multiplicity:1.25
0.001	0.001	0.001	0.997
0.001	0.001	0.997	0.001
0.997	0.001	0.001	0.001
0.001	0.001	0.001	0.997
0.997	0.001	0.001	0.001
0.799	0.001	0.001	0.199
0.997	0.001	0.001	0.001
0.199	0.001	0.001	0.799
0.001	0.001	0.001	0.997
0.001	0.001	0.997	0.001
0.200	0.001	0.200	0.599
0.001	0.001	0.001	0.997
>RCTKACCCKACC	16-RCTKACCCKACC	10.062579	-10.812224	0	T:3.0(2.44%),B:0.7(0.03%),P:1e-4	Tpos:125.9,Tstd:55.8,Bpos:171.0,Bstd:0.0,StrandBias:10.0,Multiplicity:2.67
0.536	0.001	0.462	0.001
0.001	0.997	0.001	0.001
0.001	0.001	0.001	0.997
0.001	0.142	0.429	0.429
0.997	0.001	0.001	0.001
0.001	0.997	0.001	0.001
0.001	0.997	0.001	0.001
0.001	0.997	0.001	0.001
0.001	0.001	0.428	0.570
0.997	0.001	0.001	0.001
0.033	0.965	0.001	0.001
0.001	0.997	0.001	0.001
>CTTTCTCACAGA	17-CTTTCTCACAGA	13.148551	-6.707025	0	T:2.0(1.63%),B:1.3(0.05%),P:1e-2	Tpos:96.7,Tstd:73.7,Bpos:95.5,Bstd:38.1,StrandBias:10.0,Multiplicity:3.00
0.231	0.537	0.001	0.231
0.001	0.001	0.001	0.997
0.001	0.001	0.001	0.997
0.001	0.001	0.001	0.997
0.001	0.997	0.001	0.001
0.001	0.001	0.001	0.997
0.230	0.768	0.001	0.001
0.997	0.001	0.001	0.001
0.230	0.768	0.001	0.001
0.997	0.001	0.001	0.001
0.001	0.001	0.997	0.001
0.768	0.001	0.230	0.001
>GYAATGCAYCRY	18-GYAATGCAYCRY	6.629785	-5.437650	0	T:6.0(4.88%),B:30.5(1.25%),P:1e-2	Tpos:121.8,Tstd:61.4,Bpos:121.3,Bstd:66.1,StrandBias:-10.0,Multiplicity:2.17
0.001	0.001	0.997	0.001
0.001	0.570	0.001	0.428
0.976	0.001	0.022	0.001
0.997	0.001	0.001	0.001
0.001	0.001	0.001	0.997
0.001	0.001	0.997	0.001
0.001	0.997	0.001	0.001
0.997	0.001	0.001	0.001
0.001	0.451	0.001	0.547
0.001	0.997	0.001	0.001
0.570	0.001	0.428	0.001
0.001	0.570	0.001	0.428
>GTCATT	1-GTCATT	5.305605	-14.652881	0	T:79.0(64.23%),B:1018.6(41.80%),P:1e-6	Tpos:126.4,Tstd:67.2,Bpos:124.6,Bstd:74.1,StrandBias:0.1,Multiplicity:1.51
0.001	0.001	0.997	0.001
0.380	0.001	0.001	0.618
0.001	0.997	0.001	0.001
0.997	0.001	0.001	0.001
0.001	0.001	0.131	0.867
0.001	0.001	0.001	0.997
>CCCACG	2-CCCACG	6.177716	-8.151409	0	T:18.0(14.63%),B:142.3(5.84%),P:1e-3	Tpos:93.6,Tstd:52.6,Bpos:120.7,Bstd:63.4,StrandBias:-0.2,Multiplicity:1.06
0.100	0.700	0.100	0.100
0.100	0.700	0.100	0.100
0.100	0.700	0.100	0.100
0.700	0.100	0.100	0.100
0.100	0.700	0.100	0.100
0.100	0.100	0.700	0.100
>TTAGGC	3-TTAGGC	6.177716	-7.616174	0	T:20.0(16.26%),B:175.4(7.20%),P:1e-3	Tpos:141.8,Tstd:71.4,Bpos:128.1,Bstd:70.2,StrandBias:0.7,Multiplicity:1.05
0.100	0.100	0.100	0.700
0.100	0.100	0.100	0.700
0.700	0.100	0.100	0.100
0.100	0.100	0.700	0.100
0.100	0.100	0.700	0.100
0.100	0.700	0.100	0.100
>TCCGTT	4-TCCGTT	6.177716	-6.992344	0	T:20.0(16.26%),B:184.2(7.56%),P:1e-3	Tpos:142.4,Tstd:62.4,Bpos:129.6,Bstd:77.7,StrandBias:-0.6,Multiplicity:1.15
0.100	0.100	0.100	0.700
0.100	0.700	0.100	0.100
0.100	0.700	0.100	0.100
0.100	0.100	0.700	0.100
0.100	0.100	0.100	0.700
0.100	0.100	0.100	0.700
>ATGCGC	5-ATGCGC	6.177716	-5.437916	0	T:27.0(21.95%),B:318.1(13.05%),P:1e-2	Tpos:100.1,Tstd:46.7,Bpos:123.7,Bstd:64.2,StrandBias:-0.2,Multiplicity:1.30
0.700	0.100	0.100	0.100
0.100	0.100	0.100	0.700
0.100	0.100	0.700	0.100
0.100	0.700	0.100	0.100
0.100	0.100	0.700	0.100
0.100	0.700	0.100	0.100
>GTCATTTA	1-GTCATTTA	6.710412	-23.960478	0	T:39.0(31.71%),B:245.0(10.05%),P:1e-10	Tpos:112.2,Tstd:61.4,Bpos:121.4,Bstd:74.6,StrandBias:0.1,Multiplicity:1.08
0.001	0.001	0.997	0.001
0.046	0.001	0.001	0.952
0.001	0.997	0.001	0.001
0.997	0.001	0.001	0.001
0.001	0.080	0.130	0.789
0.001	0.001	0.001	0.997
0.078	0.001	0.087	0.834
0.804	0.001	0.001	0.194
>GGCTTCTT	2-GGCTTCTT	7.629338	-19.759371	0	T:28.0(22.76%),B:155.0(6.36%),P:1e-8	Tpos:132.2,Tstd:81.2,Bpos:127.9,Bstd:77.3,StrandBias:-0.4,Multiplicity:1.11
0.001	0.001	0.875	0.123
0.001	0.076	0.746	0.177
0.185	0.813	0.001	0.001
0.001	0.001	0.001	0.997
0.001	0.041	0.080	0.878
0.136	0.784	0.079	0.001
0.001	0.001	0.049	0.949
0.001	0.001	0.001	0.997
>ACTCGGTG	3-ACTCGGTG	6.779120	-18.731787	0	T:24.0(19.51%),B:120.1(4.93%),P:1e-8	Tpos:126.9,Tstd:75.3,Bpos:132.5,Bstd:64.9,StrandBias:1.1,Multiplicity:1.17
0.954	0.001	0.044	0.001
0.040	0.869	0.058	0.033
0.058	0.090	0.033	0.819
0.050	0.948	0.001	0.001
0.001	0.050	0.913	0.036
0.071	0.001	0.794	0.134
0.045	0.071	0.051	0.833
0.089	0.001	0.909	0.001
>TAGTAGCC	4-TAGTAGCC	8.258288	-14.687098	0	T:13.0(10.57%),B:44.6(1.83%),P:1e-6	Tpos:112.0,Tstd:66.9,Bpos:119.1,Bstd:76.8,StrandBias:0.0,Multiplicity:1.08
0.001	0.001	0.001	0.997
0.997	0.001	0.001	0.001
0.001	0.001	0.997	0.001
0.001	0.001	0.001	0.997
0.915	0.001	0.001	0.083
0.001	0.001	0.997	0.001
0.076	0.795	0.001	0.128
0.001	0.906	0.001	0.092
>AATGCATC	5-AATGCATC	8.981185	-11.469515	0	T:11.0(8.94%),B:42.6(1.75%),P:1e-4	Tpos:140.2,Tstd:62.6,Bpos:119.9,Bstd:63.1,StrandBias:-2.8,Multiplicity:1.45
0.821	0.177	0.001	0.001
0.997	0.001	0.001	0.001
0.001	0.300	0.001	0.698
0.001	0.001	0.997	0.001
0.001	0.997	0.001	0.001
0.997	0.001	0.001	0.001
0.001	0.001	0.001	0.997
0.001	0.997	0.001	0.001
>AAAGACGT	6-AAAGACGT	10.675116	-11.270217	0	T:7.0(5.69%),B:15.7(0.64%),P:1e-4	Tpos:146.3,Tstd:64.1,Bpos:112.8,Bstd:74.5,StrandBias:-1.3,Multiplicity:1.00
0.997	0.001	0.001	0.001
0.864	0.134	0.001	0.001
0.997	0.001	0.001	0.001
0.001	0.001	0.997	0.001
0.997	0.001	0.001	0.001
0.001	0.997	0.001	0.001
0.220	0.001	0.778	0.001
0.001	0.001	0.001	0.997
>ACTGAGTC	7-ACTGAGTC	8.524980	-10.629145	0	T:9.0(7.32%),B:30.7(1.26%),P:1e-4	Tpos:132.6,Tstd:51.8,Bpos:116.1,Bstd:71.4,StrandBias:-0.3,Multiplicity:1.11
0.634	0.001	0.364	0.001
0.001	0.997	0.001	0.001
0.001	0.001	0.001	0.997
0.001	0.213	0.785	0.001
0.997	0.001	0.001	0.001
0.001	0.420	0.578	0.001
0.001	0.001	0.001	0.997
0.001	0.997	0.001	0.001
>TGGTCTAT	8-TGGTCTAT	9.579093	-9.543460	0	T:10.0(8.13%),B:43.7(1.79%),P:1e-4	Tpos:93.8,Tstd:56.2,Bpos:106.8,Bstd:45.6,StrandBias:-1.6,Multiplicity:1.20
0.001	0.001	0.001	0.997
0.001	0.001	0.997	0.001
0.001	0.001	0.997	0.001
0.001	0.001	0.001	0.997
0.001	0.997	0.001	0.001
0.251	0.001	0.001	0.747
0.895	0.001	0.001	0.103
0.001	0.001	0.001	0.997
>GGTAGGGT	9-GGTAGGGT	9.165513	-2.234399	0	T:2.0(1.63%),B:11.8(0.48%),P:1e0	Tpos:134.6,Tstd:55.5,Bpos:149.9,Bstd:51.2,StrandBias:-10.0,Multiplicity:3.50
0.001	0.001	0.997	0.001
0.001	0.001	0.997	0.001
0.001	0.001	0.001	0.997
0.849	0.149	0.001	0.001
0.001	0.001	0.997	0.001
0.001	0.001	0.997	0.001
0.001	0.001	0.997	0.001
0.001	0.001	0.001	0.997
