>DATTTCGATTAT	1-DATTTCGATTAT	10.363816	-32.152005	0	T:7.0(7.87%),B:0.8(0.03%),P:1e-13	Tpos:112.7,Tstd:74.3,Bpos:161.0,Bstd:0.0,StrandBias:0.4,Multiplicity:1.00
0.303	0.001	0.393	0.303
0.997	0.001	0.001	0.001
0.001	0.302	0.001	0.696
0.022	0.303	0.001	0.674
0.302	0.001	0.001	0.696
0.001	0.997	0.001	0.001
0.001	0.001	0.976	0.022
0.696	0.001	0.302	0.001
0.001	0.001	0.001	0.997
0.001	0.001	0.001	0.997
0.997	0.001	0.001	0.001
0.022	0.001	0.001	0.976
>ACCTGCVATTTA	2-ACCTGCVATTTA	10.351499	-24.519039	0	T:7.0(7.87%),B:3.0(0.12%),P:1e-10	Tpos:158.9,Tstd:47.0,Bpos:123.0,Bstd:53.6,StrandBias:1.3,Multiplicity:1.00
0.997	0.001	0.001	0.001
0.022	0.976	0.001	0.001
0.001	0.696	0.302	0.001
0.001	0.001	0.001	0.997
0.001	0.001	0.997	0.001
0.001	0.997	0.001	0.001
0.303	0.393	0.303	0.001
0.674	0.001	0.022	0.303
0.325	0.001	0.001	0.673
0.001	0.001	0.001	0.997
0.302	0.001	0.001	0.696
0.997	0.001	0.001	0.001
>GGTTGGCCTGCC	3-GGTTGGCCTGCC	11.483356	-21.612798	0	T:5.0(5.62%),B:1.0(0.04%),P:1e-9	Tpos:144.8,Tstd:55.3,Bpos:25.0,Bstd:0.0,StrandBias:1.0,Multiplicity:1.20
0.001	0.001	0.997	0.001
0.332	0.001	0.666	0.001
0.001	0.001	0.166	0.832
0.001	0.001	0.001	0.997
0.001	0.001	0.997	0.001
0.001	0.001	0.832	0.166
0.001	0.832	0.166	0.001
0.001	0.832	0.001	0.166
0.001	0.001	0.001	0.997
0.001	0.001	0.832	0.166
0.001	0.832	0.166	0.001
0.001	0.666	0.001	0.332
>GAATAAATTAAC	4-GAATAAATTAAC	12.606682	-18.566896	0	T:6.0(6.74%),B:4.7(0.19%),P:1e-8	Tpos:156.4,Tstd:58.7,Bpos:143.8,Bstd:87.2,StrandBias:0.4,Multiplicity:1.17
0.232	0.001	0.766	0.001
0.766	0.232	0.001	0.001
0.997	0.001	0.001	0.001
0.232	0.001	0.001	0.766
0.997	0.001	0.001	0.001
0.997	0.001	0.001	0.001
0.997	0.001	0.001	0.001
0.001	0.001	0.001	0.997
0.001	0.001	0.001	0.997
0.500	0.267	0.232	0.001
0.997	0.001	0.001	0.001
0.232	0.500	0.001	0.267
>CTGCATTTATTA	5-CTGCATTTATTA	12.897503	-18.175010	0	T:5.0(5.62%),B:2.4(0.10%),P:1e-7	Tpos:109.8,Tstd:46.4,Bpos:182.5,Bstd:30.5,StrandBias:0.6,Multiplicity:1.00
0.262	0.524	0.001	0.213
0.001	0.001	0.001	0.997
0.001	0.001	0.804	0.194
0.001	0.997	0.001	0.001
0.997	0.001	0.001	0.001
0.001	0.001	0.001	0.997
0.001	0.001	0.243	0.755
0.244	0.249	0.018	0.488
0.997	0.001	0.001	0.001
0.001	0.001	0.243	0.755
0.001	0.001	0.001	0.997
0.997	0.001	0.001	0.001
>TMGAWCCKGKTT	6-TMGAWCCKGKTT	10.906768	-16.619963	0	T:4.0(4.49%),B:0.0(0.00%),P:1e-7	Tpos:159.5,Tstd:61.4,Bpos:0.0,Bstd:0.0,StrandBias:1.0,Multiplicity:1.50
0.001	0.001	0.001	0.997
0.434	0.564	0.001	0.001
0.001	0.001	0.956	0.042
0.997	0.001	0.001	0.001
0.564	0.001	0.001	0.434
0.001	0.997	0.001	0.001
0.001	0.997	0.001	0.001
0.001	0.001	0.477	0.521
0.001	0.001	0.997	0.001
0.001	0.001	0.477	0.521
0.001	0.001	0.001	0.997
0.001	0.001	0.001	0.997
>TAGACGMAATAA	7-TAGACGMAATAA	8.803292	-15.174474	0	T:11.0(12.36%),B:41.7(1.67%),P:1e-6	Tpos:95.7,Tstd:64.9,Bpos:127.3,Bstd:79.4,StrandBias:0.0,Multiplicity:1.09
0.001	0.001	0.001	0.997
0.985	0.001	0.001	0.013
0.002	0.108	0.675	0.215
0.784	0.001	0.214	0.001
0.121	0.663	0.001	0.215
0.107	0.001	0.891	0.001
0.322	0.462	0.001	0.215
0.784	0.001	0.001	0.214
0.890	0.001	0.108	0.001
0.014	0.215	0.108	0.663
0.556	0.107	0.336	0.001
0.663	0.229	0.001	0.107
>AGAGCCTTGTCT	8-AGAGCCTTGTCT	10.409522	-13.874509	0	T:4.0(4.49%),B:2.1(0.09%),P:1e-6	Tpos:104.2,Tstd:81.2,Bpos:209.3,Bstd:38.7,StrandBias:1.6,Multiplicity:1.00
0.700	0.100	0.100	0.100
0.100	0.100	0.700	0.100
0.700	0.100	0.100	0.100
0.100	0.100	0.700	0.100
0.100	0.700	0.100	0.100
0.100	0.700	0.100	0.100
0.100	0.100	0.100	0.700
0.100	0.100	0.100	0.700
0.100	0.100	0.700	0.100
0.100	0.100	0.100	0.700
0.100	0.700	0.100	0.100
0.100	0.100	0.100	0.700
>GTAACCACGTTT	9-GTAACCACGTTT	10.207729	-12.279761	0	T:4.0(4.49%),B:3.0(0.12%),P:1e-5	Tpos:163.3,Tstd:37.1,Bpos:188.1,Bstd:24.3,StrandBias:-0.4,Multiplicity:1.00
0.001	0.001	0.997	0.001
0.037	0.001	0.001	0.961
0.961	0.001	0.001	0.037
0.997	0.001	0.001	0.001
0.001	0.997	0.001	0.001
0.001	0.961	0.001	0.037
0.997	0.001	0.001	0.001
0.001	0.770	0.001	0.228
0.037	0.001	0.961	0.001
0.001	0.001	0.228	0.770
0.001	0.001	0.001	0.997
0.037	0.001	0.001	0.961
>ACAGTGACACTC	10-ACAGTGACACTC	9.944308	-11.861365	0	T:3.0(3.37%),B:0.8(0.03%),P:1e-5	Tpos:165.4,Tstd:46.3,Bpos:167.0,Bstd:0.0,StrandBias:2.0,Multiplicity:1.67
0.997	0.001	0.001	0.001
0.001	0.997	0.001	0.001
0.779	0.219	0.001	0.001
0.001	0.001	0.997	0.001
0.001	0.001	0.001	0.997
0.001	0.001	0.997	0.001
0.997	0.001	0.001	0.001
0.001	0.997	0.001	0.001
0.770	0.228	0.001	0.001
0.129	0.771	0.099	0.001
0.001	0.099	0.001	0.899
0.001	0.779	0.219	0.001
>ACGTATTGATGT	11-ACGTATTGATGT	10.409522	-7.400807	0	T:2.0(2.25%),B:1.5(0.06%),P:1e-3	Tpos:66.1,Tstd:36.8,Bpos:158.0,Bstd:38.9,StrandBias:10.0,Multiplicity:5.00
0.700	0.100	0.100	0.100
0.100	0.700	0.100	0.100
0.100	0.100	0.700	0.100
0.100	0.100	0.100	0.700
0.700	0.100	0.100	0.100
0.100	0.100	0.100	0.700
0.100	0.100	0.100	0.700
0.100	0.100	0.700	0.100
0.700	0.100	0.100	0.100
0.100	0.100	0.100	0.700
0.100	0.100	0.700	0.100
0.100	0.100	0.100	0.700
>TGCTGACTTCGC	12-TGCTGACTTCGC	13.494424	-7.400807	0	T:2.0(2.25%),B:1.0(0.04%),P:1e-3	Tpos:128.5,Tstd:85.5,Bpos:180.0,Bstd:0.0,StrandBias:0.0,Multiplicity:1.00
0.001	0.075	0.001	0.923
0.001	0.001	0.997	0.001
0.001	0.997	0.001	0.001
0.001	0.001	0.001	0.997
0.001	0.001	0.770	0.228
0.997	0.001	0.001	0.001
0.001	0.997	0.001	0.001
0.001	0.001	0.228	0.770
0.001	0.001	0.001	0.997
0.001	0.997	0.001	0.001
0.001	0.001	0.997	0.001
0.075	0.923	0.001	0.001
>TGTTGTAAACAT	13-TGTTGTAAACAT	13.485617	-7.400807	0	T:2.0(2.25%),B:0.0(0.00%),P:1e-3	Tpos:85.0,Tstd:61.0,Bpos:0.0,Bstd:0.0,StrandBias:10.0,Multiplicity:1.00
0.001	0.001	0.001	0.997
0.001	0.001	0.997	0.001
0.001	0.001	0.001	0.997
0.001	0.228	0.001	0.770
0.001	0.001	0.997	0.001
0.001	0.001	0.001	0.997
0.847	0.001	0.076	0.076
0.997	0.001	0.001	0.001
0.770	0.228	0.001	0.001
0.001	0.997	0.001	0.001
0.997	0.001	0.001	0.001
0.001	0.001	0.001	0.997
