>ATATCGATTA	1-ATATCGATTA	11.091263	-28.908241	0	T:9.0(10.11%),B:5.7(0.23%),P:1e-12	Tpos:152.0,Tstd:61.9,Bpos:121.8,Bstd:64.1,StrandBias:0.3,Multiplicity:1.00
0.856	0.001	0.001	0.142
0.001	0.001	0.001	0.997
0.713	0.001	0.143	0.143
0.001	0.001	0.001	0.997
0.142	0.856	0.001	0.001
0.001	0.001	0.997	0.001
0.856	0.142	0.001	0.001
0.001	0.001	0.001	0.997
0.001	0.001	0.001	0.997
0.856	0.142	0.001	0.001
>GAATAAATTC	2-GAATAAATTC	10.858099	-22.813815	0	T:9.0(10.11%),B:10.5(0.42%),P:1e-9	Tpos:167.2,Tstd:66.4,Bpos:124.6,Bstd:102.6,StrandBias:1.0,Multiplicity:1.00
0.001	0.001	0.997	0.001
0.997	0.001	0.001	0.001
0.763	0.118	0.001	0.118
0.118	0.001	0.001	0.880
0.997	0.001	0.001	0.001
0.997	0.001	0.001	0.001
0.763	0.001	0.118	0.118
0.001	0.001	0.001	0.997
0.001	0.001	0.118	0.880
0.049	0.832	0.118	0.001
>KGTTCCTTCG	3-KGTTCCTTCG	7.692391	-22.379998	0	T:16.0(17.98%),B:57.4(2.29%),P:1e-9	Tpos:118.6,Tstd:67.2,Bpos:105.2,Bstd:72.3,StrandBias:-0.2,Multiplicity:1.19
0.001	0.001	0.514	0.484
0.005	0.263	0.666	0.066
0.001	0.001	0.175	0.823
0.167	0.001	0.175	0.657
0.322	0.675	0.001	0.002
0.002	0.832	0.083	0.083
0.001	0.001	0.325	0.673
0.087	0.001	0.082	0.830
0.165	0.582	0.165	0.088
0.002	0.001	0.819	0.178
>TGYATTGATT	4-TGYATTGATT	10.267376	-18.996212	0	T:11.0(12.36%),B:28.4(1.14%),P:1e-8	Tpos:110.8,Tstd:54.5,Bpos:123.3,Bstd:74.6,StrandBias:0.0,Multiplicity:1.20
0.001	0.001	0.001	0.997
0.001	0.001	0.997	0.001
0.016	0.421	0.001	0.562
0.852	0.001	0.001	0.146
0.001	0.001	0.001	0.997
0.144	0.144	0.001	0.711
0.001	0.260	0.479	0.260
0.997	0.001	0.001	0.001
0.001	0.001	0.001	0.997
0.001	0.001	0.001	0.997
>AAGCGAAGTG	5-AAGCGAAGTG	11.060955	-18.566896	0	T:6.0(6.74%),B:4.8(0.19%),P:1e-8	Tpos:107.4,Tstd:62.8,Bpos:90.5,Bstd:48.2,StrandBias:-0.4,Multiplicity:1.17
0.856	0.001	0.142	0.001
0.997	0.001	0.001	0.001
0.001	0.001	0.997	0.001
0.143	0.713	0.143	0.001
0.143	0.143	0.713	0.001
0.997	0.001	0.001	0.001
0.997	0.001	0.001	0.001
0.001	0.001	0.997	0.001
0.001	0.001	0.001	0.997
0.001	0.142	0.856	0.001
>GTCATAAATA	6-GTCATAAATA	10.153579	-17.147701	0	T:12.0(13.48%),B:42.8(1.71%),P:1e-7	Tpos:135.8,Tstd:65.1,Bpos:115.2,Bstd:63.0,StrandBias:0.2,Multiplicity:1.08
0.001	0.065	0.796	0.138
0.001	0.001	0.064	0.934
0.108	0.805	0.001	0.086
0.912	0.001	0.086	0.001
0.108	0.001	0.001	0.890
0.997	0.001	0.001	0.001
0.912	0.001	0.086	0.001
0.890	0.108	0.001	0.001
0.001	0.001	0.001	0.997
0.912	0.001	0.001	0.086
>TCCGCTGACC	7-TCCGCTGACC	7.975323	-12.723871	0	T:12.0(13.48%),B:65.0(2.59%),P:1e-5	Tpos:113.2,Tstd:42.1,Bpos:132.4,Bstd:53.0,StrandBias:0.0,Multiplicity:1.17
0.070	0.100	0.303	0.527
0.001	0.899	0.099	0.001
0.100	0.799	0.100	0.001
0.001	0.001	0.997	0.001
0.001	0.994	0.004	0.001
0.003	0.001	0.001	0.995
0.200	0.100	0.699	0.001
0.599	0.100	0.300	0.001
0.005	0.894	0.100	0.001
0.068	0.626	0.206	0.100
>TAAATTATGC	8-TAAATTATGC	9.895816	-12.258928	0	T:9.0(10.11%),B:35.5(1.42%),P:1e-5	Tpos:125.1,Tstd:47.7,Bpos:118.2,Bstd:73.6,StrandBias:0.8,Multiplicity:1.22
0.001	0.001	0.001	0.997
0.772	0.092	0.001	0.135
0.997	0.001	0.001	0.001
0.787	0.001	0.001	0.211
0.135	0.001	0.001	0.863
0.051	0.001	0.001	0.947
0.863	0.135	0.001	0.001
0.001	0.001	0.135	0.863
0.001	0.001	0.959	0.039
0.001	0.997	0.001	0.001
>GGTCACGGTA	9-GGTCACGGTA	11.923215	-6.037594	0	T:2.0(2.25%),B:2.4(0.09%),P:1e-2	Tpos:139.2,Tstd:63.1,Bpos:118.3,Bstd:99.3,StrandBias:-2.3,Multiplicity:3.00
0.001	0.001	0.997	0.001
0.001	0.001	0.997	0.001
0.001	0.001	0.001	0.997
0.001	0.997	0.001	0.001
0.818	0.180	0.001	0.001
0.001	0.997	0.001	0.001
0.001	0.001	0.997	0.001
0.001	0.001	0.997	0.001
0.001	0.001	0.001	0.997
0.818	0.180	0.001	0.001
>ATTGATGTGT	10-ATTGATGTGT	10.296193	-3.354139	0	T:1.0(1.12%),B:1.5(0.06%),P:1e-1	Tpos:71.7,Tstd:41.5,Bpos:87.1,Bstd:7.4,StrandBias:10.0,Multiplicity:9.00
0.700	0.100	0.100	0.100
0.100	0.100	0.100	0.700
0.100	0.100	0.100	0.700
0.100	0.100	0.700	0.100
0.700	0.100	0.100	0.100
0.100	0.100	0.100	0.700
0.100	0.100	0.700	0.100
0.100	0.100	0.100	0.700
0.100	0.100	0.700	0.100
0.100	0.100	0.100	0.700
>DATTTCGATTAT	1-DATTTCGATTAT	10.363816	-32.152005	0	T:7.0(7.87%),B:0.8(0.03%),P:1e-13	Tpos:112.7,Tstd:74.3,Bpos:161.0,Bstd:0.0,StrandBias:0.4,Multiplicity:1.00
0.303	0.001	0.393	0.303
0.997	0.001	0.001	0.001
0.001	0.302	0.001	0.696
0.022	0.303	0.001	0.674
0.302	0.001	0.001	0.696
0.001	0.997	0.001	0.001
0.001	0.001	0.976	0.022
0.696	0.001	0.302	0.001
0.001	0.001	0.001	0.997
0.001	0.001	0.001	0.997
0.997	0.001	0.001	0.001
0.022	0.001	0.001	0.976
>ACCTGCVATTTA	2-ACCTGCVATTTA	10.351499	-24.519039	0	T:7.0(7.87%),B:3.0(0.12%),P:1e-10	Tpos:158.9,Tstd:47.0,Bpos:123.0,Bstd:53.6,StrandBias:1.3,Multiplicity:1.00
0.997	0.001	0.001	0.001
0.022	0.976	0.001	0.001
0.001	0.696	0.302	0.001
0.001	0.001	0.001	0.997
0.001	0.001	0.997	0.001
0.001	0.997	0.001	0.001
0.303	0.393	0.303	0.001
0.674	0.001	0.022	0.303
0.325	0.001	0.001	0.673
0.001	0.001	0.001	0.997
0.302	0.001	0.001	0.696
0.997	0.001	0.001	0.001
>GGTTGGCCTGCC	3-GGTTGGCCTGCC	11.483356	-21.612798	0	T:5.0(5.62%),B:1.0(0.04%),P:1e-9	Tpos:144.8,Tstd:55.3,Bpos:25.0,Bstd:0.0,StrandBias:1.0,Multiplicity:1.20
0.001	0.001	0.997	0.001
0.332	0.001	0.666	0.001
0.001	0.001	0.166	0.832
0.001	0.001	0.001	0.997
0.001	0.001	0.997	0.001
0.001	0.001	0.832	0.166
0.001	0.832	0.166	0.001
0.001	0.832	0.001	0.166
0.001	0.001	0.001	0.997
0.001	0.001	0.832	0.166
0.001	0.832	0.166	0.001
0.001	0.666	0.001	0.332
>GAATAAATTAAC	4-GAATAAATTAAC	12.606682	-18.566896	0	T:6.0(6.74%),B:4.7(0.19%),P:1e-8	Tpos:156.4,Tstd:58.7,Bpos:143.8,Bstd:87.2,StrandBias:0.4,Multiplicity:1.17
0.232	0.001	0.766	0.001
0.766	0.232	0.001	0.001
0.997	0.001	0.001	0.001
0.232	0.001	0.001	0.766
0.997	0.001	0.001	0.001
0.997	0.001	0.001	0.001
0.997	0.001	0.001	0.001
0.001	0.001	0.001	0.997
0.001	0.001	0.001	0.997
0.500	0.267	0.232	0.001
0.997	0.001	0.001	0.001
0.232	0.500	0.001	0.267
>CTGCATTTATTA	5-CTGCATTTATTA	12.897503	-18.175010	0	T:5.0(5.62%),B:2.4(0.10%),P:1e-7	Tpos:109.8,Tstd:46.4,Bpos:182.5,Bstd:30.5,StrandBias:0.6,Multiplicity:1.00
0.262	0.524	0.001	0.213
0.001	0.001	0.001	0.997
0.001	0.001	0.804	0.194
0.001	0.997	0.001	0.001
0.997	0.001	0.001	0.001
0.001	0.001	0.001	0.997
0.001	0.001	0.243	0.755
0.244	0.249	0.018	0.488
0.997	0.001	0.001	0.001
0.001	0.001	0.243	0.755
0.001	0.001	0.001	0.997
0.997	0.001	0.001	0.001
>TMGAWCCKGKTT	6-TMGAWCCKGKTT	10.906768	-16.619963	0	T:4.0(4.49%),B:0.0(0.00%),P:1e-7	Tpos:159.5,Tstd:61.4,Bpos:0.0,Bstd:0.0,StrandBias:1.0,Multiplicity:1.50
0.001	0.001	0.001	0.997
0.434	0.564	0.001	0.001
0.001	0.001	0.956	0.042
0.997	0.001	0.001	0.001
0.564	0.001	0.001	0.434
0.001	0.997	0.001	0.001
0.001	0.997	0.001	0.001
0.001	0.001	0.477	0.521
0.001	0.001	0.997	0.001
0.001	0.001	0.477	0.521
0.001	0.001	0.001	0.997
0.001	0.001	0.001	0.997
>TAGACGMAATAA	7-TAGACGMAATAA	8.803292	-15.174474	0	T:11.0(12.36%),B:41.7(1.67%),P:1e-6	Tpos:95.7,Tstd:64.9,Bpos:127.3,Bstd:79.4,StrandBias:0.0,Multiplicity:1.09
0.001	0.001	0.001	0.997
0.985	0.001	0.001	0.013
0.002	0.108	0.675	0.215
0.784	0.001	0.214	0.001
0.121	0.663	0.001	0.215
0.107	0.001	0.891	0.001
0.322	0.462	0.001	0.215
0.784	0.001	0.001	0.214
0.890	0.001	0.108	0.001
0.014	0.215	0.108	0.663
0.556	0.107	0.336	0.001
0.663	0.229	0.001	0.107
>AGAGCCTTGTCT	8-AGAGCCTTGTCT	10.409522	-13.874509	0	T:4.0(4.49%),B:2.1(0.09%),P:1e-6	Tpos:104.2,Tstd:81.2,Bpos:209.3,Bstd:38.7,StrandBias:1.6,Multiplicity:1.00
0.700	0.100	0.100	0.100
0.100	0.100	0.700	0.100
0.700	0.100	0.100	0.100
0.100	0.100	0.700	0.100
0.100	0.700	0.100	0.100
0.100	0.700	0.100	0.100
0.100	0.100	0.100	0.700
0.100	0.100	0.100	0.700
0.100	0.100	0.700	0.100
0.100	0.100	0.100	0.700
0.100	0.700	0.100	0.100
0.100	0.100	0.100	0.700
>GTAACCACGTTT	9-GTAACCACGTTT	10.207729	-12.279761	0	T:4.0(4.49%),B:3.0(0.12%),P:1e-5	Tpos:163.3,Tstd:37.1,Bpos:188.1,Bstd:24.3,StrandBias:-0.4,Multiplicity:1.00
0.001	0.001	0.997	0.001
0.037	0.001	0.001	0.961
0.961	0.001	0.001	0.037
0.997	0.001	0.001	0.001
0.001	0.997	0.001	0.001
0.001	0.961	0.001	0.037
0.997	0.001	0.001	0.001
0.001	0.770	0.001	0.228
0.037	0.001	0.961	0.001
0.001	0.001	0.228	0.770
0.001	0.001	0.001	0.997
0.037	0.001	0.001	0.961
>ACAGTGACACTC	10-ACAGTGACACTC	9.944308	-11.861365	0	T:3.0(3.37%),B:0.8(0.03%),P:1e-5	Tpos:165.4,Tstd:46.3,Bpos:167.0,Bstd:0.0,StrandBias:2.0,Multiplicity:1.67
0.997	0.001	0.001	0.001
0.001	0.997	0.001	0.001
0.779	0.219	0.001	0.001
0.001	0.001	0.997	0.001
0.001	0.001	0.001	0.997
0.001	0.001	0.997	0.001
0.997	0.001	0.001	0.001
0.001	0.997	0.001	0.001
0.770	0.228	0.001	0.001
0.129	0.771	0.099	0.001
0.001	0.099	0.001	0.899
0.001	0.779	0.219	0.001
>ACGTATTGATGT	11-ACGTATTGATGT	10.409522	-7.400807	0	T:2.0(2.25%),B:1.5(0.06%),P:1e-3	Tpos:66.1,Tstd:36.8,Bpos:158.0,Bstd:38.9,StrandBias:10.0,Multiplicity:5.00
0.700	0.100	0.100	0.100
0.100	0.700	0.100	0.100
0.100	0.100	0.700	0.100
0.100	0.100	0.100	0.700
0.700	0.100	0.100	0.100
0.100	0.100	0.100	0.700
0.100	0.100	0.100	0.700
0.100	0.100	0.700	0.100
0.700	0.100	0.100	0.100
0.100	0.100	0.100	0.700
0.100	0.100	0.700	0.100
0.100	0.100	0.100	0.700
>TGCTGACTTCGC	12-TGCTGACTTCGC	13.494424	-7.400807	0	T:2.0(2.25%),B:1.0(0.04%),P:1e-3	Tpos:128.5,Tstd:85.5,Bpos:180.0,Bstd:0.0,StrandBias:0.0,Multiplicity:1.00
0.001	0.075	0.001	0.923
0.001	0.001	0.997	0.001
0.001	0.997	0.001	0.001
0.001	0.001	0.001	0.997
0.001	0.001	0.770	0.228
0.997	0.001	0.001	0.001
0.001	0.997	0.001	0.001
0.001	0.001	0.228	0.770
0.001	0.001	0.001	0.997
0.001	0.997	0.001	0.001
0.001	0.001	0.997	0.001
0.075	0.923	0.001	0.001
>TGTTGTAAACAT	13-TGTTGTAAACAT	13.485617	-7.400807	0	T:2.0(2.25%),B:0.0(0.00%),P:1e-3	Tpos:85.0,Tstd:61.0,Bpos:0.0,Bstd:0.0,StrandBias:10.0,Multiplicity:1.00
0.001	0.001	0.001	0.997
0.001	0.001	0.997	0.001
0.001	0.001	0.001	0.997
0.001	0.228	0.001	0.770
0.001	0.001	0.997	0.001
0.001	0.001	0.001	0.997
0.847	0.001	0.076	0.076
0.997	0.001	0.001	0.001
0.770	0.228	0.001	0.001
0.001	0.997	0.001	0.001
0.997	0.001	0.001	0.001
0.001	0.001	0.001	0.997
>CAGTCC	1-CAGTCC	5.569394	-12.425593	0	T:41.0(46.07%),B:598.8(23.91%),P:1e-5	Tpos:127.6,Tstd:65.3,Bpos:119.3,Bstd:68.9,StrandBias:-0.2,Multiplicity:1.27
0.282	0.716	0.001	0.001
0.997	0.001	0.001	0.001
0.001	0.001	0.997	0.001
0.001	0.001	0.120	0.878
0.001	0.997	0.001	0.001
0.001	0.752	0.246	0.001
>TGTCTA	2-TGTCTA	7.191045	-9.910917	0	T:29.0(32.58%),B:389.2(15.54%),P:1e-4	Tpos:119.4,Tstd:81.7,Bpos:131.8,Bstd:71.4,StrandBias:-0.1,Multiplicity:1.14
0.001	0.001	0.329	0.669
0.001	0.001	0.997	0.001
0.001	0.001	0.001	0.997
0.001	0.997	0.001	0.001
0.001	0.001	0.001	0.997
0.997	0.001	0.001	0.001
>GGAAGA	3-GGAAGA	6.982236	-9.338760	0	T:34.0(38.20%),B:511.8(20.44%),P:1e-4	Tpos:109.7,Tstd:73.3,Bpos:128.2,Bstd:77.3,StrandBias:-0.9,Multiplicity:1.13
0.001	0.001	0.997	0.001
0.001	0.267	0.731	0.001
0.997	0.001	0.001	0.001
0.997	0.001	0.001	0.001
0.001	0.001	0.997	0.001
0.997	0.001	0.001	0.001
>AGCATA	4-AGCATA	6.366033	-8.967750	0	T:44.0(49.44%),B:760.7(30.38%),P:1e-3	Tpos:136.4,Tstd:70.4,Bpos:129.6,Bstd:71.8,StrandBias:0.4,Multiplicity:1.36
0.997	0.001	0.001	0.001
0.001	0.001	0.777	0.221
0.001	0.813	0.001	0.185
0.997	0.001	0.001	0.001
0.001	0.001	0.001	0.997
0.997	0.001	0.001	0.001
>CGGCAG	5-CGGCAG	5.786886	-6.391106	0	T:33.0(37.08%),B:571.9(22.84%),P:1e-2	Tpos:137.1,Tstd:72.9,Bpos:123.7,Bstd:76.2,StrandBias:-0.4,Multiplicity:1.39
0.001	0.997	0.001	0.001
0.001	0.001	0.997	0.001
0.001	0.139	0.859	0.001
0.204	0.636	0.159	0.001
0.997	0.001	0.001	0.001
0.147	0.001	0.851	0.001
>TAGCCAAT	1-TAGCCAAT	6.834065	-13.947951	0	T:21.0(23.60%),B:178.5(7.13%),P:1e-6	Tpos:130.1,Tstd:58.5,Bpos:125.9,Bstd:60.3,StrandBias:0.5,Multiplicity:1.14
0.001	0.001	0.001	0.997
0.884	0.114	0.001	0.001
0.001	0.122	0.876	0.001
0.041	0.751	0.207	0.001
0.001	0.997	0.001	0.001
0.795	0.203	0.001	0.001
0.869	0.129	0.001	0.001
0.122	0.001	0.139	0.738
>GCCTCCCG	2-GCCTCCCG	8.205328	-12.291951	0	T:13.0(14.61%),B:79.9(3.19%),P:1e-5	Tpos:117.1,Tstd:72.1,Bpos:132.0,Bstd:58.6,StrandBias:0.4,Multiplicity:1.08
0.001	0.161	0.837	0.001
0.001	0.997	0.001	0.001
0.001	0.868	0.001	0.130
0.295	0.001	0.001	0.703
0.001	0.997	0.001	0.001
0.001	0.997	0.001	0.001
0.001	0.997	0.001	0.001
0.130	0.130	0.739	0.001
>ACCACGAA	3-ACCACGAA	8.236954	-11.156122	0	T:4.0(4.49%),B:4.9(0.20%),P:1e-4	Tpos:173.8,Tstd:56.7,Bpos:150.6,Bstd:46.1,StrandBias:-1.6,Multiplicity:1.00
0.700	0.100	0.100	0.100
0.100	0.700	0.100	0.100
0.100	0.700	0.100	0.100
0.700	0.100	0.100	0.100
0.100	0.700	0.100	0.100
0.100	0.100	0.700	0.100
0.700	0.100	0.100	0.100
0.700	0.100	0.100	0.100
>GGTTGCGG	4-GGTTGCGG	8.718041	-6.151434	0	T:6.0(6.74%),B:37.2(1.49%),P:1e-2	Tpos:118.6,Tstd:64.7,Bpos:114.2,Bstd:74.0,StrandBias:-0.8,Multiplicity:1.83
0.001	0.001	0.997	0.001
0.001	0.001	0.997	0.001
0.001	0.001	0.001	0.997
0.001	0.420	0.001	0.578
0.397	0.001	0.585	0.017
0.001	0.997	0.001	0.001
0.001	0.280	0.718	0.001
0.001	0.001	0.997	0.001
>GAACCTGG	5-GAACCTGG	8.236954	-5.474364	0	T:3.0(3.37%),B:9.3(0.37%),P:1e-2	Tpos:137.8,Tstd:53.7,Bpos:103.8,Bstd:62.2,StrandBias:10.0,Multiplicity:1.67
0.100	0.100	0.700	0.100
0.700	0.100	0.100	0.100
0.700	0.100	0.100	0.100
0.100	0.700	0.100	0.100
0.100	0.700	0.100	0.100
0.100	0.100	0.100	0.700
0.100	0.100	0.700	0.100
0.100	0.100	0.700	0.100
>CACATCAA	6-CACATCAA	4.161567	-5.285244	0	T:10.0(11.24%),B:108.3(4.33%),P:1e-2	Tpos:98.2,Tstd:65.7,Bpos:122.6,Bstd:76.3,StrandBias:-1.9,Multiplicity:1.90
0.001	0.997	0.001	0.001
0.997	0.001	0.001	0.001
0.001	0.997	0.001	0.001
0.997	0.001	0.001	0.001
0.001	0.053	0.001	0.945
0.001	0.997	0.001	0.001
0.997	0.001	0.001	0.001
0.997	0.001	0.001	0.001
