>ACCAACAC	1-ACCAACAC	7.971082	-25.552963	0	T:31.0(9.57%),B:48.2(2.16%),P:1e-11	Tpos:134.1,Tstd:75.3,Bpos:131.9,Bstd:73.5,StrandBias:0.4,Multiplicity:1.00
0.761	0.001	0.171	0.067
0.001	0.997	0.001	0.001
0.001	0.997	0.001	0.001
0.828	0.001	0.001	0.170
0.997	0.001	0.001	0.001
0.001	0.883	0.001	0.115
0.997	0.001	0.001	0.001
0.085	0.913	0.001	0.001
>CCGGGTCA	2-CCGGGTCA	9.611878	-20.779994	0	T:9.0(2.78%),B:3.8(0.17%),P:1e-9	Tpos:102.8,Tstd:64.7,Bpos:90.2,Bstd:46.6,StrandBias:0.0,Multiplicity:1.00
0.001	0.997	0.001	0.001
0.001	0.997	0.001	0.001
0.001	0.001	0.997	0.001
0.001	0.001	0.997	0.001
0.112	0.001	0.886	0.001
0.001	0.001	0.001	0.997
0.001	0.997	0.001	0.001
0.736	0.001	0.262	0.001
>ATWAATTA	3-ATWAATTA	6.302814	-17.741524	0	T:156.0(48.15%),B:742.5(33.24%),P:1e-7	Tpos:118.7,Tstd:66.8,Bpos:128.7,Bstd:78.7,StrandBias:-0.0,Multiplicity:1.50
0.795	0.125	0.079	0.001
0.076	0.095	0.058	0.771
0.441	0.025	0.002	0.532
0.813	0.002	0.011	0.174
0.642	0.104	0.052	0.202
0.039	0.028	0.100	0.833
0.409	0.001	0.001	0.589
0.616	0.001	0.001	0.382
>AVATAGTC	4-AVATAGTC	7.901307	-16.939137	0	T:21.0(6.48%),B:34.6(1.55%),P:1e-7	Tpos:115.1,Tstd:73.7,Bpos:126.8,Bstd:66.1,StrandBias:-0.1,Multiplicity:1.00
0.820	0.089	0.090	0.001
0.352	0.235	0.233	0.180
0.769	0.140	0.090	0.001
0.001	0.001	0.089	0.909
0.888	0.001	0.110	0.001
0.001	0.089	0.766	0.144
0.264	0.089	0.001	0.646
0.001	0.909	0.001	0.089
>ACAGGCTT	5-ACAGGCTT	9.179189	-16.888341	0	T:15.0(4.63%),B:17.8(0.80%),P:1e-7	Tpos:105.2,Tstd:56.8,Bpos:134.8,Bstd:73.7,StrandBias:0.7,Multiplicity:1.00
0.997	0.001	0.001	0.001
0.001	0.997	0.001	0.001
0.934	0.064	0.001	0.001
0.173	0.001	0.825	0.001
0.208	0.001	0.790	0.001
0.001	0.997	0.001	0.001
0.001	0.001	0.001	0.997
0.001	0.064	0.001	0.934
>TTGKGAAG	6-TTGKGAAG	6.696741	-16.750939	0	T:51.0(15.74%),B:156.2(6.99%),P:1e-7	Tpos:136.4,Tstd:78.0,Bpos:131.1,Bstd:67.8,StrandBias:0.3,Multiplicity:1.10
0.089	0.001	0.030	0.880
0.031	0.101	0.149	0.719
0.001	0.001	0.798	0.200
0.001	0.001	0.560	0.438
0.130	0.123	0.654	0.093
0.561	0.408	0.030	0.001
0.601	0.001	0.001	0.397
0.001	0.001	0.997	0.001
>GTGGCCCC	7-GTGGCCCC	4.598943	-16.555182	0	T:117.0(36.11%),B:513.9(23.00%),P:1e-7	Tpos:127.1,Tstd:64.8,Bpos:123.7,Bstd:69.0,StrandBias:-0.4,Multiplicity:1.22
0.069	0.138	0.734	0.059
0.046	0.059	0.107	0.788
0.046	0.230	0.592	0.132
0.051	0.062	0.759	0.128
0.112	0.802	0.029	0.057
0.065	0.813	0.083	0.039
0.012	0.817	0.102	0.069
0.073	0.704	0.086	0.137
>CATCTCAG	8-CATCTCAG	6.510453	-16.544609	0	T:44.0(13.58%),B:125.7(5.63%),P:1e-7	Tpos:130.1,Tstd:69.0,Bpos:131.1,Bstd:67.2,StrandBias:0.2,Multiplicity:1.05
0.001	0.924	0.045	0.030
0.507	0.085	0.288	0.120
0.012	0.001	0.239	0.748
0.001	0.997	0.001	0.001
0.001	0.077	0.107	0.815
0.001	0.891	0.054	0.054
0.842	0.142	0.015	0.001
0.001	0.107	0.891	0.001
>GACTGAGG	9-GACTGAGG	10.177724	-16.435536	0	T:9.0(2.78%),B:5.5(0.25%),P:1e-7	Tpos:141.7,Tstd:60.4,Bpos:158.0,Bstd:13.3,StrandBias:-0.3,Multiplicity:1.00
0.001	0.001	0.997	0.001
0.588	0.001	0.410	0.001
0.001	0.997	0.001	0.001
0.001	0.001	0.001	0.997
0.001	0.001	0.997	0.001
0.997	0.001	0.001	0.001
0.001	0.001	0.997	0.001
0.001	0.001	0.997	0.001
>CGCGAGGC	10-CGCGAGGC	10.900904	-14.589155	0	T:5.0(1.54%),B:1.8(0.08%),P:1e-6	Tpos:160.4,Tstd:26.8,Bpos:157.2,Bstd:34.6,StrandBias:0.6,Multiplicity:1.00
0.001	0.997	0.001	0.001
0.001	0.001	0.997	0.001
0.001	0.997	0.001	0.001
0.001	0.001	0.997	0.001
0.997	0.001	0.001	0.001
0.001	0.001	0.997	0.001
0.001	0.153	0.845	0.001
0.001	0.997	0.001	0.001
>SCRGTGGH	11-SCRGTGGH	4.288289	-14.403587	0	T:207.0(63.89%),B:1123.4(50.29%),P:1e-6	Tpos:127.9,Tstd:59.6,Bpos:125.7,Bstd:70.8,StrandBias:-0.1,Multiplicity:1.62
0.005	0.509	0.391	0.095
0.005	0.560	0.201	0.234
0.376	0.088	0.321	0.215
0.191	0.004	0.804	0.001
0.185	0.220	0.088	0.507
0.205	0.170	0.624	0.001
0.233	0.006	0.760	0.001
0.348	0.249	0.137	0.267
>AGGTACTA	12-AGGTACTA	8.236954	-13.886073	0	T:8.0(2.47%),B:5.5(0.25%),P:1e-6	Tpos:102.7,Tstd:83.9,Bpos:124.3,Bstd:80.9,StrandBias:1.3,Multiplicity:1.00
0.700	0.100	0.100	0.100
0.100	0.100	0.700	0.100
0.100	0.100	0.700	0.100
0.100	0.100	0.100	0.700
0.700	0.100	0.100	0.100
0.100	0.700	0.100	0.100
0.100	0.100	0.100	0.700
0.700	0.100	0.100	0.100
>GTACGCTC	13-GTACGCTC	4.074836	-13.488905	0	T:26.0(8.02%),B:61.8(2.77%),P:1e-5	Tpos:159.0,Tstd:61.7,Bpos:131.0,Bstd:67.2,StrandBias:-0.5,Multiplicity:1.19
0.001	0.001	0.997	0.001
0.001	0.045	0.208	0.746
0.997	0.001	0.001	0.001
0.001	0.972	0.026	0.001
0.001	0.001	0.779	0.219
0.001	0.997	0.001	0.001
0.001	0.001	0.001	0.997
0.001	0.997	0.001	0.001
>CCCGCAGT	14-CCCGCAGT	8.317377	-12.592176	0	T:14.0(4.32%),B:21.5(0.96%),P:1e-5	Tpos:143.5,Tstd:60.2,Bpos:131.4,Bstd:76.8,StrandBias:-0.7,Multiplicity:1.00
0.001	0.997	0.001	0.001
0.289	0.479	0.001	0.231
0.099	0.899	0.001	0.001
0.001	0.230	0.488	0.280
0.001	0.768	0.230	0.001
0.997	0.001	0.001	0.001
0.001	0.099	0.899	0.001
0.001	0.013	0.231	0.755
>TGCGTGGT	15-TGCGTGGT	7.444821	-11.507161	0	T:33.0(10.19%),B:99.3(4.45%),P:1e-4	Tpos:130.3,Tstd:58.8,Bpos:123.3,Bstd:66.9,StrandBias:-0.3,Multiplicity:1.23
0.001	0.129	0.001	0.869
0.273	0.001	0.725	0.001
0.001	0.773	0.024	0.202
0.001	0.205	0.793	0.001
0.001	0.001	0.155	0.843
0.041	0.057	0.848	0.054
0.115	0.122	0.762	0.001
0.001	0.109	0.054	0.836
>CCCGAACA	16-CCCGAACA	8.236954	-11.455368	0	T:7.0(2.16%),B:5.1(0.23%),P:1e-4	Tpos:99.4,Tstd:43.8,Bpos:115.7,Bstd:33.8,StrandBias:0.4,Multiplicity:1.00
0.100	0.700	0.100	0.100
0.100	0.700	0.100	0.100
0.100	0.700	0.100	0.100
0.100	0.100	0.700	0.100
0.700	0.100	0.100	0.100
0.700	0.100	0.100	0.100
0.100	0.700	0.100	0.100
0.700	0.100	0.100	0.100
>GCCTAACG	17-GCCTAACG	8.236954	-11.241915	0	T:5.0(1.54%),B:2.0(0.09%),P:1e-4	Tpos:135.0,Tstd:81.3,Bpos:32.7,Bstd:9.5,StrandBias:-0.6,Multiplicity:1.00
0.100	0.100	0.700	0.100
0.100	0.700	0.100	0.100
0.100	0.700	0.100	0.100
0.100	0.100	0.100	0.700
0.700	0.100	0.100	0.100
0.700	0.100	0.100	0.100
0.100	0.700	0.100	0.100
0.100	0.100	0.700	0.100
>GGTACAGC	18-GGTACAGC	8.236954	-11.032459	0	T:4.0(1.23%),B:1.8(0.08%),P:1e-4	Tpos:106.2,Tstd:74.5,Bpos:164.4,Bstd:37.5,StrandBias:-0.6,Multiplicity:1.25
0.100	0.100	0.700	0.100
0.100	0.100	0.700	0.100
0.100	0.100	0.100	0.700
0.700	0.100	0.100	0.100
0.100	0.700	0.100	0.100
0.700	0.100	0.100	0.100
0.100	0.100	0.700	0.100
0.100	0.700	0.100	0.100
>GAACAACT	19-GAACAACT	8.236954	-10.376268	0	T:6.0(1.85%),B:4.5(0.20%),P:1e-4	Tpos:166.8,Tstd:45.1,Bpos:88.0,Bstd:44.5,StrandBias:2.3,Multiplicity:1.00
0.100	0.100	0.700	0.100
0.700	0.100	0.100	0.100
0.700	0.100	0.100	0.100
0.100	0.700	0.100	0.100
0.700	0.100	0.100	0.100
0.700	0.100	0.100	0.100
0.100	0.700	0.100	0.100
0.100	0.100	0.100	0.700
>TCCAACGG	20-TCCAACGG	9.192005	-10.302168	0	T:7.0(2.16%),B:6.9(0.31%),P:1e-4	Tpos:150.3,Tstd:74.3,Bpos:113.7,Bstd:43.0,StrandBias:2.6,Multiplicity:1.00
0.001	0.001	0.001	0.997
0.001	0.845	0.153	0.001
0.001	0.997	0.001	0.001
0.997	0.001	0.001	0.001
0.997	0.001	0.001	0.001
0.001	0.997	0.001	0.001
0.001	0.001	0.997	0.001
0.001	0.001	0.997	0.001
>AGGAACGT	21-AGGAACGT	9.192005	-10.302168	0	T:7.0(2.16%),B:6.4(0.29%),P:1e-4	Tpos:93.1,Tstd:82.1,Bpos:121.8,Bstd:50.3,StrandBias:1.3,Multiplicity:1.00
0.997	0.001	0.001	0.001
0.001	0.001	0.997	0.001
0.001	0.001	0.997	0.001
0.997	0.001	0.001	0.001
0.845	0.001	0.153	0.001
0.001	0.997	0.001	0.001
0.001	0.001	0.997	0.001
0.001	0.001	0.001	0.997
>AACCAAGA	22-AACCAAGA	8.680346	-9.534298	0	T:28.0(8.64%),B:86.8(3.88%),P:1e-4	Tpos:134.3,Tstd:78.5,Bpos:136.8,Bstd:86.5,StrandBias:0.2,Multiplicity:1.14
0.997	0.001	0.001	0.001
0.997	0.001	0.001	0.001
0.001	0.997	0.001	0.001
0.001	0.635	0.001	0.363
0.997	0.001	0.001	0.001
0.997	0.001	0.001	0.001
0.246	0.001	0.752	0.001
0.664	0.001	0.334	0.001
>GTCTACCT	23-GTCTACCT	8.888955	-7.831644	0	T:7.0(2.16%),B:9.8(0.44%),P:1e-3	Tpos:127.1,Tstd:50.2,Bpos:133.0,Bstd:33.1,StrandBias:2.2,Multiplicity:1.57
0.001	0.001	0.997	0.001
0.001	0.001	0.001	0.997
0.001	0.997	0.001	0.001
0.001	0.001	0.001	0.997
0.997	0.001	0.001	0.001
0.001	0.997	0.001	0.001
0.001	0.997	0.001	0.001
0.001	0.113	0.001	0.885
>CGGGTAAG	24-CGGGTAAG	8.236954	-5.726804	0	T:3.0(0.93%),B:2.9(0.13%),P:1e-2	Tpos:138.7,Tstd:35.9,Bpos:129.2,Bstd:49.6,StrandBias:-2.3,Multiplicity:2.00
0.100	0.700	0.100	0.100
0.100	0.100	0.700	0.100
0.100	0.100	0.700	0.100
0.100	0.100	0.700	0.100
0.100	0.100	0.100	0.700
0.700	0.100	0.100	0.100
0.700	0.100	0.100	0.100
0.100	0.100	0.700	0.100
>CCTGTGAA	25-CCTGTGAA	8.236954	-5.582070	0	T:8.0(2.47%),B:17.8(0.80%),P:1e-2	Tpos:131.4,Tstd:72.6,Bpos:128.5,Bstd:61.1,StrandBias:0.4,Multiplicity:1.75
0.100	0.700	0.100	0.100
0.100	0.700	0.100	0.100
0.100	0.100	0.100	0.700
0.100	0.100	0.700	0.100
0.100	0.100	0.100	0.700
0.100	0.100	0.700	0.100
0.700	0.100	0.100	0.100
0.700	0.100	0.100	0.100
