>AGGCCGGTCC	1-AGGCCGGTCC	9.399719	-39.036318	0	T:11.0(3.40%),B:0.8(0.03%),P:1e-16	Tpos:134.5,Tstd:69.9,Bpos:5.0,Bstd:0.0,StrandBias:0.8,Multiplicity:1.00
0.866	0.001	0.132	0.001
0.293	0.137	0.569	0.001
0.001	0.132	0.866	0.001
0.001	0.997	0.001	0.001
0.001	0.997	0.001	0.001
0.001	0.133	0.573	0.293
0.001	0.001	0.997	0.001
0.001	0.132	0.001	0.866
0.001	0.808	0.190	0.001
0.132	0.866	0.001	0.001
>CGTTTTGTCA	2-CGTTTTGTCA	10.857090	-35.297754	0	T:12.0(3.70%),B:2.1(0.09%),P:1e-15	Tpos:145.2,Tstd:64.6,Bpos:106.3,Bstd:72.5,StrandBias:1.2,Multiplicity:1.08
0.001	0.879	0.001	0.119
0.001	0.001	0.997	0.001
0.001	0.001	0.001	0.997
0.001	0.001	0.001	0.997
0.001	0.001	0.001	0.997
0.001	0.120	0.120	0.759
0.278	0.001	0.720	0.001
0.001	0.119	0.001	0.879
0.001	0.997	0.001	0.001
0.879	0.001	0.001	0.119
>CGCTGCAYGT	3-CGCTGCAYGT	9.671224	-32.436505	0	T:17.0(5.25%),B:8.8(0.39%),P:1e-14	Tpos:125.1,Tstd:62.5,Bpos:143.0,Bstd:61.1,StrandBias:0.5,Multiplicity:1.12
0.105	0.789	0.105	0.001
0.104	0.001	0.894	0.001
0.001	0.997	0.001	0.001
0.105	0.001	0.105	0.789
0.001	0.001	0.997	0.001
0.001	0.788	0.210	0.001
0.768	0.105	0.126	0.001
0.001	0.441	0.001	0.557
0.115	0.001	0.883	0.001
0.001	0.001	0.001	0.997
>CGTCTCGTTS	4-CGTCTCGTTS	8.718109	-30.561028	0	T:12.0(3.70%),B:4.0(0.18%),P:1e-13	Tpos:146.4,Tstd:52.4,Bpos:173.3,Bstd:55.2,StrandBias:-2.3,Multiplicity:1.00
0.019	0.571	0.055	0.355
0.184	0.018	0.591	0.207
0.055	0.018	0.036	0.891
0.001	0.686	0.001	0.312
0.073	0.001	0.092	0.834
0.258	0.705	0.019	0.018
0.257	0.018	0.591	0.134
0.019	0.055	0.110	0.816
0.221	0.019	0.073	0.687
0.073	0.310	0.451	0.165
>CATGGAACTA	5-CATGGAACTA	10.680997	-30.414046	0	T:9.0(2.78%),B:1.9(0.08%),P:1e-13	Tpos:138.0,Tstd:82.3,Bpos:119.9,Bstd:77.9,StrandBias:-1.8,Multiplicity:1.00
0.093	0.813	0.001	0.093
0.997	0.001	0.001	0.001
0.001	0.001	0.001	0.997
0.001	0.093	0.905	0.001
0.001	0.001	0.905	0.093
0.997	0.001	0.001	0.001
0.905	0.001	0.001	0.093
0.094	0.718	0.094	0.094
0.063	0.001	0.001	0.935
0.905	0.001	0.001	0.093
>TGTGTGGTGG	6-TGTGTGGTGG	10.820902	-24.302510	0	T:9.0(2.78%),B:2.4(0.11%),P:1e-10	Tpos:101.8,Tstd:51.3,Bpos:25.0,Bstd:15.0,StrandBias:0.5,Multiplicity:1.33
0.001	0.001	0.001	0.997
0.001	0.001	0.871	0.127
0.127	0.001	0.001	0.871
0.001	0.001	0.997	0.001
0.001	0.001	0.001	0.997
0.001	0.001	0.997	0.001
0.001	0.127	0.871	0.001
0.001	0.001	0.127	0.871
0.001	0.127	0.871	0.001
0.021	0.297	0.661	0.021
>CTCCGCCGCA	7-CTCCGCCGCA	7.934116	-23.718194	0	T:21.0(6.48%),B:23.4(1.05%),P:1e-10	Tpos:131.4,Tstd:58.7,Bpos:107.5,Bstd:72.2,StrandBias:-0.7,Multiplicity:1.05
0.138	0.785	0.069	0.008
0.207	0.008	0.073	0.712
0.001	0.853	0.073	0.073
0.069	0.792	0.138	0.001
0.001	0.001	0.966	0.032
0.001	0.922	0.069	0.008
0.142	0.785	0.004	0.069
0.073	0.207	0.513	0.207
0.069	0.926	0.001	0.004
0.712	0.207	0.077	0.004
>CTGGGCAAAC	8-CTGGGCAAAC	10.456777	-23.498302	0	T:13.0(4.01%),B:7.2(0.32%),P:1e-10	Tpos:128.7,Tstd:72.9,Bpos:134.0,Bstd:77.8,StrandBias:0.0,Multiplicity:1.08
0.001	0.997	0.001	0.001
0.082	0.001	0.001	0.916
0.082	0.001	0.916	0.001
0.083	0.083	0.833	0.001
0.083	0.001	0.833	0.083
0.083	0.833	0.001	0.083
0.997	0.001	0.001	0.001
0.916	0.082	0.001	0.001
0.916	0.001	0.001	0.082
0.082	0.916	0.001	0.001
>AGCGCAGGTA	9-AGCGCAGGTA	10.159131	-21.559365	0	T:14.0(4.32%),B:10.4(0.46%),P:1e-9	Tpos:126.8,Tstd:74.1,Bpos:98.2,Bstd:52.9,StrandBias:-0.2,Multiplicity:1.21
0.997	0.001	0.001	0.001
0.001	0.067	0.865	0.067
0.067	0.799	0.067	0.067
0.259	0.001	0.673	0.067
0.066	0.932	0.001	0.001
0.997	0.001	0.001	0.001
0.001	0.001	0.932	0.066
0.001	0.001	0.932	0.066
0.001	0.001	0.001	0.997
0.932	0.001	0.001	0.066
>GAGAACCGGC	10-GAGAACCGGC	10.821552	-20.779994	0	T:9.0(2.78%),B:3.3(0.15%),P:1e-9	Tpos:107.6,Tstd:58.5,Bpos:146.3,Bstd:61.7,StrandBias:0.8,Multiplicity:1.22
0.119	0.001	0.879	0.001
0.997	0.001	0.001	0.001
0.119	0.001	0.879	0.001
0.997	0.001	0.001	0.001
0.997	0.001	0.001	0.001
0.001	0.997	0.001	0.001
0.001	0.997	0.001	0.001
0.279	0.001	0.600	0.120
0.001	0.119	0.879	0.001
0.001	0.879	0.001	0.119
>TTACCTGCTA	11-TTACCTGCTA	10.157658	-20.394561	0	T:15.0(4.63%),B:13.1(0.59%),P:1e-8	Tpos:128.7,Tstd:57.3,Bpos:112.3,Bstd:50.8,StrandBias:0.5,Multiplicity:1.27
0.252	0.001	0.001	0.746
0.065	0.045	0.001	0.889
0.933	0.001	0.001	0.065
0.065	0.933	0.001	0.001
0.001	0.997	0.001	0.001
0.065	0.065	0.001	0.869
0.001	0.065	0.933	0.001
0.001	0.933	0.065	0.001
0.065	0.001	0.001	0.933
0.869	0.001	0.065	0.065
>TACCCGCCTC	12-TACCCGCCTC	8.442267	-19.265398	0	T:14.0(4.32%),B:12.8(0.57%),P:1e-8	Tpos:158.2,Tstd:59.4,Bpos:118.1,Bstd:77.9,StrandBias:-0.3,Multiplicity:1.38
0.105	0.105	0.001	0.789
0.676	0.007	0.316	0.001
0.007	0.663	0.105	0.225
0.001	0.684	0.210	0.105
0.119	0.879	0.001	0.001
0.001	0.139	0.859	0.001
0.001	0.781	0.001	0.217
0.001	0.774	0.001	0.224
0.001	0.001	0.104	0.894
0.001	0.997	0.001	0.001
>TAATATTWAT	13-TAATATTWAT	10.708021	-19.024757	0	T:22.0(6.79%),B:33.9(1.52%),P:1e-8	Tpos:129.9,Tstd:63.4,Bpos:130.1,Bstd:62.4,StrandBias:-0.8,Multiplicity:1.00
0.244	0.001	0.206	0.549
0.997	0.001	0.001	0.001
0.896	0.001	0.102	0.001
0.001	0.102	0.001	0.896
0.872	0.001	0.001	0.126
0.001	0.001	0.001	0.997
0.001	0.001	0.001	0.997
0.459	0.103	0.103	0.334
0.896	0.001	0.102	0.001
0.001	0.001	0.001	0.997
>TAAATAATTT	14-TAAATAATTT	7.148808	-18.994139	0	T:87.0(26.85%),B:324.9(14.54%),P:1e-8	Tpos:113.7,Tstd:68.5,Bpos:118.0,Bstd:79.9,StrandBias:-0.2,Multiplicity:1.10
0.038	0.058	0.035	0.869
0.798	0.080	0.044	0.078
0.821	0.057	0.030	0.092
0.850	0.040	0.056	0.054
0.088	0.063	0.062	0.787
0.778	0.064	0.057	0.101
0.811	0.060	0.070	0.059
0.073	0.035	0.066	0.826
0.093	0.094	0.086	0.727
0.101	0.062	0.101	0.736
>CTATCTCTTT	15-CTATCTCTTT	10.950812	-18.400619	0	T:11.0(3.40%),B:7.8(0.35%),P:1e-7	Tpos:107.5,Tstd:67.3,Bpos:88.8,Bstd:58.3,StrandBias:-0.3,Multiplicity:1.00
0.001	0.777	0.221	0.001
0.001	0.221	0.001	0.777
0.683	0.315	0.001	0.001
0.001	0.001	0.221	0.777
0.001	0.777	0.221	0.001
0.001	0.001	0.001	0.997
0.001	0.997	0.001	0.001
0.001	0.001	0.001	0.997
0.001	0.221	0.001	0.777
0.001	0.001	0.001	0.997
>CACATACGGG	16-CACATACGGG	11.276337	-18.329891	0	T:6.0(1.85%),B:1.1(0.05%),P:1e-7	Tpos:146.1,Tstd:40.5,Bpos:183.0,Bstd:0.0,StrandBias:0.4,Multiplicity:1.17
0.166	0.667	0.166	0.001
0.832	0.001	0.001	0.166
0.001	0.997	0.001	0.001
0.997	0.001	0.001	0.001
0.166	0.001	0.001	0.832
0.832	0.166	0.001	0.001
0.001	0.997	0.001	0.001
0.001	0.001	0.997	0.001
0.001	0.001	0.997	0.001
0.001	0.001	0.997	0.001
>ACAAACTCAG	17-ACAAACTCAG	10.243124	-18.317405	0	T:9.0(2.78%),B:4.8(0.21%),P:1e-7	Tpos:156.9,Tstd:53.8,Bpos:128.6,Bstd:63.8,StrandBias:-1.3,Multiplicity:1.56
0.997	0.001	0.001	0.001
0.001	0.997	0.001	0.001
0.767	0.001	0.001	0.231
0.997	0.001	0.001	0.001
0.777	0.221	0.001	0.001
0.001	0.997	0.001	0.001
0.001	0.001	0.221	0.777
0.001	0.777	0.221	0.001
0.676	0.001	0.001	0.322
0.001	0.001	0.777	0.221
>CATAAATAAA	18-CATAAATAAA	8.545989	-17.095775	0	T:39.0(12.04%),B:101.3(4.53%),P:1e-7	Tpos:120.5,Tstd:72.8,Bpos:133.4,Bstd:78.2,StrandBias:0.1,Multiplicity:1.05
0.048	0.950	0.001	0.001
0.906	0.055	0.001	0.038
0.014	0.001	0.001	0.984
0.878	0.055	0.029	0.038
0.867	0.055	0.055	0.023
0.835	0.055	0.055	0.055
0.049	0.001	0.001	0.949
0.793	0.129	0.055	0.023
0.961	0.001	0.001	0.037
0.886	0.038	0.038	0.038
>TAAAAGACAA	19-TAAAAGACAA	11.436620	-16.435536	0	T:9.0(2.78%),B:5.6(0.25%),P:1e-7	Tpos:138.6,Tstd:90.6,Bpos:92.0,Bstd:72.8,StrandBias:-1.0,Multiplicity:1.00
0.001	0.001	0.001	0.997
0.882	0.001	0.116	0.001
0.997	0.001	0.001	0.001
0.997	0.001	0.001	0.001
0.997	0.001	0.001	0.001
0.001	0.001	0.997	0.001
0.997	0.001	0.001	0.001
0.001	0.882	0.116	0.001
0.997	0.001	0.001	0.001
0.882	0.001	0.116	0.001
>AATTAATTAA	20-AATTAATTAA	10.641083	-14.773600	0	T:10.0(3.09%),B:8.5(0.38%),P:1e-6	Tpos:114.0,Tstd:51.7,Bpos:121.0,Bstd:96.6,StrandBias:-0.2,Multiplicity:1.00
0.801	0.147	0.051	0.001
0.897	0.001	0.051	0.051
0.001	0.001	0.001	0.997
0.001	0.001	0.001	0.997
0.997	0.001	0.001	0.001
0.997	0.001	0.001	0.001
0.001	0.001	0.001	0.997
0.001	0.001	0.001	0.997
0.997	0.001	0.001	0.001
0.997	0.001	0.001	0.001
>AAAACCACTG	21-AAAACCACTG	11.155309	-14.292670	0	T:6.0(1.85%),B:2.0(0.09%),P:1e-6	Tpos:155.2,Tstd:68.0,Bpos:73.9,Bstd:52.2,StrandBias:2.2,Multiplicity:1.83
0.917	0.001	0.001	0.081
0.997	0.001	0.001	0.001
0.917	0.001	0.081	0.001
0.917	0.001	0.081	0.001
0.001	0.997	0.001	0.001
0.001	0.997	0.001	0.001
0.997	0.001	0.001	0.001
0.001	0.997	0.001	0.001
0.001	0.001	0.001	0.997
0.001	0.001	0.997	0.001
>CATATATGAA	22-CATATATGAA	11.047309	-14.292670	0	T:6.0(1.85%),B:2.8(0.13%),P:1e-6	Tpos:120.7,Tstd:43.1,Bpos:103.9,Bstd:98.8,StrandBias:0.0,Multiplicity:1.17
0.001	0.997	0.001	0.001
0.555	0.222	0.222	0.001
0.001	0.001	0.221	0.777
0.997	0.001	0.001	0.001
0.001	0.001	0.001	0.997
0.777	0.221	0.001	0.001
0.001	0.001	0.001	0.997
0.001	0.001	0.997	0.001
0.740	0.001	0.258	0.001
0.703	0.001	0.001	0.295
>CAAAATGGCT	23-CAAAATGGCT	10.296193	-11.241915	0	T:5.0(1.54%),B:2.5(0.11%),P:1e-4	Tpos:221.8,Tstd:17.3,Bpos:52.7,Bstd:7.3,StrandBias:10.0,Multiplicity:1.00
0.100	0.700	0.100	0.100
0.700	0.100	0.100	0.100
0.700	0.100	0.100	0.100
0.700	0.100	0.100	0.100
0.700	0.100	0.100	0.100
0.100	0.100	0.100	0.700
0.100	0.100	0.700	0.100
0.100	0.100	0.700	0.100
0.100	0.700	0.100	0.100
0.100	0.100	0.100	0.700
>TTTTCACAGG	24-TTTTCACAGG	10.941480	-8.373740	0	T:4.0(1.23%),B:2.8(0.12%),P:1e-3	Tpos:125.9,Tstd:66.3,Bpos:74.1,Bstd:47.4,StrandBias:-0.7,Multiplicity:2.00
0.074	0.001	0.001	0.924
0.001	0.075	0.075	0.849
0.001	0.001	0.001	0.997
0.001	0.001	0.001	0.997
0.001	0.997	0.001	0.001
0.997	0.001	0.001	0.001
0.001	0.997	0.001	0.001
0.924	0.001	0.001	0.074
0.001	0.074	0.924	0.001
0.074	0.001	0.924	0.001
>ATTAAATTTA	25-ATTAAATTTA	11.127973	-6.670852	0	T:7.0(2.16%),B:12.0(0.54%),P:1e-2	Tpos:149.9,Tstd:63.1,Bpos:112.2,Bstd:63.2,StrandBias:0.6,Multiplicity:2.14
0.997	0.001	0.001	0.001
0.001	0.207	0.001	0.791
0.001	0.001	0.001	0.997
0.781	0.217	0.001	0.001
0.997	0.001	0.001	0.001
0.997	0.001	0.001	0.001
0.282	0.001	0.001	0.716
0.001	0.007	0.207	0.785
0.001	0.001	0.001	0.997
0.725	0.001	0.001	0.273
>SACAAAATCACA	1-SACAAAATCACA	11.810577	-39.036318	0	T:11.0(3.40%),B:1.5(0.07%),P:1e-16	Tpos:69.7,Tstd:51.1,Bpos:68.8,Bstd:2.4,StrandBias:-0.8,Multiplicity:1.00
0.001	0.381	0.514	0.104
0.997	0.001	0.001	0.001
0.285	0.610	0.104	0.001
0.997	0.001	0.001	0.001
0.904	0.001	0.094	0.001
0.904	0.094	0.001	0.001
0.904	0.001	0.094	0.001
0.094	0.001	0.001	0.904
0.095	0.619	0.001	0.285
0.894	0.104	0.001	0.001
0.104	0.894	0.001	0.001
0.904	0.001	0.001	0.094
>AAATTTTTTTGT	2-AAATTTTTTTGT	11.094467	-33.996582	0	T:13.0(4.01%),B:4.0(0.18%),P:1e-14	Tpos:117.5,Tstd:81.5,Bpos:33.3,Bstd:5.4,StrandBias:0.2,Multiplicity:1.00
0.601	0.133	0.133	0.133
0.577	0.001	0.421	0.001
0.601	0.133	0.133	0.133
0.001	0.132	0.001	0.866
0.053	0.001	0.009	0.937
0.418	0.003	0.001	0.578
0.001	0.001	0.001	0.997
0.001	0.001	0.044	0.954
0.001	0.266	0.001	0.732
0.001	0.001	0.001	0.997
0.001	0.001	0.997	0.001
0.001	0.001	0.001	0.997
>AACTTTGAAAGT	3-AACTTTGAAAGT	9.921278	-30.414046	0	T:9.0(2.78%),B:0.8(0.04%),P:1e-13	Tpos:173.6,Tstd:65.0,Bpos:39.0,Bstd:0.0,StrandBias:-0.4,Multiplicity:1.00
0.661	0.001	0.337	0.001
0.973	0.025	0.001	0.001
0.029	0.969	0.001	0.001
0.001	0.001	0.311	0.687
0.026	0.001	0.286	0.687
0.001	0.001	0.001	0.997
0.001	0.345	0.653	0.001
0.997	0.001	0.001	0.001
0.687	0.286	0.001	0.026
0.997	0.001	0.001	0.001
0.001	0.001	0.997	0.001
0.001	0.001	0.311	0.687
>CAGCATTTCTTT	4-CAGCATTTCTTT	11.232718	-30.414046	0	T:9.0(2.78%),B:0.8(0.04%),P:1e-13	Tpos:72.9,Tstd:62.2,Bpos:164.0,Bstd:0.0,StrandBias:-1.0,Multiplicity:1.12
0.001	0.997	0.001	0.001
0.647	0.001	0.117	0.235
0.001	0.001	0.881	0.117
0.013	0.751	0.235	0.001
0.621	0.001	0.235	0.143
0.398	0.001	0.001	0.600
0.001	0.001	0.001	0.997
0.001	0.001	0.001	0.997
0.013	0.595	0.013	0.379
0.001	0.235	0.117	0.647
0.001	0.001	0.001	0.997
0.001	0.117	0.119	0.763
>TACCTRTGTTWA	5-TACCTRTGTTWA	10.083022	-27.966148	0	T:24.0(7.41%),B:25.1(1.12%),P:1e-12	Tpos:123.1,Tstd:61.8,Bpos:119.1,Bstd:54.5,StrandBias:0.4,Multiplicity:1.13
0.001	0.001	0.001	0.997
0.881	0.001	0.001	0.117
0.249	0.749	0.001	0.001
0.001	0.764	0.001	0.234
0.001	0.001	0.001	0.997
0.470	0.117	0.411	0.001
0.001	0.001	0.001	0.997
0.001	0.001	0.997	0.001
0.001	0.250	0.250	0.500
0.249	0.001	0.001	0.749
0.484	0.001	0.001	0.514
0.765	0.117	0.001	0.117
>TAACGCAACAAA	6-TAACGCAACAAA	11.221200	-27.872283	0	T:10.0(3.09%),B:2.2(0.10%),P:1e-12	Tpos:107.4,Tstd:67.9,Bpos:92.8,Bstd:22.3,StrandBias:-0.8,Multiplicity:1.10
0.001	0.001	0.001	0.997
0.764	0.234	0.001	0.001
0.765	0.001	0.117	0.117
0.001	0.881	0.001	0.117
0.234	0.001	0.764	0.001
0.128	0.870	0.001	0.001
0.881	0.001	0.117	0.001
0.881	0.001	0.117	0.001
0.117	0.881	0.001	0.001
0.635	0.247	0.001	0.117
0.997	0.001	0.001	0.001
0.741	0.129	0.012	0.118
>ACCCGGCGGGGC	7-ACCCGGCGGGGC	8.692663	-27.872283	0	T:10.0(3.09%),B:2.3(0.10%),P:1e-12	Tpos:113.2,Tstd:39.2,Bpos:99.5,Bstd:52.4,StrandBias:0.6,Multiplicity:1.00
0.740	0.051	0.103	0.106
0.153	0.845	0.001	0.001
0.205	0.739	0.001	0.055
0.001	0.889	0.055	0.055
0.004	0.154	0.732	0.110
0.205	0.205	0.589	0.001
0.154	0.681	0.114	0.051
0.051	0.051	0.897	0.001
0.103	0.051	0.743	0.103
0.154	0.051	0.744	0.051
0.103	0.051	0.740	0.106
0.004	0.689	0.051	0.256
>ACCAGTGGCTTT	8-ACCAGTGGCTTT	11.398108	-26.260275	0	T:8.0(2.47%),B:0.7(0.03%),P:1e-11	Tpos:138.9,Tstd:73.8,Bpos:189.0,Bstd:0.0,StrandBias:-0.5,Multiplicity:1.50
0.817	0.181	0.001	0.001
0.036	0.598	0.182	0.184
0.001	0.997	0.001	0.001
0.781	0.036	0.182	0.001
0.001	0.001	0.817	0.181
0.001	0.001	0.001	0.997
0.218	0.001	0.563	0.218
0.001	0.001	0.997	0.001
0.001	0.801	0.001	0.197
0.181	0.001	0.001	0.817
0.181	0.001	0.001	0.817
0.001	0.001	0.001	0.997
>AAKATATGCATT	9-AAKATATGCATT	11.700180	-26.260275	0	T:8.0(2.47%),B:0.7(0.03%),P:1e-11	Tpos:113.9,Tstd:70.8,Bpos:38.0,Bstd:0.0,StrandBias:2.8,Multiplicity:1.00
0.739	0.087	0.087	0.087
0.825	0.001	0.087	0.087
0.096	0.087	0.470	0.348
0.652	0.087	0.087	0.174
0.087	0.087	0.009	0.817
0.990	0.001	0.001	0.008
0.087	0.001	0.095	0.817
0.086	0.001	0.912	0.001
0.001	0.997	0.001	0.001
0.825	0.087	0.087	0.001
0.001	0.001	0.001	0.997
0.001	0.001	0.001	0.997
>AWGCAAATTATG	10-AWGCAAATTATG	12.126283	-26.260275	0	T:8.0(2.47%),B:1.7(0.07%),P:1e-11	Tpos:141.9,Tstd:61.8,Bpos:146.6,Bstd:54.0,StrandBias:0.0,Multiplicity:1.00
0.601	0.001	0.183	0.215
0.545	0.001	0.001	0.453
0.232	0.001	0.584	0.183
0.034	0.949	0.016	0.001
0.982	0.001	0.001	0.016
0.997	0.001	0.001	0.001
0.997	0.001	0.001	0.001
0.001	0.001	0.001	0.997
0.001	0.182	0.216	0.601
0.801	0.001	0.001	0.197
0.001	0.001	0.001	0.997
0.363	0.001	0.635	0.001
>TAAATTATTTAT	11-TAAATTATTTAT	9.127503	-25.577680	0	T:50.0(15.43%),B:116.5(5.21%),P:1e-11	Tpos:119.8,Tstd:55.3,Bpos:125.2,Bstd:73.2,StrandBias:0.4,Multiplicity:1.02
0.102	0.066	0.061	0.771
0.700	0.102	0.077	0.121
0.749	0.082	0.041	0.128
0.761	0.082	0.041	0.116
0.102	0.056	0.082	0.760
0.137	0.067	0.061	0.735
0.751	0.056	0.077	0.116
0.099	0.087	0.051	0.763
0.087	0.051	0.082	0.780
0.105	0.094	0.073	0.728
0.754	0.056	0.082	0.108
0.097	0.072	0.080	0.751
>AATAATCGTGAA	12-AATAATCGTGAA	10.287091	-24.995257	0	T:16.0(4.94%),B:11.9(0.53%),P:1e-10	Tpos:113.4,Tstd:82.8,Bpos:80.6,Bstd:64.5,StrandBias:0.7,Multiplicity:1.00
0.997	0.001	0.001	0.001
0.825	0.001	0.001	0.173
0.289	0.001	0.001	0.709
0.825	0.001	0.001	0.173
0.997	0.001	0.001	0.001
0.173	0.001	0.001	0.825
0.181	0.557	0.001	0.261
0.001	0.087	0.825	0.087
0.001	0.001	0.086	0.912
0.116	0.087	0.796	0.001
0.738	0.174	0.001	0.087
0.997	0.001	0.001	0.001
>CGCTAATATCWT	13-CGCTAATATCWT	10.499388	-22.629516	0	T:12.0(3.70%),B:6.2(0.28%),P:1e-9	Tpos:104.4,Tstd:73.4,Bpos:159.1,Bstd:48.2,StrandBias:-2.3,Multiplicity:1.00
0.001	0.777	0.001	0.221
0.001	0.221	0.777	0.001
0.221	0.777	0.001	0.001
0.222	0.001	0.022	0.755
0.977	0.001	0.021	0.001
0.997	0.001	0.001	0.001
0.001	0.001	0.001	0.997
0.977	0.001	0.021	0.001
0.001	0.001	0.021	0.977
0.001	0.997	0.001	0.001
0.444	0.001	0.001	0.554
0.222	0.001	0.222	0.555
>CATATAWGGAAT	14-CATATAWGGAAT	11.401927	-22.227036	0	T:7.0(2.16%),B:1.8(0.08%),P:1e-9	Tpos:136.5,Tstd:47.1,Bpos:119.7,Bstd:57.0,StrandBias:0.0,Multiplicity:1.14
0.266	0.732	0.001	0.001
0.997	0.001	0.001	0.001
0.001	0.001	0.221	0.777
0.997	0.001	0.001	0.001
0.001	0.001	0.001	0.997
0.777	0.221	0.001	0.001
0.488	0.001	0.001	0.510
0.222	0.001	0.555	0.222
0.001	0.001	0.997	0.001
0.777	0.001	0.001	0.221
0.732	0.001	0.266	0.001
0.050	0.006	0.006	0.938
>GTGTGTTAGAGC	15-GTGTGTTAGAGC	10.453387	-22.227036	0	T:7.0(2.16%),B:0.5(0.02%),P:1e-9	Tpos:156.8,Tstd:56.9,Bpos:34.0,Bstd:0.0,StrandBias:-0.3,Multiplicity:1.29
0.001	0.001	0.706	0.292
0.001	0.001	0.001	0.997
0.001	0.001	0.852	0.146
0.001	0.001	0.001	0.997
0.001	0.001	0.997	0.001
0.001	0.001	0.001	0.997
0.001	0.001	0.001	0.997
0.707	0.146	0.001	0.146
0.001	0.001	0.997	0.001
0.513	0.146	0.001	0.340
0.001	0.001	0.997	0.001
0.001	0.997	0.001	0.001
>GGGGGGAGCTTT	16-GGGGGGAGCTTT	9.801425	-20.840661	0	T:8.0(2.47%),B:3.0(0.13%),P:1e-9	Tpos:115.0,Tstd:71.5,Bpos:123.9,Bstd:14.9,StrandBias:0.0,Multiplicity:1.00
0.099	0.157	0.665	0.079
0.039	0.058	0.746	0.157
0.097	0.078	0.747	0.078
0.039	0.019	0.864	0.078
0.117	0.079	0.746	0.058
0.136	0.058	0.728	0.078
0.709	0.097	0.097	0.097
0.021	0.060	0.820	0.099
0.097	0.608	0.177	0.118
0.078	0.058	0.058	0.806
0.039	0.097	0.097	0.767
0.019	0.097	0.078	0.806
>GAGTTTGTACGA	17-GAGTTTGTACGA	9.410531	-15.082673	0	T:12.0(3.70%),B:12.1(0.54%),P:1e-6	Tpos:135.5,Tstd:61.2,Bpos:140.0,Bstd:66.9,StrandBias:0.9,Multiplicity:1.42
0.001	0.001	0.997	0.001
0.990	0.008	0.001	0.001
0.001	0.001	0.817	0.181
0.001	0.001	0.001	0.997
0.001	0.001	0.001	0.997
0.001	0.182	0.182	0.635
0.001	0.181	0.817	0.001
0.182	0.008	0.001	0.809
0.817	0.181	0.001	0.001
0.182	0.753	0.001	0.064
0.181	0.001	0.817	0.001
0.635	0.001	0.001	0.363
>AMATATTAATAT	18-AMATATTAATAT	11.758945	-14.920936	0	T:9.0(2.78%),B:6.8(0.30%),P:1e-6	Tpos:110.9,Tstd:65.9,Bpos:132.2,Bstd:49.4,StrandBias:0.8,Multiplicity:1.00
0.698	0.074	0.080	0.148
0.302	0.401	0.074	0.222
0.993	0.001	0.001	0.005
0.006	0.074	0.001	0.919
0.997	0.001	0.001	0.001
0.001	0.001	0.001	0.997
0.147	0.001	0.001	0.851
0.919	0.001	0.006	0.074
0.997	0.001	0.001	0.001
0.074	0.074	0.001	0.851
0.851	0.001	0.147	0.001
0.148	0.222	0.074	0.556
>TGAGAACCAGCC	19-TGAGAACCAGCC	10.196460	-14.784375	0	T:7.0(2.16%),B:3.5(0.16%),P:1e-6	Tpos:110.1,Tstd:72.6,Bpos:76.1,Bstd:37.8,StrandBias:-0.5,Multiplicity:1.71
0.095	0.095	0.001	0.809
0.095	0.001	0.809	0.095
0.809	0.095	0.001	0.095
0.001	0.001	0.997	0.001
0.997	0.001	0.001	0.001
0.983	0.001	0.001	0.015
0.095	0.715	0.095	0.095
0.095	0.715	0.095	0.095
0.809	0.001	0.095	0.095
0.001	0.001	0.997	0.001
0.001	0.619	0.095	0.285
0.095	0.793	0.001	0.111
>CGCCTCTTGGTC	20-CGCCTCTTGGTC	11.853957	-14.589155	0	T:5.0(1.54%),B:1.6(0.07%),P:1e-6	Tpos:111.9,Tstd:54.6,Bpos:176.8,Bstd:31.4,StrandBias:3.0,Multiplicity:1.80
0.001	0.997	0.001	0.001
0.181	0.001	0.817	0.001
0.001	0.997	0.001	0.001
0.001	0.817	0.181	0.001
0.197	0.001	0.182	0.620
0.001	0.997	0.001	0.001
0.015	0.001	0.001	0.983
0.182	0.001	0.182	0.635
0.182	0.182	0.454	0.182
0.001	0.001	0.997	0.001
0.001	0.181	0.001	0.817
0.001	0.997	0.001	0.001
>CCTAGCAGGTAT	21-CCTAGCAGGTAT	10.800348	-14.292670	0	T:6.0(1.85%),B:2.2(0.10%),P:1e-6	Tpos:145.4,Tstd:53.1,Bpos:119.9,Bstd:43.5,StrandBias:1.2,Multiplicity:1.67
0.001	0.647	0.235	0.117
0.117	0.765	0.117	0.001
0.001	0.001	0.117	0.881
0.997	0.001	0.001	0.001
0.235	0.117	0.647	0.001
0.001	0.881	0.001	0.117
0.988	0.001	0.010	0.001
0.117	0.001	0.881	0.001
0.001	0.128	0.870	0.001
0.001	0.117	0.001	0.881
0.988	0.001	0.010	0.001
0.235	0.117	0.001	0.647
>TTAATTAATTAA	22-TTAATTAATTAA	10.409522	-11.241915	0	T:5.0(1.54%),B:2.8(0.13%),P:1e-4	Tpos:120.3,Tstd:50.0,Bpos:132.9,Bstd:87.7,StrandBias:0.0,Multiplicity:1.00
0.100	0.100	0.100	0.700
0.100	0.100	0.100	0.700
0.700	0.100	0.100	0.100
0.700	0.100	0.100	0.100
0.100	0.100	0.100	0.700
0.100	0.100	0.100	0.700
0.700	0.100	0.100	0.100
0.700	0.100	0.100	0.100
0.100	0.100	0.100	0.700
0.100	0.100	0.100	0.700
0.700	0.100	0.100	0.100
0.700	0.100	0.100	0.100
>CTGGGCAACACA	23-CTGGGCAACACA	10.409522	-11.241915	0	T:5.0(1.54%),B:2.5(0.11%),P:1e-4	Tpos:155.7,Tstd:64.6,Bpos:138.9,Bstd:30.6,StrandBias:-1.0,Multiplicity:1.20
0.100	0.700	0.100	0.100
0.100	0.100	0.100	0.700
0.100	0.100	0.700	0.100
0.100	0.100	0.700	0.100
0.100	0.100	0.700	0.100
0.100	0.700	0.100	0.100
0.700	0.100	0.100	0.100
0.700	0.100	0.100	0.100
0.100	0.700	0.100	0.100
0.700	0.100	0.100	0.100
0.100	0.700	0.100	0.100
0.700	0.100	0.100	0.100
>AAMCCTGTGAAA	24-AAMCCTGTGAAA	10.373792	-11.032459	0	T:4.0(1.23%),B:1.7(0.08%),P:1e-4	Tpos:153.7,Tstd:60.4,Bpos:189.9,Bstd:7.5,StrandBias:1.2,Multiplicity:2.50
0.997	0.001	0.001	0.001
0.599	0.001	0.001	0.399
0.457	0.400	0.142	0.001
0.001	0.997	0.001	0.001
0.001	0.857	0.001	0.141
0.001	0.001	0.001	0.997
0.001	0.001	0.997	0.001
0.001	0.008	0.001	0.990
0.001	0.001	0.997	0.001
0.997	0.001	0.001	0.001
0.997	0.001	0.001	0.001
0.963	0.009	0.027	0.001
>AAAATTAAAATT	25-AAAATTAAAATT	12.355432	-3.360650	0	T:2.0(0.62%),B:2.2(0.10%),P:1e-1	Tpos:208.0,Tstd:15.5,Bpos:98.7,Bstd:56.8,StrandBias:10.0,Multiplicity:4.50
0.700	0.100	0.100	0.100
0.700	0.100	0.100	0.100
0.700	0.100	0.100	0.100
0.700	0.100	0.100	0.100
0.100	0.100	0.100	0.700
0.100	0.100	0.100	0.700
0.700	0.100	0.100	0.100
0.700	0.100	0.100	0.100
0.700	0.100	0.100	0.100
0.700	0.100	0.100	0.100
0.100	0.100	0.100	0.700
0.100	0.100	0.100	0.700
>CCACCG	1-CCACCG	5.819457	-15.488566	0	T:114.0(35.19%),B:505.3(22.62%),P:1e-6	Tpos:136.6,Tstd:55.8,Bpos:124.9,Bstd:72.4,StrandBias:0.3,Multiplicity:1.31
0.001	0.997	0.001	0.001
0.001	0.801	0.072	0.126
0.894	0.104	0.001	0.001
0.001	0.997	0.001	0.001
0.001	0.847	0.001	0.151
0.001	0.001	0.765	0.233
>TACCTG	2-TACCTG	6.177716	-14.749153	0	T:78.0(24.07%),B:306.8(13.73%),P:1e-6	Tpos:127.8,Tstd:57.9,Bpos:131.6,Bstd:63.4,StrandBias:0.3,Multiplicity:1.24
0.100	0.100	0.100	0.700
0.700	0.100	0.100	0.100
0.100	0.700	0.100	0.100
0.100	0.700	0.100	0.100
0.100	0.100	0.100	0.700
0.100	0.100	0.700	0.100
>GAAGGA	3-GAAGGA	8.043972	-13.656149	0	T:50.0(15.43%),B:168.9(7.56%),P:1e-5	Tpos:113.7,Tstd:75.9,Bpos:112.7,Bstd:78.8,StrandBias:-0.3,Multiplicity:1.02
0.001	0.001	0.997	0.001
0.997	0.001	0.001	0.001
0.997	0.001	0.001	0.001
0.001	0.226	0.772	0.001
0.001	0.001	0.997	0.001
0.997	0.001	0.001	0.001
>TATTTA	4-TATTTA	6.140521	-10.701221	0	T:199.0(61.42%),B:1116.7(49.99%),P:1e-4	Tpos:121.8,Tstd:69.9,Bpos:128.3,Bstd:79.4,StrandBias:0.0,Multiplicity:1.68
0.001	0.001	0.001	0.997
0.997	0.001	0.001	0.001
0.172	0.001	0.001	0.826
0.001	0.001	0.001	0.997
0.331	0.001	0.001	0.667
0.997	0.001	0.001	0.001
>CCTCAC	5-CCTCAC	4.465254	-8.686116	0	T:109.0(33.64%),B:550.2(24.63%),P:1e-3	Tpos:127.4,Tstd:64.6,Bpos:128.3,Bstd:71.7,StrandBias:0.1,Multiplicity:1.27
0.001	0.921	0.001	0.077
0.001	0.997	0.001	0.001
0.001	0.001	0.001	0.997
0.001	0.997	0.001	0.001
0.997	0.001	0.001	0.001
0.001	0.719	0.279	0.001
>ACCAACAC	1-ACCAACAC	7.971082	-25.552963	0	T:31.0(9.57%),B:48.2(2.16%),P:1e-11	Tpos:134.1,Tstd:75.3,Bpos:131.9,Bstd:73.5,StrandBias:0.4,Multiplicity:1.00
0.761	0.001	0.171	0.067
0.001	0.997	0.001	0.001
0.001	0.997	0.001	0.001
0.828	0.001	0.001	0.170
0.997	0.001	0.001	0.001
0.001	0.883	0.001	0.115
0.997	0.001	0.001	0.001
0.085	0.913	0.001	0.001
>CCGGGTCA	2-CCGGGTCA	9.611878	-20.779994	0	T:9.0(2.78%),B:3.8(0.17%),P:1e-9	Tpos:102.8,Tstd:64.7,Bpos:90.2,Bstd:46.6,StrandBias:0.0,Multiplicity:1.00
0.001	0.997	0.001	0.001
0.001	0.997	0.001	0.001
0.001	0.001	0.997	0.001
0.001	0.001	0.997	0.001
0.112	0.001	0.886	0.001
0.001	0.001	0.001	0.997
0.001	0.997	0.001	0.001
0.736	0.001	0.262	0.001
>ATWAATTA	3-ATWAATTA	6.302814	-17.741524	0	T:156.0(48.15%),B:742.5(33.24%),P:1e-7	Tpos:118.7,Tstd:66.8,Bpos:128.7,Bstd:78.7,StrandBias:-0.0,Multiplicity:1.50
0.795	0.125	0.079	0.001
0.076	0.095	0.058	0.771
0.441	0.025	0.002	0.532
0.813	0.002	0.011	0.174
0.642	0.104	0.052	0.202
0.039	0.028	0.100	0.833
0.409	0.001	0.001	0.589
0.616	0.001	0.001	0.382
>AVATAGTC	4-AVATAGTC	7.901307	-16.939137	0	T:21.0(6.48%),B:34.6(1.55%),P:1e-7	Tpos:115.1,Tstd:73.7,Bpos:126.8,Bstd:66.1,StrandBias:-0.1,Multiplicity:1.00
0.820	0.089	0.090	0.001
0.352	0.235	0.233	0.180
0.769	0.140	0.090	0.001
0.001	0.001	0.089	0.909
0.888	0.001	0.110	0.001
0.001	0.089	0.766	0.144
0.264	0.089	0.001	0.646
0.001	0.909	0.001	0.089
>ACAGGCTT	5-ACAGGCTT	9.179189	-16.888341	0	T:15.0(4.63%),B:17.8(0.80%),P:1e-7	Tpos:105.2,Tstd:56.8,Bpos:134.8,Bstd:73.7,StrandBias:0.7,Multiplicity:1.00
0.997	0.001	0.001	0.001
0.001	0.997	0.001	0.001
0.934	0.064	0.001	0.001
0.173	0.001	0.825	0.001
0.208	0.001	0.790	0.001
0.001	0.997	0.001	0.001
0.001	0.001	0.001	0.997
0.001	0.064	0.001	0.934
>TTGKGAAG	6-TTGKGAAG	6.696741	-16.750939	0	T:51.0(15.74%),B:156.2(6.99%),P:1e-7	Tpos:136.4,Tstd:78.0,Bpos:131.1,Bstd:67.8,StrandBias:0.3,Multiplicity:1.10
0.089	0.001	0.030	0.880
0.031	0.101	0.149	0.719
0.001	0.001	0.798	0.200
0.001	0.001	0.560	0.438
0.130	0.123	0.654	0.093
0.561	0.408	0.030	0.001
0.601	0.001	0.001	0.397
0.001	0.001	0.997	0.001
>GTGGCCCC	7-GTGGCCCC	4.598943	-16.555182	0	T:117.0(36.11%),B:513.9(23.00%),P:1e-7	Tpos:127.1,Tstd:64.8,Bpos:123.7,Bstd:69.0,StrandBias:-0.4,Multiplicity:1.22
0.069	0.138	0.734	0.059
0.046	0.059	0.107	0.788
0.046	0.230	0.592	0.132
0.051	0.062	0.759	0.128
0.112	0.802	0.029	0.057
0.065	0.813	0.083	0.039
0.012	0.817	0.102	0.069
0.073	0.704	0.086	0.137
>CATCTCAG	8-CATCTCAG	6.510453	-16.544609	0	T:44.0(13.58%),B:125.7(5.63%),P:1e-7	Tpos:130.1,Tstd:69.0,Bpos:131.1,Bstd:67.2,StrandBias:0.2,Multiplicity:1.05
0.001	0.924	0.045	0.030
0.507	0.085	0.288	0.120
0.012	0.001	0.239	0.748
0.001	0.997	0.001	0.001
0.001	0.077	0.107	0.815
0.001	0.891	0.054	0.054
0.842	0.142	0.015	0.001
0.001	0.107	0.891	0.001
>GACTGAGG	9-GACTGAGG	10.177724	-16.435536	0	T:9.0(2.78%),B:5.5(0.25%),P:1e-7	Tpos:141.7,Tstd:60.4,Bpos:158.0,Bstd:13.3,StrandBias:-0.3,Multiplicity:1.00
0.001	0.001	0.997	0.001
0.588	0.001	0.410	0.001
0.001	0.997	0.001	0.001
0.001	0.001	0.001	0.997
0.001	0.001	0.997	0.001
0.997	0.001	0.001	0.001
0.001	0.001	0.997	0.001
0.001	0.001	0.997	0.001
>CGCGAGGC	10-CGCGAGGC	10.900904	-14.589155	0	T:5.0(1.54%),B:1.8(0.08%),P:1e-6	Tpos:160.4,Tstd:26.8,Bpos:157.2,Bstd:34.6,StrandBias:0.6,Multiplicity:1.00
0.001	0.997	0.001	0.001
0.001	0.001	0.997	0.001
0.001	0.997	0.001	0.001
0.001	0.001	0.997	0.001
0.997	0.001	0.001	0.001
0.001	0.001	0.997	0.001
0.001	0.153	0.845	0.001
0.001	0.997	0.001	0.001
>SCRGTGGH	11-SCRGTGGH	4.288289	-14.403587	0	T:207.0(63.89%),B:1123.4(50.29%),P:1e-6	Tpos:127.9,Tstd:59.6,Bpos:125.7,Bstd:70.8,StrandBias:-0.1,Multiplicity:1.62
0.005	0.509	0.391	0.095
0.005	0.560	0.201	0.234
0.376	0.088	0.321	0.215
0.191	0.004	0.804	0.001
0.185	0.220	0.088	0.507
0.205	0.170	0.624	0.001
0.233	0.006	0.760	0.001
0.348	0.249	0.137	0.267
>AGGTACTA	12-AGGTACTA	8.236954	-13.886073	0	T:8.0(2.47%),B:5.5(0.25%),P:1e-6	Tpos:102.7,Tstd:83.9,Bpos:124.3,Bstd:80.9,StrandBias:1.3,Multiplicity:1.00
0.700	0.100	0.100	0.100
0.100	0.100	0.700	0.100
0.100	0.100	0.700	0.100
0.100	0.100	0.100	0.700
0.700	0.100	0.100	0.100
0.100	0.700	0.100	0.100
0.100	0.100	0.100	0.700
0.700	0.100	0.100	0.100
>GTACGCTC	13-GTACGCTC	4.074836	-13.488905	0	T:26.0(8.02%),B:61.8(2.77%),P:1e-5	Tpos:159.0,Tstd:61.7,Bpos:131.0,Bstd:67.2,StrandBias:-0.5,Multiplicity:1.19
0.001	0.001	0.997	0.001
0.001	0.045	0.208	0.746
0.997	0.001	0.001	0.001
0.001	0.972	0.026	0.001
0.001	0.001	0.779	0.219
0.001	0.997	0.001	0.001
0.001	0.001	0.001	0.997
0.001	0.997	0.001	0.001
>CCCGCAGT	14-CCCGCAGT	8.317377	-12.592176	0	T:14.0(4.32%),B:21.5(0.96%),P:1e-5	Tpos:143.5,Tstd:60.2,Bpos:131.4,Bstd:76.8,StrandBias:-0.7,Multiplicity:1.00
0.001	0.997	0.001	0.001
0.289	0.479	0.001	0.231
0.099	0.899	0.001	0.001
0.001	0.230	0.488	0.280
0.001	0.768	0.230	0.001
0.997	0.001	0.001	0.001
0.001	0.099	0.899	0.001
0.001	0.013	0.231	0.755
>TGCGTGGT	15-TGCGTGGT	7.444821	-11.507161	0	T:33.0(10.19%),B:99.3(4.45%),P:1e-4	Tpos:130.3,Tstd:58.8,Bpos:123.3,Bstd:66.9,StrandBias:-0.3,Multiplicity:1.23
0.001	0.129	0.001	0.869
0.273	0.001	0.725	0.001
0.001	0.773	0.024	0.202
0.001	0.205	0.793	0.001
0.001	0.001	0.155	0.843
0.041	0.057	0.848	0.054
0.115	0.122	0.762	0.001
0.001	0.109	0.054	0.836
>CCCGAACA	16-CCCGAACA	8.236954	-11.455368	0	T:7.0(2.16%),B:5.1(0.23%),P:1e-4	Tpos:99.4,Tstd:43.8,Bpos:115.7,Bstd:33.8,StrandBias:0.4,Multiplicity:1.00
0.100	0.700	0.100	0.100
0.100	0.700	0.100	0.100
0.100	0.700	0.100	0.100
0.100	0.100	0.700	0.100
0.700	0.100	0.100	0.100
0.700	0.100	0.100	0.100
0.100	0.700	0.100	0.100
0.700	0.100	0.100	0.100
>GCCTAACG	17-GCCTAACG	8.236954	-11.241915	0	T:5.0(1.54%),B:2.0(0.09%),P:1e-4	Tpos:135.0,Tstd:81.3,Bpos:32.7,Bstd:9.5,StrandBias:-0.6,Multiplicity:1.00
0.100	0.100	0.700	0.100
0.100	0.700	0.100	0.100
0.100	0.700	0.100	0.100
0.100	0.100	0.100	0.700
0.700	0.100	0.100	0.100
0.700	0.100	0.100	0.100
0.100	0.700	0.100	0.100
0.100	0.100	0.700	0.100
>GGTACAGC	18-GGTACAGC	8.236954	-11.032459	0	T:4.0(1.23%),B:1.8(0.08%),P:1e-4	Tpos:106.2,Tstd:74.5,Bpos:164.4,Bstd:37.5,StrandBias:-0.6,Multiplicity:1.25
0.100	0.100	0.700	0.100
0.100	0.100	0.700	0.100
0.100	0.100	0.100	0.700
0.700	0.100	0.100	0.100
0.100	0.700	0.100	0.100
0.700	0.100	0.100	0.100
0.100	0.100	0.700	0.100
0.100	0.700	0.100	0.100
>GAACAACT	19-GAACAACT	8.236954	-10.376268	0	T:6.0(1.85%),B:4.5(0.20%),P:1e-4	Tpos:166.8,Tstd:45.1,Bpos:88.0,Bstd:44.5,StrandBias:2.3,Multiplicity:1.00
0.100	0.100	0.700	0.100
0.700	0.100	0.100	0.100
0.700	0.100	0.100	0.100
0.100	0.700	0.100	0.100
0.700	0.100	0.100	0.100
0.700	0.100	0.100	0.100
0.100	0.700	0.100	0.100
0.100	0.100	0.100	0.700
>TCCAACGG	20-TCCAACGG	9.192005	-10.302168	0	T:7.0(2.16%),B:6.9(0.31%),P:1e-4	Tpos:150.3,Tstd:74.3,Bpos:113.7,Bstd:43.0,StrandBias:2.6,Multiplicity:1.00
0.001	0.001	0.001	0.997
0.001	0.845	0.153	0.001
0.001	0.997	0.001	0.001
0.997	0.001	0.001	0.001
0.997	0.001	0.001	0.001
0.001	0.997	0.001	0.001
0.001	0.001	0.997	0.001
0.001	0.001	0.997	0.001
>AGGAACGT	21-AGGAACGT	9.192005	-10.302168	0	T:7.0(2.16%),B:6.4(0.29%),P:1e-4	Tpos:93.1,Tstd:82.1,Bpos:121.8,Bstd:50.3,StrandBias:1.3,Multiplicity:1.00
0.997	0.001	0.001	0.001
0.001	0.001	0.997	0.001
0.001	0.001	0.997	0.001
0.997	0.001	0.001	0.001
0.845	0.001	0.153	0.001
0.001	0.997	0.001	0.001
0.001	0.001	0.997	0.001
0.001	0.001	0.001	0.997
>AACCAAGA	22-AACCAAGA	8.680346	-9.534298	0	T:28.0(8.64%),B:86.8(3.88%),P:1e-4	Tpos:134.3,Tstd:78.5,Bpos:136.8,Bstd:86.5,StrandBias:0.2,Multiplicity:1.14
0.997	0.001	0.001	0.001
0.997	0.001	0.001	0.001
0.001	0.997	0.001	0.001
0.001	0.635	0.001	0.363
0.997	0.001	0.001	0.001
0.997	0.001	0.001	0.001
0.246	0.001	0.752	0.001
0.664	0.001	0.334	0.001
>GTCTACCT	23-GTCTACCT	8.888955	-7.831644	0	T:7.0(2.16%),B:9.8(0.44%),P:1e-3	Tpos:127.1,Tstd:50.2,Bpos:133.0,Bstd:33.1,StrandBias:2.2,Multiplicity:1.57
0.001	0.001	0.997	0.001
0.001	0.001	0.001	0.997
0.001	0.997	0.001	0.001
0.001	0.001	0.001	0.997
0.997	0.001	0.001	0.001
0.001	0.997	0.001	0.001
0.001	0.997	0.001	0.001
0.001	0.113	0.001	0.885
>CGGGTAAG	24-CGGGTAAG	8.236954	-5.726804	0	T:3.0(0.93%),B:2.9(0.13%),P:1e-2	Tpos:138.7,Tstd:35.9,Bpos:129.2,Bstd:49.6,StrandBias:-2.3,Multiplicity:2.00
0.100	0.700	0.100	0.100
0.100	0.100	0.700	0.100
0.100	0.100	0.700	0.100
0.100	0.100	0.700	0.100
0.100	0.100	0.100	0.700
0.700	0.100	0.100	0.100
0.700	0.100	0.100	0.100
0.100	0.100	0.700	0.100
>CCTGTGAA	25-CCTGTGAA	8.236954	-5.582070	0	T:8.0(2.47%),B:17.8(0.80%),P:1e-2	Tpos:131.4,Tstd:72.6,Bpos:128.5,Bstd:61.1,StrandBias:0.4,Multiplicity:1.75
0.100	0.700	0.100	0.100
0.100	0.700	0.100	0.100
0.100	0.100	0.100	0.700
0.100	0.100	0.700	0.100
0.100	0.100	0.100	0.700
0.100	0.100	0.700	0.100
0.700	0.100	0.100	0.100
0.700	0.100	0.100	0.100
