>SACAAAATCACA	1-SACAAAATCACA	11.810577	-39.036318	0	T:11.0(3.40%),B:1.5(0.07%),P:1e-16	Tpos:69.7,Tstd:51.1,Bpos:68.8,Bstd:2.4,StrandBias:-0.8,Multiplicity:1.00
0.001	0.381	0.514	0.104
0.997	0.001	0.001	0.001
0.285	0.610	0.104	0.001
0.997	0.001	0.001	0.001
0.904	0.001	0.094	0.001
0.904	0.094	0.001	0.001
0.904	0.001	0.094	0.001
0.094	0.001	0.001	0.904
0.095	0.619	0.001	0.285
0.894	0.104	0.001	0.001
0.104	0.894	0.001	0.001
0.904	0.001	0.001	0.094
>AAATTTTTTTGT	2-AAATTTTTTTGT	11.094467	-33.996582	0	T:13.0(4.01%),B:4.0(0.18%),P:1e-14	Tpos:117.5,Tstd:81.5,Bpos:33.3,Bstd:5.4,StrandBias:0.2,Multiplicity:1.00
0.601	0.133	0.133	0.133
0.577	0.001	0.421	0.001
0.601	0.133	0.133	0.133
0.001	0.132	0.001	0.866
0.053	0.001	0.009	0.937
0.418	0.003	0.001	0.578
0.001	0.001	0.001	0.997
0.001	0.001	0.044	0.954
0.001	0.266	0.001	0.732
0.001	0.001	0.001	0.997
0.001	0.001	0.997	0.001
0.001	0.001	0.001	0.997
>AACTTTGAAAGT	3-AACTTTGAAAGT	9.921278	-30.414046	0	T:9.0(2.78%),B:0.8(0.04%),P:1e-13	Tpos:173.6,Tstd:65.0,Bpos:39.0,Bstd:0.0,StrandBias:-0.4,Multiplicity:1.00
0.661	0.001	0.337	0.001
0.973	0.025	0.001	0.001
0.029	0.969	0.001	0.001
0.001	0.001	0.311	0.687
0.026	0.001	0.286	0.687
0.001	0.001	0.001	0.997
0.001	0.345	0.653	0.001
0.997	0.001	0.001	0.001
0.687	0.286	0.001	0.026
0.997	0.001	0.001	0.001
0.001	0.001	0.997	0.001
0.001	0.001	0.311	0.687
>CAGCATTTCTTT	4-CAGCATTTCTTT	11.232718	-30.414046	0	T:9.0(2.78%),B:0.8(0.04%),P:1e-13	Tpos:72.9,Tstd:62.2,Bpos:164.0,Bstd:0.0,StrandBias:-1.0,Multiplicity:1.12
0.001	0.997	0.001	0.001
0.647	0.001	0.117	0.235
0.001	0.001	0.881	0.117
0.013	0.751	0.235	0.001
0.621	0.001	0.235	0.143
0.398	0.001	0.001	0.600
0.001	0.001	0.001	0.997
0.001	0.001	0.001	0.997
0.013	0.595	0.013	0.379
0.001	0.235	0.117	0.647
0.001	0.001	0.001	0.997
0.001	0.117	0.119	0.763
>TACCTRTGTTWA	5-TACCTRTGTTWA	10.083022	-27.966148	0	T:24.0(7.41%),B:25.1(1.12%),P:1e-12	Tpos:123.1,Tstd:61.8,Bpos:119.1,Bstd:54.5,StrandBias:0.4,Multiplicity:1.13
0.001	0.001	0.001	0.997
0.881	0.001	0.001	0.117
0.249	0.749	0.001	0.001
0.001	0.764	0.001	0.234
0.001	0.001	0.001	0.997
0.470	0.117	0.411	0.001
0.001	0.001	0.001	0.997
0.001	0.001	0.997	0.001
0.001	0.250	0.250	0.500
0.249	0.001	0.001	0.749
0.484	0.001	0.001	0.514
0.765	0.117	0.001	0.117
>TAACGCAACAAA	6-TAACGCAACAAA	11.221200	-27.872283	0	T:10.0(3.09%),B:2.2(0.10%),P:1e-12	Tpos:107.4,Tstd:67.9,Bpos:92.8,Bstd:22.3,StrandBias:-0.8,Multiplicity:1.10
0.001	0.001	0.001	0.997
0.764	0.234	0.001	0.001
0.765	0.001	0.117	0.117
0.001	0.881	0.001	0.117
0.234	0.001	0.764	0.001
0.128	0.870	0.001	0.001
0.881	0.001	0.117	0.001
0.881	0.001	0.117	0.001
0.117	0.881	0.001	0.001
0.635	0.247	0.001	0.117
0.997	0.001	0.001	0.001
0.741	0.129	0.012	0.118
>ACCCGGCGGGGC	7-ACCCGGCGGGGC	8.692663	-27.872283	0	T:10.0(3.09%),B:2.3(0.10%),P:1e-12	Tpos:113.2,Tstd:39.2,Bpos:99.5,Bstd:52.4,StrandBias:0.6,Multiplicity:1.00
0.740	0.051	0.103	0.106
0.153	0.845	0.001	0.001
0.205	0.739	0.001	0.055
0.001	0.889	0.055	0.055
0.004	0.154	0.732	0.110
0.205	0.205	0.589	0.001
0.154	0.681	0.114	0.051
0.051	0.051	0.897	0.001
0.103	0.051	0.743	0.103
0.154	0.051	0.744	0.051
0.103	0.051	0.740	0.106
0.004	0.689	0.051	0.256
>ACCAGTGGCTTT	8-ACCAGTGGCTTT	11.398108	-26.260275	0	T:8.0(2.47%),B:0.7(0.03%),P:1e-11	Tpos:138.9,Tstd:73.8,Bpos:189.0,Bstd:0.0,StrandBias:-0.5,Multiplicity:1.50
0.817	0.181	0.001	0.001
0.036	0.598	0.182	0.184
0.001	0.997	0.001	0.001
0.781	0.036	0.182	0.001
0.001	0.001	0.817	0.181
0.001	0.001	0.001	0.997
0.218	0.001	0.563	0.218
0.001	0.001	0.997	0.001
0.001	0.801	0.001	0.197
0.181	0.001	0.001	0.817
0.181	0.001	0.001	0.817
0.001	0.001	0.001	0.997
>AAKATATGCATT	9-AAKATATGCATT	11.700180	-26.260275	0	T:8.0(2.47%),B:0.7(0.03%),P:1e-11	Tpos:113.9,Tstd:70.8,Bpos:38.0,Bstd:0.0,StrandBias:2.8,Multiplicity:1.00
0.739	0.087	0.087	0.087
0.825	0.001	0.087	0.087
0.096	0.087	0.470	0.348
0.652	0.087	0.087	0.174
0.087	0.087	0.009	0.817
0.990	0.001	0.001	0.008
0.087	0.001	0.095	0.817
0.086	0.001	0.912	0.001
0.001	0.997	0.001	0.001
0.825	0.087	0.087	0.001
0.001	0.001	0.001	0.997
0.001	0.001	0.001	0.997
>AWGCAAATTATG	10-AWGCAAATTATG	12.126283	-26.260275	0	T:8.0(2.47%),B:1.7(0.07%),P:1e-11	Tpos:141.9,Tstd:61.8,Bpos:146.6,Bstd:54.0,StrandBias:0.0,Multiplicity:1.00
0.601	0.001	0.183	0.215
0.545	0.001	0.001	0.453
0.232	0.001	0.584	0.183
0.034	0.949	0.016	0.001
0.982	0.001	0.001	0.016
0.997	0.001	0.001	0.001
0.997	0.001	0.001	0.001
0.001	0.001	0.001	0.997
0.001	0.182	0.216	0.601
0.801	0.001	0.001	0.197
0.001	0.001	0.001	0.997
0.363	0.001	0.635	0.001
>TAAATTATTTAT	11-TAAATTATTTAT	9.127503	-25.577680	0	T:50.0(15.43%),B:116.5(5.21%),P:1e-11	Tpos:119.8,Tstd:55.3,Bpos:125.2,Bstd:73.2,StrandBias:0.4,Multiplicity:1.02
0.102	0.066	0.061	0.771
0.700	0.102	0.077	0.121
0.749	0.082	0.041	0.128
0.761	0.082	0.041	0.116
0.102	0.056	0.082	0.760
0.137	0.067	0.061	0.735
0.751	0.056	0.077	0.116
0.099	0.087	0.051	0.763
0.087	0.051	0.082	0.780
0.105	0.094	0.073	0.728
0.754	0.056	0.082	0.108
0.097	0.072	0.080	0.751
>AATAATCGTGAA	12-AATAATCGTGAA	10.287091	-24.995257	0	T:16.0(4.94%),B:11.9(0.53%),P:1e-10	Tpos:113.4,Tstd:82.8,Bpos:80.6,Bstd:64.5,StrandBias:0.7,Multiplicity:1.00
0.997	0.001	0.001	0.001
0.825	0.001	0.001	0.173
0.289	0.001	0.001	0.709
0.825	0.001	0.001	0.173
0.997	0.001	0.001	0.001
0.173	0.001	0.001	0.825
0.181	0.557	0.001	0.261
0.001	0.087	0.825	0.087
0.001	0.001	0.086	0.912
0.116	0.087	0.796	0.001
0.738	0.174	0.001	0.087
0.997	0.001	0.001	0.001
>CGCTAATATCWT	13-CGCTAATATCWT	10.499388	-22.629516	0	T:12.0(3.70%),B:6.2(0.28%),P:1e-9	Tpos:104.4,Tstd:73.4,Bpos:159.1,Bstd:48.2,StrandBias:-2.3,Multiplicity:1.00
0.001	0.777	0.001	0.221
0.001	0.221	0.777	0.001
0.221	0.777	0.001	0.001
0.222	0.001	0.022	0.755
0.977	0.001	0.021	0.001
0.997	0.001	0.001	0.001
0.001	0.001	0.001	0.997
0.977	0.001	0.021	0.001
0.001	0.001	0.021	0.977
0.001	0.997	0.001	0.001
0.444	0.001	0.001	0.554
0.222	0.001	0.222	0.555
>CATATAWGGAAT	14-CATATAWGGAAT	11.401927	-22.227036	0	T:7.0(2.16%),B:1.8(0.08%),P:1e-9	Tpos:136.5,Tstd:47.1,Bpos:119.7,Bstd:57.0,StrandBias:0.0,Multiplicity:1.14
0.266	0.732	0.001	0.001
0.997	0.001	0.001	0.001
0.001	0.001	0.221	0.777
0.997	0.001	0.001	0.001
0.001	0.001	0.001	0.997
0.777	0.221	0.001	0.001
0.488	0.001	0.001	0.510
0.222	0.001	0.555	0.222
0.001	0.001	0.997	0.001
0.777	0.001	0.001	0.221
0.732	0.001	0.266	0.001
0.050	0.006	0.006	0.938
>GTGTGTTAGAGC	15-GTGTGTTAGAGC	10.453387	-22.227036	0	T:7.0(2.16%),B:0.5(0.02%),P:1e-9	Tpos:156.8,Tstd:56.9,Bpos:34.0,Bstd:0.0,StrandBias:-0.3,Multiplicity:1.29
0.001	0.001	0.706	0.292
0.001	0.001	0.001	0.997
0.001	0.001	0.852	0.146
0.001	0.001	0.001	0.997
0.001	0.001	0.997	0.001
0.001	0.001	0.001	0.997
0.001	0.001	0.001	0.997
0.707	0.146	0.001	0.146
0.001	0.001	0.997	0.001
0.513	0.146	0.001	0.340
0.001	0.001	0.997	0.001
0.001	0.997	0.001	0.001
>GGGGGGAGCTTT	16-GGGGGGAGCTTT	9.801425	-20.840661	0	T:8.0(2.47%),B:3.0(0.13%),P:1e-9	Tpos:115.0,Tstd:71.5,Bpos:123.9,Bstd:14.9,StrandBias:0.0,Multiplicity:1.00
0.099	0.157	0.665	0.079
0.039	0.058	0.746	0.157
0.097	0.078	0.747	0.078
0.039	0.019	0.864	0.078
0.117	0.079	0.746	0.058
0.136	0.058	0.728	0.078
0.709	0.097	0.097	0.097
0.021	0.060	0.820	0.099
0.097	0.608	0.177	0.118
0.078	0.058	0.058	0.806
0.039	0.097	0.097	0.767
0.019	0.097	0.078	0.806
>GAGTTTGTACGA	17-GAGTTTGTACGA	9.410531	-15.082673	0	T:12.0(3.70%),B:12.1(0.54%),P:1e-6	Tpos:135.5,Tstd:61.2,Bpos:140.0,Bstd:66.9,StrandBias:0.9,Multiplicity:1.42
0.001	0.001	0.997	0.001
0.990	0.008	0.001	0.001
0.001	0.001	0.817	0.181
0.001	0.001	0.001	0.997
0.001	0.001	0.001	0.997
0.001	0.182	0.182	0.635
0.001	0.181	0.817	0.001
0.182	0.008	0.001	0.809
0.817	0.181	0.001	0.001
0.182	0.753	0.001	0.064
0.181	0.001	0.817	0.001
0.635	0.001	0.001	0.363
>AMATATTAATAT	18-AMATATTAATAT	11.758945	-14.920936	0	T:9.0(2.78%),B:6.8(0.30%),P:1e-6	Tpos:110.9,Tstd:65.9,Bpos:132.2,Bstd:49.4,StrandBias:0.8,Multiplicity:1.00
0.698	0.074	0.080	0.148
0.302	0.401	0.074	0.222
0.993	0.001	0.001	0.005
0.006	0.074	0.001	0.919
0.997	0.001	0.001	0.001
0.001	0.001	0.001	0.997
0.147	0.001	0.001	0.851
0.919	0.001	0.006	0.074
0.997	0.001	0.001	0.001
0.074	0.074	0.001	0.851
0.851	0.001	0.147	0.001
0.148	0.222	0.074	0.556
>TGAGAACCAGCC	19-TGAGAACCAGCC	10.196460	-14.784375	0	T:7.0(2.16%),B:3.5(0.16%),P:1e-6	Tpos:110.1,Tstd:72.6,Bpos:76.1,Bstd:37.8,StrandBias:-0.5,Multiplicity:1.71
0.095	0.095	0.001	0.809
0.095	0.001	0.809	0.095
0.809	0.095	0.001	0.095
0.001	0.001	0.997	0.001
0.997	0.001	0.001	0.001
0.983	0.001	0.001	0.015
0.095	0.715	0.095	0.095
0.095	0.715	0.095	0.095
0.809	0.001	0.095	0.095
0.001	0.001	0.997	0.001
0.001	0.619	0.095	0.285
0.095	0.793	0.001	0.111
>CGCCTCTTGGTC	20-CGCCTCTTGGTC	11.853957	-14.589155	0	T:5.0(1.54%),B:1.6(0.07%),P:1e-6	Tpos:111.9,Tstd:54.6,Bpos:176.8,Bstd:31.4,StrandBias:3.0,Multiplicity:1.80
0.001	0.997	0.001	0.001
0.181	0.001	0.817	0.001
0.001	0.997	0.001	0.001
0.001	0.817	0.181	0.001
0.197	0.001	0.182	0.620
0.001	0.997	0.001	0.001
0.015	0.001	0.001	0.983
0.182	0.001	0.182	0.635
0.182	0.182	0.454	0.182
0.001	0.001	0.997	0.001
0.001	0.181	0.001	0.817
0.001	0.997	0.001	0.001
>CCTAGCAGGTAT	21-CCTAGCAGGTAT	10.800348	-14.292670	0	T:6.0(1.85%),B:2.2(0.10%),P:1e-6	Tpos:145.4,Tstd:53.1,Bpos:119.9,Bstd:43.5,StrandBias:1.2,Multiplicity:1.67
0.001	0.647	0.235	0.117
0.117	0.765	0.117	0.001
0.001	0.001	0.117	0.881
0.997	0.001	0.001	0.001
0.235	0.117	0.647	0.001
0.001	0.881	0.001	0.117
0.988	0.001	0.010	0.001
0.117	0.001	0.881	0.001
0.001	0.128	0.870	0.001
0.001	0.117	0.001	0.881
0.988	0.001	0.010	0.001
0.235	0.117	0.001	0.647
>TTAATTAATTAA	22-TTAATTAATTAA	10.409522	-11.241915	0	T:5.0(1.54%),B:2.8(0.13%),P:1e-4	Tpos:120.3,Tstd:50.0,Bpos:132.9,Bstd:87.7,StrandBias:0.0,Multiplicity:1.00
0.100	0.100	0.100	0.700
0.100	0.100	0.100	0.700
0.700	0.100	0.100	0.100
0.700	0.100	0.100	0.100
0.100	0.100	0.100	0.700
0.100	0.100	0.100	0.700
0.700	0.100	0.100	0.100
0.700	0.100	0.100	0.100
0.100	0.100	0.100	0.700
0.100	0.100	0.100	0.700
0.700	0.100	0.100	0.100
0.700	0.100	0.100	0.100
>CTGGGCAACACA	23-CTGGGCAACACA	10.409522	-11.241915	0	T:5.0(1.54%),B:2.5(0.11%),P:1e-4	Tpos:155.7,Tstd:64.6,Bpos:138.9,Bstd:30.6,StrandBias:-1.0,Multiplicity:1.20
0.100	0.700	0.100	0.100
0.100	0.100	0.100	0.700
0.100	0.100	0.700	0.100
0.100	0.100	0.700	0.100
0.100	0.100	0.700	0.100
0.100	0.700	0.100	0.100
0.700	0.100	0.100	0.100
0.700	0.100	0.100	0.100
0.100	0.700	0.100	0.100
0.700	0.100	0.100	0.100
0.100	0.700	0.100	0.100
0.700	0.100	0.100	0.100
>AAMCCTGTGAAA	24-AAMCCTGTGAAA	10.373792	-11.032459	0	T:4.0(1.23%),B:1.7(0.08%),P:1e-4	Tpos:153.7,Tstd:60.4,Bpos:189.9,Bstd:7.5,StrandBias:1.2,Multiplicity:2.50
0.997	0.001	0.001	0.001
0.599	0.001	0.001	0.399
0.457	0.400	0.142	0.001
0.001	0.997	0.001	0.001
0.001	0.857	0.001	0.141
0.001	0.001	0.001	0.997
0.001	0.001	0.997	0.001
0.001	0.008	0.001	0.990
0.001	0.001	0.997	0.001
0.997	0.001	0.001	0.001
0.997	0.001	0.001	0.001
0.963	0.009	0.027	0.001
>AAAATTAAAATT	25-AAAATTAAAATT	12.355432	-3.360650	0	T:2.0(0.62%),B:2.2(0.10%),P:1e-1	Tpos:208.0,Tstd:15.5,Bpos:98.7,Bstd:56.8,StrandBias:10.0,Multiplicity:4.50
0.700	0.100	0.100	0.100
0.700	0.100	0.100	0.100
0.700	0.100	0.100	0.100
0.700	0.100	0.100	0.100
0.100	0.100	0.100	0.700
0.100	0.100	0.100	0.700
0.700	0.100	0.100	0.100
0.700	0.100	0.100	0.100
0.700	0.100	0.100	0.100
0.700	0.100	0.100	0.100
0.100	0.100	0.100	0.700
0.100	0.100	0.100	0.700
