>RCYACCWGYW	1-RCYACCWGYW	6.257126	-233.069114	0	T:513.0(42.93%),B:233.7(16.61%),P:1e-101	Tpos:128.0,Tstd:52.1,Bpos:129.7,Bstd:74.4,StrandBias:0.0,Multiplicity:1.35
0.286	0.097	0.419	0.198
0.166	0.406	0.238	0.189
0.188	0.425	0.014	0.374
0.984	0.005	0.003	0.008
0.001	0.950	0.047	0.002
0.161	0.771	0.011	0.057
0.353	0.144	0.001	0.502
0.030	0.104	0.861	0.005
0.058	0.480	0.022	0.441
0.339	0.104	0.188	0.368
>GACATACCTG	2-GACATACCTG	8.264476	-129.999844	0	T:58.0(4.85%),B:4.0(0.28%),P:1e-56	Tpos:122.7,Tstd:72.4,Bpos:116.3,Bstd:27.6,StrandBias:0.2,Multiplicity:1.00
0.168	0.002	0.683	0.147
0.586	0.370	0.001	0.043
0.043	0.809	0.073	0.075
0.888	0.001	0.001	0.110
0.154	0.036	0.001	0.809
0.861	0.001	0.137	0.001
0.001	0.780	0.036	0.183
0.125	0.760	0.036	0.079
0.072	0.001	0.038	0.889
0.001	0.035	0.963	0.001
>GCGGHTTACA	3-GCGGHTTACA	8.945325	-95.408990	0	T:34.0(2.85%),B:1.3(0.09%),P:1e-41	Tpos:136.9,Tstd:65.1,Bpos:49.0,Bstd:44.1,StrandBias:-0.5,Multiplicity:1.00
0.155	0.001	0.689	0.155
0.009	0.989	0.001	0.001
0.001	0.001	0.926	0.072
0.155	0.082	0.762	0.001
0.367	0.328	0.083	0.222
0.001	0.001	0.082	0.916
0.001	0.082	0.010	0.907
0.997	0.001	0.001	0.001
0.083	0.685	0.010	0.222
0.997	0.001	0.001	0.001
>CAAACTGTGT	4-CAAACTGTGT	9.135698	-80.725923	0	T:30.0(2.51%),B:1.9(0.14%),P:1e-35	Tpos:121.4,Tstd:76.4,Bpos:92.5,Bstd:56.6,StrandBias:-0.7,Multiplicity:1.20
0.173	0.709	0.061	0.057
0.843	0.128	0.014	0.015
0.835	0.040	0.043	0.082
0.740	0.130	0.111	0.019
0.117	0.782	0.014	0.087
0.047	0.106	0.029	0.818
0.014	0.101	0.781	0.104
0.001	0.125	0.085	0.789
0.072	0.076	0.722	0.130
0.085	0.085	0.030	0.800
>CCAAATATTT	5-CCAAATATTT	9.201638	-70.425598	0	T:38.0(3.18%),B:3.8(0.27%),P:1e-30	Tpos:112.5,Tstd:73.6,Bpos:93.3,Bstd:80.1,StrandBias:-0.4,Multiplicity:1.03
0.001	0.934	0.031	0.034
0.001	0.941	0.001	0.057
0.734	0.068	0.008	0.190
0.977	0.001	0.001	0.021
0.625	0.001	0.373	0.001
0.002	0.001	0.001	0.996
0.919	0.003	0.003	0.075
0.068	0.003	0.068	0.861
0.001	0.001	0.005	0.993
0.003	0.070	0.003	0.924
>TTACTATTAT	6-TTACTATTAT	11.056684	-70.063270	0	T:27.0(2.26%),B:1.5(0.11%),P:1e-30	Tpos:146.1,Tstd:86.8,Bpos:120.1,Bstd:46.9,StrandBias:-0.1,Multiplicity:1.07
0.001	0.001	0.001	0.997
0.001	0.001	0.001	0.997
0.997	0.001	0.001	0.001
0.063	0.652	0.001	0.284
0.124	0.001	0.001	0.874
0.734	0.001	0.001	0.264
0.409	0.001	0.001	0.589
0.001	0.001	0.001	0.997
0.997	0.001	0.001	0.001
0.001	0.001	0.001	0.997
>TTTATATTTT	7-TTTATATTTT	11.372056	-62.308295	0	T:35.0(2.93%),B:3.3(0.24%),P:1e-27	Tpos:146.2,Tstd:76.8,Bpos:120.9,Bstd:89.1,StrandBias:0.4,Multiplicity:1.00
0.001	0.001	0.001	0.997
0.001	0.001	0.001	0.997
0.001	0.001	0.001	0.997
0.997	0.001	0.001	0.001
0.225	0.001	0.001	0.773
0.997	0.001	0.001	0.001
0.230	0.171	0.001	0.598
0.001	0.001	0.358	0.640
0.001	0.001	0.001	0.997
0.001	0.001	0.001	0.997
>ACATTTTCGG	8-ACATTTTCGG	7.509943	-60.732584	0	T:30.0(2.51%),B:2.2(0.16%),P:1e-26	Tpos:127.9,Tstd:75.7,Bpos:194.0,Bstd:10.1,StrandBias:0.2,Multiplicity:1.30
0.548	0.221	0.040	0.191
0.282	0.459	0.238	0.021
0.552	0.184	0.229	0.035
0.264	0.033	0.189	0.514
0.023	0.244	0.028	0.705
0.033	0.040	0.032	0.895
0.038	0.035	0.293	0.634
0.211	0.486	0.047	0.256
0.190	0.222	0.553	0.035
0.036	0.077	0.831	0.056
>GAGAAACATA	9-GAGAAACATA	8.778343	-60.295264	0	T:38.0(3.18%),B:4.3(0.31%),P:1e-26	Tpos:126.6,Tstd:81.5,Bpos:129.1,Bstd:63.4,StrandBias:-0.5,Multiplicity:1.03
0.264	0.001	0.721	0.014
0.702	0.162	0.012	0.124
0.012	0.275	0.575	0.138
0.814	0.012	0.162	0.012
0.810	0.001	0.188	0.001
0.827	0.001	0.012	0.160
0.212	0.491	0.047	0.251
0.776	0.012	0.001	0.211
0.001	0.001	0.063	0.935
0.620	0.160	0.001	0.219
>TAGAACCGGT	10-TAGAACCGGT	8.536293	-60.295264	0	T:38.0(3.18%),B:4.6(0.33%),P:1e-26	Tpos:129.7,Tstd:74.7,Bpos:151.2,Bstd:13.1,StrandBias:0.5,Multiplicity:1.13
0.163	0.044	0.125	0.668
0.958	0.040	0.001	0.001
0.251	0.001	0.705	0.043
0.958	0.040	0.001	0.001
0.877	0.001	0.121	0.001
0.162	0.836	0.001	0.001
0.154	0.633	0.041	0.172
0.165	0.043	0.791	0.001
0.001	0.003	0.953	0.043
0.001	0.200	0.272	0.527
>GTCCCGCTGA	11-GTCCCGCTGA	6.364334	-56.373922	0	T:23.0(1.92%),B:1.4(0.10%),P:1e-24	Tpos:132.9,Tstd:73.8,Bpos:58.5,Bstd:45.6,StrandBias:0.4,Multiplicity:1.00
0.210	0.179	0.422	0.189
0.143	0.058	0.126	0.673
0.102	0.571	0.161	0.166
0.190	0.530	0.132	0.148
0.166	0.594	0.087	0.153
0.268	0.092	0.518	0.122
0.059	0.501	0.322	0.118
0.113	0.187	0.136	0.564
0.140	0.106	0.652	0.102
0.518	0.135	0.212	0.135
>CACACACGAG	12-CACACACGAG	8.536645	-54.974340	0	T:28.0(2.34%),B:2.8(0.20%),P:1e-23	Tpos:125.1,Tstd:59.8,Bpos:178.6,Bstd:44.1,StrandBias:-0.5,Multiplicity:1.04
0.205	0.717	0.039	0.039
0.921	0.001	0.039	0.039
0.001	0.960	0.001	0.038
0.960	0.001	0.038	0.001
0.038	0.960	0.001	0.001
0.921	0.039	0.001	0.039
0.039	0.921	0.001	0.039
0.039	0.039	0.921	0.001
0.794	0.001	0.001	0.204
0.038	0.001	0.960	0.001
>CACCGTCCCA	13-CACCGTCCCA	8.598587	-54.974340	0	T:28.0(2.34%),B:2.8(0.20%),P:1e-23	Tpos:131.3,Tstd:71.5,Bpos:106.9,Bstd:25.8,StrandBias:0.5,Multiplicity:1.00
0.126	0.867	0.001	0.006
0.904	0.006	0.042	0.048
0.090	0.867	0.001	0.042
0.004	0.953	0.001	0.042
0.126	0.086	0.740	0.048
0.042	0.048	0.090	0.820
0.006	0.699	0.294	0.001
0.084	0.832	0.042	0.042
0.251	0.747	0.001	0.001
0.694	0.294	0.006	0.006
>CAAAGCCCGC	14-CAAAGCCCGC	9.570247	-52.148326	0	T:27.0(2.26%),B:2.1(0.15%),P:1e-22	Tpos:111.8,Tstd:72.9,Bpos:72.8,Bstd:32.7,StrandBias:0.2,Multiplicity:1.04
0.192	0.739	0.068	0.001
0.997	0.001	0.001	0.001
0.997	0.001	0.001	0.001
0.886	0.001	0.001	0.112
0.001	0.001	0.930	0.068
0.137	0.794	0.001	0.068
0.102	0.875	0.012	0.011
0.001	0.602	0.011	0.386
0.001	0.001	0.930	0.068
0.068	0.794	0.001	0.137
>CTGGTCGAGT	15-CTGGTCGAGT	7.504086	-50.394903	0	T:37.0(3.10%),B:5.3(0.38%),P:1e-21	Tpos:138.9,Tstd:71.9,Bpos:146.9,Bstd:33.3,StrandBias:-0.1,Multiplicity:1.00
0.057	0.813	0.031	0.099
0.142	0.028	0.071	0.759
0.071	0.043	0.798	0.088
0.057	0.043	0.855	0.045
0.057	0.028	0.059	0.856
0.071	0.839	0.017	0.073
0.043	0.111	0.775	0.071
0.730	0.085	0.114	0.071
0.099	0.028	0.802	0.071
0.099	0.057	0.045	0.799
>TACCAGTGGG	16-TACCAGTGGG	7.782062	-49.369519	0	T:30.0(2.51%),B:3.9(0.28%),P:1e-21	Tpos:155.6,Tstd:58.9,Bpos:108.5,Bstd:35.6,StrandBias:-0.1,Multiplicity:1.00
0.092	0.001	0.054	0.853
0.862	0.026	0.036	0.076
0.093	0.825	0.081	0.001
0.074	0.852	0.073	0.001
0.768	0.054	0.090	0.088
0.108	0.074	0.677	0.141
0.109	0.006	0.073	0.812
0.090	0.074	0.794	0.042
0.073	0.091	0.811	0.025
0.142	0.072	0.711	0.075
>CTGCTCAGGG	17-CTGCTCAGGG	7.453597	-46.032573	0	T:35.0(2.93%),B:6.0(0.42%),P:1e-19	Tpos:130.5,Tstd:56.9,Bpos:110.8,Bstd:47.6,StrandBias:-0.5,Multiplicity:1.00
0.065	0.779	0.065	0.091
0.093	0.052	0.026	0.829
0.091	0.015	0.776	0.118
0.065	0.779	0.065	0.091
0.054	0.054	0.091	0.801
0.089	0.729	0.091	0.091
0.816	0.013	0.104	0.067
0.054	0.013	0.879	0.054
0.102	0.045	0.786	0.067
0.026	0.052	0.857	0.065
>ATGACCCGTC	18-ATGACCCGTC	7.507047	-43.380172	0	T:19.0(1.59%),B:1.9(0.13%),P:1e-18	Tpos:126.7,Tstd:62.0,Bpos:89.2,Bstd:36.0,StrandBias:-1.2,Multiplicity:1.28
0.882	0.045	0.028	0.045
0.051	0.018	0.089	0.842
0.046	0.073	0.765	0.116
0.818	0.027	0.064	0.091
0.074	0.799	0.073	0.054
0.045	0.802	0.073	0.080
0.107	0.765	0.054	0.074
0.074	0.073	0.791	0.062
0.054	0.074	0.054	0.818
0.109	0.735	0.074	0.082
>TACGCAGCAT	19-TACGCAGCAT	9.988827	-40.255630	0	T:18.0(1.51%),B:0.8(0.06%),P:1e-17	Tpos:118.4,Tstd:59.1,Bpos:173.0,Bstd:0.0,StrandBias:0.7,Multiplicity:1.00
0.306	0.058	0.001	0.635
0.940	0.001	0.001	0.058
0.001	0.940	0.001	0.058
0.058	0.001	0.776	0.165
0.058	0.940	0.001	0.001
0.997	0.001	0.001	0.001
0.058	0.058	0.883	0.001
0.001	0.997	0.001	0.001
0.997	0.001	0.001	0.001
0.001	0.001	0.058	0.940
>GTTGGGAACT	20-GTTGGGAACT	9.095633	-38.602770	0	T:22.0(1.84%),B:2.1(0.15%),P:1e-16	Tpos:116.1,Tstd:67.7,Bpos:127.8,Bstd:88.3,StrandBias:0.1,Multiplicity:1.00
0.001	0.071	0.927	0.001
0.071	0.001	0.001	0.927
0.072	0.001	0.072	0.855
0.072	0.001	0.855	0.072
0.071	0.001	0.927	0.001
0.071	0.001	0.927	0.001
0.997	0.001	0.001	0.001
0.997	0.001	0.001	0.001
0.001	0.927	0.001	0.071
0.203	0.072	0.001	0.724
>TGCTGAGACG	21-TGCTGAGACG	7.037058	-38.602770	0	T:22.0(1.84%),B:2.9(0.21%),P:1e-16	Tpos:128.6,Tstd:74.4,Bpos:80.2,Bstd:40.7,StrandBias:-0.3,Multiplicity:1.05
0.100	0.087	0.119	0.694
0.128	0.126	0.641	0.105
0.081	0.690	0.114	0.115
0.133	0.043	0.051	0.773
0.115	0.113	0.712	0.060
0.713	0.059	0.091	0.137
0.108	0.089	0.713	0.090
0.708	0.064	0.140	0.088
0.102	0.658	0.127	0.113
0.138	0.078	0.696	0.088
>AACTTAAAAT	22-AACTTAAAAT	10.574175	-36.021658	0	T:21.0(1.76%),B:2.6(0.19%),P:1e-15	Tpos:156.8,Tstd:75.3,Bpos:115.6,Bstd:78.1,StrandBias:1.6,Multiplicity:1.33
0.997	0.001	0.001	0.001
0.918	0.001	0.080	0.001
0.141	0.857	0.001	0.001
0.001	0.001	0.001	0.997
0.001	0.001	0.001	0.997
0.918	0.080	0.001	0.001
0.918	0.080	0.001	0.001
0.693	0.001	0.226	0.080
0.773	0.001	0.225	0.001
0.001	0.001	0.080	0.918
>GTACCCGGGG	23-GTACCCGGGG	8.245032	-34.173550	0	T:16.0(1.34%),B:1.6(0.11%),P:1e-14	Tpos:111.9,Tstd:46.5,Bpos:118.4,Bstd:50.1,StrandBias:-0.4,Multiplicity:1.00
0.103	0.094	0.686	0.117
0.100	0.091	0.101	0.708
0.706	0.097	0.100	0.097
0.115	0.699	0.089	0.097
0.093	0.709	0.094	0.104
0.113	0.684	0.082	0.121
0.126	0.094	0.665	0.115
0.103	0.081	0.704	0.112
0.084	0.085	0.744	0.087
0.104	0.109	0.698	0.089
>CAAGCTGGTN	24-CAAGCTGGTN	7.720318	-30.286058	0	T:38.0(3.18%),B:10.7(0.76%),P:1e-13	Tpos:127.8,Tstd:75.8,Bpos:78.0,Bstd:17.4,StrandBias:-0.1,Multiplicity:1.05
0.268	0.506	0.073	0.153
0.894	0.020	0.055	0.031
0.787	0.016	0.016	0.181
0.229	0.187	0.533	0.051
0.132	0.730	0.032	0.106
0.211	0.079	0.077	0.633
0.012	0.087	0.692	0.209
0.041	0.212	0.529	0.218
0.103	0.077	0.071	0.749
0.260	0.174	0.296	0.270
>TGGCCCTGGC	25-TGGCCCTGGC	7.440118	-28.665301	0	T:35.0(2.93%),B:9.6(0.68%),P:1e-12	Tpos:120.2,Tstd:58.6,Bpos:124.1,Bstd:44.8,StrandBias:0.4,Multiplicity:1.11
0.076	0.049	0.016	0.859
0.063	0.113	0.761	0.063
0.108	0.063	0.780	0.049
0.016	0.810	0.111	0.063
0.079	0.837	0.021	0.063
0.076	0.765	0.034	0.125
0.110	0.016	0.032	0.842
0.110	0.018	0.761	0.111
0.049	0.079	0.759	0.113
0.047	0.856	0.063	0.034
