>WTRCAGGT	1-WTRCAGGT	5.867534	-188.357450	0	T:485.0(40.59%),B:239.6(17.03%),P:1e-81	Tpos:127.4,Tstd:55.8,Bpos:132.3,Bstd:78.4,StrandBias:-0.0,Multiplicity:1.33
0.333	0.143	0.167	0.357
0.277	0.120	0.105	0.499
0.409	0.040	0.467	0.085
0.021	0.937	0.001	0.041
0.561	0.007	0.113	0.319
0.111	0.029	0.767	0.093
0.001	0.033	0.897	0.069
0.085	0.088	0.021	0.806
>AGTACCTG	2-AGTACCTG	7.192116	-117.888537	0	T:123.0(10.29%),B:26.5(1.88%),P:1e-51	Tpos:141.4,Tstd:53.3,Bpos:110.1,Bstd:57.3,StrandBias:0.0,Multiplicity:1.15
0.809	0.001	0.189	0.001
0.001	0.083	0.894	0.022
0.001	0.001	0.016	0.982
0.913	0.001	0.020	0.066
0.001	0.949	0.001	0.049
0.020	0.864	0.001	0.115
0.140	0.066	0.004	0.790
0.028	0.016	0.935	0.021
>CTGGTGGC	3-CTGGTGGC	8.610136	-105.190185	0	T:93.0(7.78%),B:16.3(1.15%),P:1e-45	Tpos:118.0,Tstd:44.1,Bpos:122.3,Bstd:56.6,StrandBias:-0.2,Multiplicity:1.04
0.001	0.997	0.001	0.001
0.332	0.001	0.001	0.666
0.001	0.001	0.997	0.001
0.001	0.001	0.997	0.001
0.001	0.001	0.001	0.997
0.001	0.001	0.997	0.001
0.001	0.001	0.997	0.001
0.128	0.870	0.001	0.001
>AGAACTGG	4-AGAACTGG	9.126801	-48.348011	0	T:33.0(2.76%),B:5.0(0.36%),P:1e-20	Tpos:117.7,Tstd:65.6,Bpos:131.3,Bstd:56.0,StrandBias:0.0,Multiplicity:1.00
0.997	0.001	0.001	0.001
0.001	0.001	0.997	0.001
0.997	0.001	0.001	0.001
0.997	0.001	0.001	0.001
0.001	0.704	0.001	0.294
0.001	0.203	0.001	0.795
0.001	0.001	0.997	0.001
0.001	0.001	0.997	0.001
>ATTTGTGG	5-ATTTGTGG	7.574242	-44.095304	0	T:135.0(11.30%),B:67.6(4.81%),P:1e-19	Tpos:133.7,Tstd:62.4,Bpos:126.9,Bstd:82.0,StrandBias:0.0,Multiplicity:1.17
0.790	0.001	0.208	0.001
0.001	0.212	0.001	0.786
0.001	0.302	0.001	0.696
0.001	0.064	0.001	0.934
0.001	0.155	0.779	0.065
0.001	0.294	0.001	0.704
0.001	0.001	0.997	0.001
0.001	0.255	0.743	0.001
>TGCGGTTT	6-TGCGGTTT	8.186010	-42.876711	0	T:135.0(11.30%),B:68.8(4.89%),P:1e-18	Tpos:128.5,Tstd:57.1,Bpos:125.6,Bstd:68.8,StrandBias:-0.3,Multiplicity:1.11
0.001	0.001	0.001	0.997
0.001	0.001	0.997	0.001
0.087	0.764	0.001	0.148
0.001	0.001	0.997	0.001
0.001	0.001	0.997	0.001
0.042	0.001	0.001	0.956
0.001	0.001	0.105	0.893
0.275	0.001	0.001	0.723
>TAWTCCGM	7-TAWTCCGM	6.118435	-40.937569	0	T:67.0(5.61%),B:22.2(1.58%),P:1e-17	Tpos:120.9,Tstd:56.7,Bpos:112.9,Bstd:62.1,StrandBias:-0.8,Multiplicity:1.08
0.001	0.001	0.001	0.997
0.987	0.011	0.001	0.001
0.440	0.001	0.001	0.558
0.001	0.034	0.001	0.964
0.001	0.997	0.001	0.001
0.001	0.997	0.001	0.001
0.001	0.001	0.997	0.001
0.523	0.475	0.001	0.001
>TAACCGCC	8-TAACCGCC	6.367045	-38.602770	0	T:22.0(1.84%),B:2.8(0.20%),P:1e-16	Tpos:103.5,Tstd:66.9,Bpos:76.6,Bstd:16.3,StrandBias:0.0,Multiplicity:1.05
0.134	0.096	0.220	0.550
0.616	0.160	0.106	0.118
0.543	0.150	0.094	0.213
0.133	0.732	0.051	0.084
0.095	0.707	0.144	0.054
0.118	0.177	0.553	0.152
0.117	0.626	0.177	0.080
0.146	0.674	0.094	0.086
>KTCCCAAC	9-KTCCCAAC	7.700189	-38.549742	0	T:41.0(3.43%),B:9.6(0.68%),P:1e-16	Tpos:118.7,Tstd:65.6,Bpos:91.9,Bstd:61.7,StrandBias:0.7,Multiplicity:1.03
0.229	0.124	0.397	0.250
0.001	0.001	0.006	0.992
0.154	0.844	0.001	0.001
0.001	0.760	0.238	0.001
0.001	0.997	0.001	0.001
0.771	0.001	0.101	0.127
0.665	0.035	0.001	0.299
0.001	0.737	0.261	0.001
>CCTAAACA	10-CCTAAACA	9.158779	-37.166178	0	T:28.0(2.34%),B:4.9(0.34%),P:1e-16	Tpos:145.1,Tstd:75.9,Bpos:136.3,Bstd:55.9,StrandBias:1.1,Multiplicity:1.00
0.001	0.997	0.001	0.001
0.001	0.997	0.001	0.001
0.001	0.001	0.001	0.997
0.997	0.001	0.001	0.001
0.997	0.001	0.001	0.001
0.997	0.001	0.001	0.001
0.001	0.997	0.001	0.001
0.850	0.001	0.148	0.001
>CTCATACG	11-CTCATACG	7.799391	-34.673863	0	T:32.0(2.68%),B:6.6(0.47%),P:1e-15	Tpos:134.7,Tstd:63.5,Bpos:119.9,Bstd:44.9,StrandBias:-0.3,Multiplicity:1.06
0.001	0.997	0.001	0.001
0.001	0.001	0.001	0.997
0.001	0.933	0.065	0.001
0.997	0.001	0.001	0.001
0.179	0.237	0.001	0.583
0.997	0.001	0.001	0.001
0.001	0.997	0.001	0.001
0.001	0.001	0.997	0.001
>GCCACATG	12-GCCACATG	9.451540	-33.488205	0	T:38.0(3.18%),B:10.0(0.71%),P:1e-14	Tpos:113.4,Tstd:46.7,Bpos:133.4,Bstd:86.8,StrandBias:-0.6,Multiplicity:1.03
0.287	0.001	0.711	0.001
0.001	0.997	0.001	0.001
0.001	0.997	0.001	0.001
0.997	0.001	0.001	0.001
0.001	0.689	0.001	0.309
0.997	0.001	0.001	0.001
0.001	0.001	0.001	0.997
0.001	0.001	0.997	0.001
>AACGAGGC	13-AACGAGGC	9.445539	-32.284030	0	T:33.0(2.76%),B:7.2(0.51%),P:1e-14	Tpos:126.8,Tstd:58.8,Bpos:132.4,Bstd:89.7,StrandBias:0.0,Multiplicity:1.03
0.997	0.001	0.001	0.001
0.997	0.001	0.001	0.001
0.001	0.997	0.001	0.001
0.001	0.270	0.728	0.001
0.997	0.001	0.001	0.001
0.001	0.001	0.997	0.001
0.001	0.001	0.728	0.270
0.001	0.997	0.001	0.001
>CACTCCGC	14-CACTCCGC	6.898273	-28.784157	0	T:46.0(3.85%),B:15.9(1.13%),P:1e-12	Tpos:119.0,Tstd:74.4,Bpos:106.2,Bstd:77.6,StrandBias:0.2,Multiplicity:1.07
0.001	0.891	0.001	0.107
0.997	0.001	0.001	0.001
0.001	0.845	0.077	0.077
0.001	0.001	0.001	0.997
0.049	0.949	0.001	0.001
0.001	0.821	0.001	0.177
0.001	0.001	0.997	0.001
0.026	0.972	0.001	0.001
>TRGGTTTA	15-TRGGTTTA	10.310035	-27.113867	0	T:34.0(2.85%),B:9.7(0.69%),P:1e-11	Tpos:126.4,Tstd:67.6,Bpos:161.2,Bstd:52.7,StrandBias:0.3,Multiplicity:1.03
0.001	0.001	0.001	0.997
0.468	0.001	0.530	0.001
0.001	0.001	0.997	0.001
0.001	0.001	0.997	0.001
0.001	0.001	0.001	0.997
0.001	0.001	0.001	0.997
0.001	0.001	0.001	0.997
0.997	0.001	0.001	0.001
>CATTGCTG	16-CATTGCTG	8.683356	-26.171018	0	T:20.0(1.67%),B:3.9(0.28%),P:1e-11	Tpos:137.7,Tstd:63.8,Bpos:173.7,Bstd:67.4,StrandBias:0.8,Multiplicity:1.00
0.001	0.997	0.001	0.001
0.997	0.001	0.001	0.001
0.001	0.001	0.001	0.997
0.001	0.001	0.001	0.997
0.001	0.001	0.997	0.001
0.001	0.997	0.001	0.001
0.001	0.092	0.001	0.906
0.001	0.001	0.997	0.001
>ATTAWTAA	17-ATTAWTAA	7.747304	-25.742472	0	T:260.0(21.76%),B:204.0(14.49%),P:1e-11	Tpos:120.3,Tstd:71.3,Bpos:117.6,Bstd:72.1,StrandBias:-0.1,Multiplicity:1.18
0.997	0.001	0.001	0.001
0.261	0.001	0.001	0.737
0.001	0.001	0.001	0.997
0.869	0.001	0.001	0.129
0.547	0.001	0.001	0.451
0.086	0.001	0.001	0.912
0.799	0.001	0.199	0.001
0.678	0.036	0.001	0.285
>CAGAGCAG	18-CAGAGCAG	8.236954	-23.869194	0	T:16.0(1.34%),B:2.9(0.20%),P:1e-10	Tpos:149.2,Tstd:65.7,Bpos:77.7,Bstd:42.2,StrandBias:0.8,Multiplicity:1.00
0.100	0.700	0.100	0.100
0.700	0.100	0.100	0.100
0.100	0.100	0.700	0.100
0.700	0.100	0.100	0.100
0.100	0.100	0.700	0.100
0.100	0.700	0.100	0.100
0.700	0.100	0.100	0.100
0.100	0.100	0.700	0.100
>GCACATGC	19-GCACATGC	8.683356	-22.060167	0	T:18.0(1.51%),B:3.9(0.27%),P:1e-9	Tpos:132.1,Tstd:62.0,Bpos:187.4,Bstd:16.0,StrandBias:0.5,Multiplicity:1.06
0.001	0.001	0.997	0.001
0.001	0.997	0.001	0.001
0.997	0.001	0.001	0.001
0.001	0.997	0.001	0.001
0.997	0.001	0.001	0.001
0.001	0.001	0.001	0.997
0.001	0.092	0.906	0.001
0.001	0.997	0.001	0.001
>CACGTGAT	20-CACGTGAT	9.081548	-16.934659	0	T:58.0(4.85%),B:31.6(2.25%),P:1e-7	Tpos:138.1,Tstd:54.0,Bpos:111.7,Bstd:46.9,StrandBias:-0.4,Multiplicity:1.19
0.001	0.997	0.001	0.001
0.997	0.001	0.001	0.001
0.001	0.997	0.001	0.001
0.001	0.001	0.997	0.001
0.001	0.001	0.001	0.997
0.001	0.001	0.997	0.001
0.997	0.001	0.001	0.001
0.001	0.001	0.137	0.861
>ACTCTGTA	21-ACTCTGTA	9.163519	-15.961799	0	T:19.0(1.59%),B:5.5(0.39%),P:1e-6	Tpos:148.0,Tstd:62.9,Bpos:129.0,Bstd:44.1,StrandBias:0.0,Multiplicity:1.22
0.997	0.001	0.001	0.001
0.001	0.827	0.171	0.001
0.131	0.001	0.001	0.867
0.001	0.997	0.001	0.001
0.001	0.001	0.001	0.997
0.001	0.001	0.997	0.001
0.001	0.001	0.001	0.997
0.997	0.001	0.001	0.001
>TGCTTGCC	22-TGCTTGCC	8.236954	-14.512547	0	T:14.0(1.17%),B:3.4(0.24%),P:1e-6	Tpos:146.0,Tstd:65.3,Bpos:215.5,Bstd:22.7,StrandBias:0.2,Multiplicity:1.00
0.100	0.100	0.100	0.700
0.100	0.100	0.700	0.100
0.100	0.700	0.100	0.100
0.100	0.100	0.100	0.700
0.100	0.100	0.100	0.700
0.100	0.100	0.700	0.100
0.100	0.700	0.100	0.100
0.100	0.700	0.100	0.100
>TGTGTGGT	23-TGTGTGGT	8.236954	-12.861256	0	T:22.0(1.84%),B:8.7(0.62%),P:1e-5	Tpos:105.5,Tstd:49.8,Bpos:55.4,Bstd:23.4,StrandBias:0.0,Multiplicity:1.22
0.100	0.100	0.100	0.700
0.100	0.100	0.700	0.100
0.100	0.100	0.100	0.700
0.100	0.100	0.700	0.100
0.100	0.100	0.100	0.700
0.100	0.100	0.700	0.100
0.100	0.100	0.700	0.100
0.100	0.100	0.100	0.700
>GATATCGA	24-GATATCGA	10.673312	-12.785867	0	T:13.0(1.09%),B:3.2(0.22%),P:1e-5	Tpos:107.6,Tstd:65.9,Bpos:79.7,Bstd:26.8,StrandBias:1.0,Multiplicity:1.38
0.001	0.001	0.997	0.001
0.997	0.001	0.001	0.001
0.001	0.001	0.001	0.997
0.997	0.001	0.001	0.001
0.001	0.001	0.001	0.997
0.001	0.997	0.001	0.001
0.001	0.001	0.997	0.001
0.673	0.325	0.001	0.001
>TTCAACTC	25-TTCAACTC	8.236954	-9.814888	0	T:13.0(1.09%),B:4.9(0.35%),P:1e-4	Tpos:86.5,Tstd:64.9,Bpos:215.8,Bstd:21.5,StrandBias:0.8,Multiplicity:1.08
0.100	0.100	0.100	0.700
0.100	0.100	0.100	0.700
0.100	0.700	0.100	0.100
0.700	0.100	0.100	0.100
0.700	0.100	0.100	0.100
0.100	0.700	0.100	0.100
0.100	0.100	0.100	0.700
0.100	0.700	0.100	0.100
