>CAGGTACCTGYT	1-CAGGTACCTGYT	9.378454	-196.419208	0	T:59.0(4.94%),B:1.9(0.13%),P:1e-85	Tpos:130.8,Tstd:43.3,Bpos:165.0,Bstd:33.1,StrandBias:-0.2,Multiplicity:1.05
0.167	0.670	0.001	0.162
0.521	0.065	0.135	0.279
0.260	0.001	0.707	0.032
0.001	0.001	0.934	0.064
0.001	0.001	0.001	0.997
0.997	0.001	0.001	0.001
0.001	0.997	0.001	0.001
0.001	0.997	0.001	0.001
0.097	0.001	0.001	0.901
0.001	0.001	0.997	0.001
0.065	0.414	0.065	0.456
0.122	0.167	0.130	0.581
>TACTGGTGGCCG	2-TACTGGTGGCCG	8.108554	-150.048324	0	T:70.0(5.86%),B:4.6(0.33%),P:1e-65	Tpos:122.7,Tstd:42.1,Bpos:124.7,Bstd:62.3,StrandBias:-0.4,Multiplicity:1.04
0.145	0.059	0.067	0.729
0.680	0.054	0.152	0.114
0.099	0.768	0.066	0.067
0.192	0.040	0.087	0.681
0.040	0.034	0.799	0.127
0.020	0.033	0.907	0.040
0.073	0.040	0.026	0.861
0.067	0.053	0.846	0.034
0.093	0.047	0.807	0.053
0.066	0.740	0.073	0.121
0.180	0.602	0.125	0.093
0.191	0.106	0.590	0.113
>AACTCTACAGGT	3-AACTCTACAGGT	9.254457	-102.932994	0	T:36.0(3.01%),B:1.6(0.11%),P:1e-44	Tpos:135.0,Tstd:61.0,Bpos:82.5,Bstd:23.2,StrandBias:-0.4,Multiplicity:1.06
0.842	0.094	0.032	0.032
0.873	0.063	0.032	0.032
0.126	0.694	0.074	0.106
0.094	0.063	0.094	0.749
0.032	0.893	0.032	0.043
0.137	0.094	0.063	0.706
0.936	0.001	0.001	0.062
0.126	0.810	0.001	0.063
0.936	0.001	0.001	0.062
0.189	0.032	0.747	0.032
0.001	0.031	0.967	0.001
0.001	0.063	0.031	0.905
>TAAATTATTAAT	4-TAAATTATTAAT	8.990256	-87.798120	0	T:201.0(16.82%),B:85.3(6.06%),P:1e-38	Tpos:127.2,Tstd:56.5,Bpos:114.4,Bstd:70.0,StrandBias:0.0,Multiplicity:1.06
0.001	0.015	0.008	0.976
0.510	0.144	0.152	0.194
0.883	0.069	0.001	0.047
0.842	0.047	0.008	0.103
0.119	0.001	0.015	0.865
0.334	0.016	0.038	0.612
0.824	0.001	0.001	0.174
0.082	0.008	0.001	0.909
0.080	0.024	0.031	0.865
0.568	0.114	0.121	0.197
0.975	0.008	0.001	0.016
0.085	0.112	0.024	0.779
>AGCAGGTGGCRT	5-AGCAGGTGGCRT	10.690359	-84.481430	0	T:43.0(3.60%),B:3.2(0.23%),P:1e-36	Tpos:141.9,Tstd:46.5,Bpos:143.0,Bstd:48.9,StrandBias:0.4,Multiplicity:1.03
0.892	0.001	0.001	0.106
0.213	0.053	0.733	0.001
0.001	0.997	0.001	0.001
0.778	0.001	0.001	0.220
0.001	0.001	0.997	0.001
0.001	0.001	0.997	0.001
0.001	0.001	0.001	0.997
0.052	0.001	0.946	0.001
0.060	0.001	0.938	0.001
0.106	0.631	0.001	0.262
0.381	0.001	0.454	0.164
0.122	0.221	0.053	0.604
>TAGAATTTGCGG	6-TAGAATTTGCGG	8.526769	-78.781275	0	T:36.0(3.01%),B:2.1(0.15%),P:1e-34	Tpos:121.1,Tstd:67.3,Bpos:174.4,Bstd:46.6,StrandBias:-0.9,Multiplicity:1.00
0.075	0.075	0.121	0.729
0.878	0.001	0.074	0.047
0.037	0.001	0.888	0.074
0.840	0.001	0.112	0.047
0.916	0.037	0.037	0.010
0.037	0.037	0.037	0.889
0.074	0.001	0.037	0.888
0.037	0.037	0.112	0.814
0.112	0.121	0.580	0.187
0.037	0.925	0.001	0.037
0.074	0.001	0.878	0.047
0.074	0.001	0.851	0.074
>GGCCACATGCGA	7-GGCCACATGCGA	9.166513	-70.063270	0	T:27.0(2.26%),B:1.9(0.14%),P:1e-30	Tpos:137.4,Tstd:53.0,Bpos:179.5,Bstd:42.5,StrandBias:-0.5,Multiplicity:1.04
0.001	0.074	0.813	0.112
0.059	0.001	0.903	0.037
0.075	0.851	0.037	0.037
0.037	0.851	0.075	0.037
0.850	0.001	0.037	0.112
0.036	0.962	0.001	0.001
0.850	0.112	0.037	0.001
0.134	0.075	0.112	0.679
0.037	0.001	0.925	0.037
0.037	0.814	0.037	0.112
0.075	0.075	0.738	0.112
0.851	0.075	0.037	0.037
>CCAAAAGCTCCG	8-CCAAAAGCTCCG	9.125929	-63.138589	0	T:25.0(2.09%),B:1.3(0.09%),P:1e-27	Tpos:132.0,Tstd:67.1,Bpos:136.3,Bstd:53.9,StrandBias:0.3,Multiplicity:1.00
0.042	0.873	0.084	0.001
0.042	0.790	0.084	0.084
0.932	0.042	0.001	0.025
0.957	0.041	0.001	0.001
0.957	0.001	0.041	0.001
0.957	0.001	0.041	0.001
0.084	0.042	0.748	0.126
0.126	0.748	0.084	0.042
0.084	0.084	0.001	0.831
0.084	0.765	0.067	0.084
0.001	0.915	0.001	0.083
0.168	0.210	0.621	0.001
>ACCTGCATGTTT	9-ACCTGCATGTTT	8.577372	-60.386850	0	T:60.0(5.02%),B:12.6(0.89%),P:1e-26	Tpos:132.5,Tstd:65.2,Bpos:119.0,Bstd:72.2,StrandBias:-0.2,Multiplicity:1.04
0.914	0.001	0.021	0.064
0.064	0.779	0.086	0.071
0.021	0.829	0.064	0.086
0.064	0.049	0.006	0.881
0.021	0.107	0.851	0.021
0.086	0.892	0.001	0.021
0.763	0.043	0.001	0.193
0.071	0.043	0.086	0.800
0.001	0.064	0.828	0.107
0.043	0.064	0.001	0.892
0.043	0.125	0.021	0.811
0.103	0.049	0.043	0.805
>CCCGCAACCCGC	10-CCCGCAACCCGC	8.867796	-57.836151	0	T:29.0(2.43%),B:2.9(0.20%),P:1e-25	Tpos:112.6,Tstd:46.5,Bpos:187.2,Bstd:7.4,StrandBias:0.7,Multiplicity:1.10
0.063	0.811	0.063	0.063
0.093	0.814	0.092	0.001
0.001	0.986	0.012	0.001
0.268	0.126	0.605	0.001
0.063	0.858	0.001	0.078
0.935	0.063	0.001	0.001
0.935	0.063	0.001	0.001
0.253	0.588	0.127	0.032
0.063	0.806	0.063	0.068
0.029	0.829	0.001	0.141
0.001	0.001	0.858	0.140
0.015	0.859	0.063	0.063
>ACCCRCAAATGT	11-ACCCRCAAATGT	9.474442	-54.451459	0	T:32.0(2.68%),B:3.5(0.25%),P:1e-23	Tpos:133.7,Tstd:59.1,Bpos:210.4,Bstd:3.3,StrandBias:0.1,Multiplicity:1.56
0.582	0.001	0.165	0.252
0.211	0.659	0.001	0.129
0.031	0.937	0.001	0.031
0.095	0.673	0.001	0.231
0.512	0.007	0.480	0.001
0.140	0.828	0.001	0.031
0.937	0.031	0.001	0.031
0.967	0.031	0.001	0.001
0.604	0.063	0.035	0.298
0.001	0.062	0.001	0.936
0.063	0.063	0.842	0.032
0.063	0.207	0.001	0.729
>TACCTCACCGGG	12-TACCTCACCGGG	8.350899	-51.894272	0	T:31.0(2.59%),B:3.3(0.23%),P:1e-22	Tpos:122.8,Tstd:68.6,Bpos:117.9,Bstd:20.5,StrandBias:0.5,Multiplicity:1.00
0.252	0.031	0.001	0.716
0.795	0.102	0.102	0.001
0.048	0.950	0.001	0.001
0.001	0.794	0.001	0.204
0.102	0.215	0.001	0.682
0.101	0.897	0.001	0.001
0.918	0.048	0.001	0.033
0.001	0.988	0.010	0.001
0.204	0.794	0.001	0.001
0.102	0.001	0.693	0.204
0.042	0.001	0.909	0.048
0.001	0.001	0.897	0.101
>GGCGGCTAACCG	13-GGCGGCTAACCG	8.973780	-49.782541	0	T:21.0(1.76%),B:1.1(0.08%),P:1e-21	Tpos:121.1,Tstd:55.8,Bpos:57.0,Bstd:0.0,StrandBias:0.0,Multiplicity:1.00
0.059	0.001	0.762	0.178
0.059	0.001	0.939	0.001
0.119	0.761	0.060	0.060
0.059	0.059	0.881	0.001
0.059	0.001	0.881	0.059
0.060	0.794	0.060	0.086
0.119	0.001	0.059	0.821
0.914	0.059	0.026	0.001
0.939	0.001	0.059	0.001
0.086	0.735	0.178	0.001
0.119	0.761	0.060	0.060
0.001	0.001	0.939	0.059
>CCAGGTACCGTA	14-CCAGGTACCGTA	6.785989	-49.369519	0	T:30.0(2.51%),B:3.8(0.27%),P:1e-21	Tpos:103.9,Tstd:52.9,Bpos:33.7,Bstd:9.9,StrandBias:0.0,Multiplicity:1.04
0.198	0.508	0.153	0.141
0.161	0.635	0.089	0.115
0.760	0.040	0.045	0.155
0.191	0.089	0.555	0.165
0.158	0.123	0.545	0.174
0.150	0.102	0.100	0.648
0.600	0.112	0.144	0.144
0.171	0.522	0.122	0.185
0.167	0.539	0.110	0.184
0.198	0.148	0.478	0.175
0.165	0.151	0.094	0.590
0.598	0.110	0.134	0.158
>ATCATTGTGCAG	15-ATCATTGTGCAG	9.550006	-46.608816	0	T:25.0(2.09%),B:2.5(0.18%),P:1e-20	Tpos:119.6,Tstd:64.6,Bpos:58.6,Bstd:21.1,StrandBias:1.2,Multiplicity:1.12
0.798	0.134	0.001	0.067
0.067	0.034	0.067	0.832
0.067	0.832	0.001	0.100
0.865	0.034	0.034	0.067
0.001	0.067	0.033	0.899
0.134	0.082	0.034	0.750
0.100	0.001	0.851	0.048
0.033	0.100	0.001	0.866
0.034	0.101	0.798	0.067
0.100	0.817	0.001	0.082
0.965	0.001	0.033	0.001
0.067	0.001	0.798	0.134
>TTGTTGTACCGG	16-TTGTTGTACCGG	9.707498	-46.556633	0	T:20.0(1.67%),B:1.4(0.10%),P:1e-20	Tpos:91.8,Tstd:67.4,Bpos:126.5,Bstd:84.0,StrandBias:0.0,Multiplicity:1.20
0.077	0.077	0.001	0.845
0.001	0.001	0.001	0.997
0.078	0.023	0.860	0.039
0.077	0.001	0.039	0.883
0.039	0.077	0.001	0.883
0.078	0.039	0.728	0.155
0.116	0.116	0.001	0.767
0.921	0.001	0.001	0.077
0.039	0.767	0.078	0.116
0.039	0.844	0.001	0.116
0.077	0.001	0.767	0.155
0.001	0.100	0.822	0.077
>BNDATACCTGNT	17-BNDATACCTGNT	9.556943	-43.380172	0	T:19.0(1.59%),B:1.0(0.07%),P:1e-18	Tpos:123.0,Tstd:54.3,Bpos:36.0,Bstd:0.0,StrandBias:0.6,Multiplicity:1.11
0.167	0.321	0.242	0.270
0.271	0.269	0.191	0.270
0.246	0.118	0.361	0.275
0.984	0.014	0.001	0.001
0.001	0.001	0.014	0.984
0.984	0.014	0.001	0.001
0.001	0.997	0.001	0.001
0.001	0.997	0.001	0.001
0.001	0.001	0.001	0.997
0.209	0.179	0.523	0.089
0.239	0.305	0.178	0.278
0.269	0.180	0.105	0.446
>TGAACACAGGAA	18-TGAACACAGGAA	10.859289	-43.380172	0	T:19.0(1.59%),B:1.7(0.12%),P:1e-18	Tpos:122.5,Tstd:56.4,Bpos:65.9,Bstd:15.8,StrandBias:-0.8,Multiplicity:1.58
0.001	0.001	0.001	0.997
0.207	0.010	0.496	0.286
0.997	0.001	0.001	0.001
0.713	0.077	0.209	0.001
0.001	0.997	0.001	0.001
0.997	0.001	0.001	0.001
0.001	0.997	0.001	0.001
0.997	0.001	0.001	0.001
0.001	0.001	0.997	0.001
0.209	0.001	0.581	0.209
0.788	0.001	0.001	0.210
0.873	0.125	0.001	0.001
>TTTTGTCTTTTC	19-TTTTGTCTTTTC	11.173873	-40.255630	0	T:18.0(1.51%),B:1.2(0.09%),P:1e-17	Tpos:142.1,Tstd:80.0,Bpos:149.3,Bstd:65.2,StrandBias:0.0,Multiplicity:1.00
0.052	0.013	0.050	0.885
0.013	0.063	0.013	0.911
0.025	0.038	0.038	0.899
0.038	0.063	0.038	0.861
0.038	0.111	0.684	0.167
0.039	0.038	0.075	0.848
0.088	0.710	0.113	0.089
0.067	0.025	0.039	0.869
0.038	0.050	0.063	0.849
0.027	0.063	0.038	0.872
0.038	0.038	0.038	0.886
0.092	0.746	0.064	0.098
>CGGCAGTGGATC	20-CGGCAGTGGATC	9.395285	-38.602770	0	T:22.0(1.84%),B:2.4(0.17%),P:1e-16	Tpos:115.4,Tstd:52.5,Bpos:137.4,Bstd:19.8,StrandBias:-0.4,Multiplicity:1.05
0.001	0.939	0.059	0.001
0.252	0.013	0.516	0.219
0.001	0.001	0.997	0.001
0.191	0.807	0.001	0.001
0.688	0.001	0.001	0.310
0.001	0.001	0.880	0.118
0.001	0.001	0.118	0.880
0.001	0.001	0.701	0.297
0.001	0.001	0.997	0.001
0.761	0.237	0.001	0.001
0.178	0.001	0.072	0.749
0.073	0.529	0.060	0.338
>TGAATAACAAAA	21-TGAATAACAAAA	10.555012	-37.270576	0	T:25.0(2.09%),B:3.4(0.24%),P:1e-16	Tpos:144.3,Tstd:69.9,Bpos:104.0,Bstd:62.4,StrandBias:-0.2,Multiplicity:1.12
0.129	0.049	0.018	0.804
0.099	0.113	0.722	0.066
0.854	0.065	0.032	0.049
0.887	0.032	0.049	0.032
0.113	0.001	0.048	0.838
0.805	0.065	0.049	0.081
0.914	0.049	0.032	0.005
0.066	0.738	0.162	0.034
0.884	0.032	0.018	0.066
0.887	0.048	0.064	0.001
0.870	0.048	0.001	0.081
0.835	0.050	0.016	0.099
>ATTTTATTTGTA	22-ATTTTATTTGTA	11.773825	-32.699808	0	T:23.0(1.92%),B:3.3(0.23%),P:1e-14	Tpos:175.3,Tstd:50.5,Bpos:167.7,Bstd:42.7,StrandBias:0.9,Multiplicity:1.24
0.925	0.073	0.001	0.001
0.147	0.001	0.073	0.779
0.001	0.001	0.001	0.997
0.001	0.001	0.001	0.997
0.001	0.001	0.001	0.997
0.925	0.001	0.073	0.001
0.189	0.001	0.001	0.809
0.001	0.001	0.001	0.997
0.001	0.001	0.001	0.997
0.206	0.074	0.523	0.197
0.073	0.073	0.001	0.853
0.925	0.001	0.001	0.073
>AAAATATTCCAA	23-AAAATATTCCAA	10.409522	-26.190677	0	T:17.0(1.42%),B:2.6(0.18%),P:1e-11	Tpos:118.2,Tstd:67.5,Bpos:126.5,Bstd:79.0,StrandBias:1.7,Multiplicity:1.00
0.700	0.100	0.100	0.100
0.700	0.100	0.100	0.100
0.700	0.100	0.100	0.100
0.700	0.100	0.100	0.100
0.100	0.100	0.100	0.700
0.700	0.100	0.100	0.100
0.100	0.100	0.100	0.700
0.100	0.100	0.100	0.700
0.100	0.700	0.100	0.100
0.100	0.700	0.100	0.100
0.700	0.100	0.100	0.100
0.700	0.100	0.100	0.100
>TATTTATWTHTA	24-TATTTATWTHTA	12.378831	-24.297736	0	T:24.0(2.01%),B:5.5(0.39%),P:1e-10	Tpos:126.4,Tstd:74.0,Bpos:180.3,Bstd:54.1,StrandBias:0.9,Multiplicity:1.00
0.001	0.001	0.001	0.997
0.694	0.050	0.255	0.001
0.001	0.001	0.049	0.949
0.001	0.001	0.001	0.997
0.001	0.001	0.001	0.997
0.997	0.001	0.001	0.001
0.001	0.001	0.001	0.997
0.421	0.001	0.100	0.478
0.001	0.049	0.001	0.949
0.372	0.384	0.001	0.243
0.050	0.150	0.001	0.799
0.949	0.049	0.001	0.001
>ACTGGTGACAAA	25-ACTGGTGACAAA	10.409522	-19.412042	0	T:14.0(1.17%),B:2.2(0.16%),P:1e-8	Tpos:171.5,Tstd:64.2,Bpos:196.6,Bstd:29.8,StrandBias:0.5,Multiplicity:1.42
0.700	0.100	0.100	0.100
0.100	0.700	0.100	0.100
0.100	0.100	0.100	0.700
0.100	0.100	0.700	0.100
0.100	0.100	0.700	0.100
0.100	0.100	0.100	0.700
0.100	0.100	0.700	0.100
0.700	0.100	0.100	0.100
0.100	0.700	0.100	0.100
0.700	0.100	0.100	0.100
0.700	0.100	0.100	0.100
0.700	0.100	0.100	0.100
