>TCCATRSM	1-TCCATRSM	5.704004	-14.955107	0	T:28.0(53.85%),B:539.2(21.46%),P:1e-6	Tpos:134.5,Tstd:66.0,Bpos:128.9,Bstd:77.0,StrandBias:0.5,Multiplicity:1.44
0.020	0.018	0.046	0.916
0.026	0.715	0.016	0.243
0.089	0.866	0.023	0.022
0.544	0.113	0.227	0.116
0.072	0.015	0.145	0.768
0.431	0.003	0.564	0.002
0.051	0.485	0.426	0.037
0.445	0.553	0.001	0.001
>RGCACGTG	2-RGCACGTG	7.006435	-14.848062	0	T:18.0(34.62%),B:228.9(9.11%),P:1e-6	Tpos:118.3,Tstd:43.6,Bpos:134.1,Bstd:65.8,StrandBias:-0.1,Multiplicity:1.33
0.423	0.002	0.344	0.232
0.077	0.131	0.707	0.085
0.001	0.954	0.044	0.001
0.958	0.001	0.001	0.040
0.058	0.727	0.170	0.045
0.001	0.140	0.782	0.077
0.124	0.134	0.001	0.741
0.031	0.072	0.817	0.080
>ATTTCCGT	3-ATTTCCGT	8.003599	-11.964203	0	T:11.0(21.15%),B:102.7(4.09%),P:1e-5	Tpos:90.6,Tstd:72.0,Bpos:129.9,Bstd:78.9,StrandBias:0.6,Multiplicity:1.00
0.713	0.001	0.262	0.024
0.001	0.001	0.001	0.997
0.251	0.030	0.001	0.718
0.014	0.178	0.001	0.807
0.001	0.997	0.001	0.001
0.032	0.680	0.287	0.001
0.001	0.188	0.810	0.001
0.039	0.001	0.045	0.915
>GTGATATG	4-GTGATATG	8.298858	-11.822928	0	T:8.0(15.38%),B:49.3(1.96%),P:1e-5	Tpos:161.1,Tstd:71.7,Bpos:133.1,Bstd:68.5,StrandBias:-0.8,Multiplicity:1.38
0.001	0.001	0.997	0.001
0.001	0.001	0.001	0.997
0.001	0.001	0.997	0.001
0.997	0.001	0.001	0.001
0.001	0.001	0.069	0.929
0.997	0.001	0.001	0.001
0.001	0.093	0.001	0.905
0.001	0.001	0.997	0.001
>CGWACACG	5-CGWACACG	8.114904	-7.799905	0	T:7.0(13.46%),B:66.4(2.64%),P:1e-3	Tpos:152.9,Tstd:58.8,Bpos:120.7,Bstd:84.7,StrandBias:2.3,Multiplicity:1.57
0.001	0.557	0.113	0.329
0.093	0.001	0.905	0.001
0.464	0.001	0.017	0.518
0.767	0.090	0.142	0.001
0.001	0.855	0.123	0.021
0.896	0.001	0.001	0.102
0.019	0.720	0.108	0.153
0.001	0.001	0.873	0.125
