>AMCAGYCTASGC	16-AMCAGYCTASGC,BestGuess:WRKY17(WRKY)/colamp-WRKY17-DAP-Seq(GSE60143)/Homer(0.608)	8.758672	-15.675596	0	T:5.0(3.23%),B:2.2(0.08%),P:1e-6
0.749	0.174	0.076	0.001
0.375	0.500	0.124	0.001
0.173	0.627	0.199	0.001
0.850	0.148	0.001	0.001
0.174	0.200	0.399	0.227
0.150	0.376	0.100	0.375
0.001	0.625	0.099	0.275
0.174	0.149	0.125	0.552
0.824	0.001	0.174	0.001
0.075	0.450	0.475	0.001
0.001	0.151	0.549	0.299
0.150	0.524	0.051	0.275
