>CAATCACAAGTC	1-GACTTGTGATTG	10.984620	-37.521300	0	T:9.0(5.59%),B:1.9(0.08%),P:1e-16
0.090	0.883	0.001	0.026
0.709	0.001	0.088	0.202
0.531	0.001	0.380	0.088
0.001	0.263	0.001	0.735
0.023	0.975	0.001	0.001
0.560	0.088	0.088	0.264
0.088	0.823	0.088	0.001
0.908	0.001	0.003	0.088
0.704	0.001	0.293	0.002
0.264	0.088	0.647	0.001
0.088	0.176	0.088	0.648
0.003	0.818	0.088	0.091
