>GCSTAGRCTGKT	16-AMCAGYCTASGC	8.758672	-15.675596	0	T:5.0(3.23%),B:2.2(0.08%),P:1e-6
0.275	0.051	0.524	0.150
0.299	0.549	0.151	0.001
0.001	0.475	0.450	0.075
0.001	0.174	0.001	0.824
0.552	0.125	0.149	0.174
0.275	0.099	0.625	0.001
0.375	0.100	0.376	0.150
0.227	0.399	0.200	0.174
0.001	0.001	0.148	0.850
0.001	0.199	0.627	0.173
0.001	0.124	0.500	0.375
0.001	0.076	0.174	0.749
