>GGGGGGAGCTTT	16-GGGGGGAGCTTT,BestGuess:PB0204.1_Zfp740_2/Jaspar(0.676)	9.801425	-20.840661	0	T:8.0(2.47%),B:3.0(0.13%),P:1e-9
0.099	0.157	0.665	0.079
0.039	0.058	0.746	0.157
0.097	0.078	0.747	0.078
0.039	0.019	0.864	0.078
0.117	0.079	0.746	0.058
0.136	0.058	0.728	0.078
0.709	0.097	0.097	0.097
0.021	0.060	0.820	0.099
0.097	0.608	0.177	0.118
0.078	0.058	0.058	0.806
0.039	0.097	0.097	0.767
0.019	0.097	0.078	0.806
