>CCTCGAGGCH	1-CCTCGAGGCH	9.820431	-53.129510	0	T:17.0(4.75%),B:2.6(0.12%),P:1e-23	Tpos:106.3,Tstd:57.3,Bpos:140.6,Bstd:47.2,StrandBias:0.0,Multiplicity:1.06
0.001	0.839	0.159	0.001
0.001	0.997	0.001	0.001
0.001	0.398	0.001	0.600
0.001	0.675	0.323	0.001
0.001	0.001	0.997	0.001
0.997	0.001	0.001	0.001
0.001	0.001	0.997	0.001
0.001	0.001	0.997	0.001
0.001	0.596	0.244	0.159
0.352	0.324	0.080	0.244
>CAAGATAACG	2-CAAGATAACG	9.958991	-38.514887	0	T:23.0(6.42%),B:12.6(0.58%),P:1e-16	Tpos:129.1,Tstd:63.5,Bpos:152.9,Bstd:61.4,StrandBias:1.0,Multiplicity:1.04
0.130	0.739	0.001	0.130
0.889	0.055	0.055	0.001
0.889	0.055	0.001	0.055
0.001	0.054	0.944	0.001
0.997	0.001	0.001	0.001
0.001	0.001	0.001	0.997
0.997	0.001	0.001	0.001
0.889	0.055	0.055	0.001
0.055	0.835	0.055	0.055
0.001	0.129	0.869	0.001
>TAGTTATCGC	3-TAGTTATCGC	8.258543	-37.410833	0	T:28.0(7.82%),B:21.7(0.99%),P:1e-16	Tpos:136.0,Tstd:69.3,Bpos:122.2,Bstd:82.4,StrandBias:-1.2,Multiplicity:1.04
0.029	0.001	0.147	0.823
0.722	0.090	0.001	0.187
0.061	0.059	0.821	0.059
0.177	0.031	0.030	0.762
0.091	0.031	0.148	0.730
0.941	0.029	0.001	0.029
0.030	0.059	0.030	0.881
0.001	0.752	0.088	0.159
0.148	0.030	0.702	0.120
0.031	0.880	0.030	0.059
>GCCCGAAGGC	4-GCCCGAAGGC	10.666616	-35.813866	0	T:14.0(3.91%),B:3.6(0.17%),P:1e-15	Tpos:128.9,Tstd:66.6,Bpos:208.8,Bstd:38.0,StrandBias:-0.8,Multiplicity:1.00
0.001	0.001	0.997	0.001
0.099	0.899	0.001	0.001
0.001	0.899	0.001	0.099
0.001	0.899	0.099	0.001
0.001	0.001	0.899	0.099
0.899	0.099	0.001	0.001
0.997	0.001	0.001	0.001
0.001	0.100	0.799	0.100
0.001	0.001	0.997	0.001
0.001	0.799	0.100	0.100
>CTCTTATCRC	5-CTCTTATCRC	6.607870	-35.246133	0	T:126.0(35.20%),B:379.1(17.37%),P:1e-15	Tpos:119.7,Tstd:64.4,Bpos:126.4,Bstd:85.9,StrandBias:-0.3,Multiplicity:1.26
0.156	0.433	0.215	0.196
0.001	0.001	0.250	0.748
0.108	0.574	0.041	0.277
0.012	0.049	0.001	0.938
0.012	0.001	0.062	0.925
0.925	0.001	0.012	0.062
0.087	0.001	0.239	0.673
0.077	0.910	0.001	0.012
0.334	0.044	0.441	0.181
0.126	0.620	0.108	0.146
>CTYGCGGCTA	6-CTYGCGGCTA	7.945204	-34.579507	0	T:32.0(8.94%),B:32.9(1.51%),P:1e-15	Tpos:131.0,Tstd:67.7,Bpos:127.5,Bstd:84.7,StrandBias:0.8,Multiplicity:1.00
0.001	0.782	0.001	0.216
0.001	0.206	0.001	0.792
0.001	0.425	0.213	0.361
0.001	0.001	0.997	0.001
0.420	0.578	0.001	0.001
0.145	0.145	0.572	0.138
0.001	0.001	0.997	0.001
0.069	0.793	0.137	0.001
0.225	0.141	0.072	0.562
0.997	0.001	0.001	0.001
>ACTTAGCCCA	7-ACTTAGCCCA	10.574300	-33.837993	0	T:12.0(3.35%),B:2.8(0.13%),P:1e-14	Tpos:126.7,Tstd:77.4,Bpos:141.1,Bstd:64.8,StrandBias:0.4,Multiplicity:1.17
0.908	0.090	0.001	0.001
0.001	0.908	0.001	0.090
0.090	0.001	0.001	0.908
0.091	0.091	0.001	0.817
0.908	0.090	0.001	0.001
0.001	0.001	0.997	0.001
0.090	0.908	0.001	0.001
0.090	0.908	0.001	0.001
0.001	0.908	0.001	0.090
0.908	0.090	0.001	0.001
>GCWCTCCGTA	8-GCWCTCCGTA	9.166235	-33.837993	0	T:12.0(3.35%),B:2.7(0.12%),P:1e-14	Tpos:154.0,Tstd:60.4,Bpos:140.3,Bstd:29.2,StrandBias:2.2,Multiplicity:1.00
0.001	0.001	0.997	0.001
0.001	0.904	0.001	0.094
0.524	0.001	0.001	0.474
0.094	0.904	0.001	0.001
0.095	0.001	0.127	0.777
0.001	0.904	0.094	0.001
0.095	0.809	0.095	0.001
0.190	0.001	0.611	0.198
0.189	0.001	0.001	0.809
0.809	0.001	0.095	0.095
>TGCTACAATC	9-TGCTACAATC	9.527925	-33.837993	0	T:12.0(3.35%),B:2.2(0.10%),P:1e-14	Tpos:118.3,Tstd:63.7,Bpos:55.3,Bstd:23.8,StrandBias:-1.0,Multiplicity:1.00
0.001	0.001	0.001	0.997
0.001	0.001	0.997	0.001
0.133	0.733	0.133	0.001
0.133	0.001	0.133	0.733
0.866	0.132	0.001	0.001
0.038	0.945	0.016	0.001
0.997	0.001	0.001	0.001
0.866	0.132	0.001	0.001
0.001	0.001	0.001	0.997
0.001	0.866	0.001	0.132
>AGATTTCCTA	10-AGATTTCCTA	10.167303	-32.570386	0	T:17.0(4.75%),B:7.2(0.33%),P:1e-14	Tpos:137.1,Tstd:77.9,Bpos:85.1,Bstd:94.6,StrandBias:1.0,Multiplicity:1.06
0.997	0.001	0.001	0.001
0.001	0.070	0.928	0.001
0.997	0.001	0.001	0.001
0.001	0.001	0.001	0.997
0.001	0.001	0.001	0.997
0.001	0.001	0.070	0.928
0.071	0.857	0.071	0.001
0.071	0.595	0.167	0.167
0.001	0.001	0.001	0.997
0.761	0.071	0.001	0.167
>AATACACTGC	11-AATACACTGC	10.276640	-31.903555	0	T:15.0(4.19%),B:5.2(0.24%),P:1e-13	Tpos:101.5,Tstd:75.6,Bpos:118.5,Bstd:58.3,StrandBias:0.2,Multiplicity:1.00
0.997	0.001	0.001	0.001
0.857	0.071	0.071	0.001
0.001	0.071	0.071	0.857
0.997	0.001	0.001	0.001
0.071	0.857	0.001	0.071
0.857	0.071	0.071	0.001
0.001	0.928	0.001	0.070
0.070	0.001	0.001	0.928
0.001	0.070	0.928	0.001
0.001	0.857	0.071	0.071
>CGAAATGGTA	12-CGAAATGGTA	10.637803	-30.206324	0	T:11.0(3.07%),B:2.3(0.11%),P:1e-13	Tpos:136.8,Tstd:89.2,Bpos:165.1,Bstd:60.8,StrandBias:0.0,Multiplicity:1.00
0.001	0.899	0.001	0.099
0.001	0.001	0.997	0.001
0.899	0.001	0.001	0.099
0.997	0.001	0.001	0.001
0.997	0.001	0.001	0.001
0.001	0.001	0.001	0.997
0.001	0.099	0.899	0.001
0.100	0.001	0.799	0.100
0.100	0.100	0.100	0.700
0.899	0.099	0.001	0.001
>AAACGCCCAA	13-AAACGCCCAA	10.417304	-29.315960	0	T:15.0(4.19%),B:6.0(0.28%),P:1e-12	Tpos:156.8,Tstd:52.7,Bpos:175.9,Bstd:50.5,StrandBias:0.2,Multiplicity:1.00
0.997	0.001	0.001	0.001
0.997	0.001	0.001	0.001
0.916	0.001	0.082	0.001
0.083	0.833	0.001	0.083
0.083	0.083	0.833	0.001
0.001	0.997	0.001	0.001
0.194	0.722	0.001	0.083
0.055	0.943	0.001	0.001
0.833	0.083	0.001	0.083
0.997	0.001	0.001	0.001
>TTCCGSGCAC	14-TTCCGSGCAC	8.187130	-28.593108	0	T:17.0(4.75%),B:9.8(0.45%),P:1e-12	Tpos:158.1,Tstd:68.4,Bpos:82.0,Bstd:77.2,StrandBias:-0.2,Multiplicity:1.00
0.001	0.072	0.036	0.891
0.040	0.036	0.145	0.779
0.112	0.816	0.036	0.036
0.036	0.891	0.072	0.001
0.036	0.072	0.891	0.001
0.073	0.327	0.452	0.148
0.109	0.001	0.745	0.145
0.001	0.926	0.072	0.001
0.887	0.001	0.036	0.076
0.073	0.742	0.073	0.112
>TCATTGGATG	15-TCATTGGATG	10.368006	-27.840015	0	T:16.0(4.47%),B:8.3(0.38%),P:1e-12	Tpos:128.6,Tstd:63.3,Bpos:121.5,Bstd:40.7,StrandBias:-2.0,Multiplicity:1.00
0.083	0.001	0.001	0.915
0.083	0.915	0.001	0.001
0.997	0.001	0.001	0.001
0.001	0.001	0.001	0.997
0.083	0.001	0.001	0.915
0.001	0.001	0.915	0.083
0.084	0.001	0.831	0.084
0.760	0.042	0.001	0.197
0.084	0.084	0.001	0.831
0.083	0.001	0.915	0.001
>AGGAAGTGAT	16-AGGAAGTGAT	6.314623	-27.067400	0	T:98.0(27.37%),B:291.3(13.34%),P:1e-11	Tpos:134.7,Tstd:74.1,Bpos:120.4,Bstd:81.4,StrandBias:0.2,Multiplicity:1.21
0.815	0.074	0.037	0.074
0.062	0.037	0.827	0.074
0.117	0.055	0.791	0.037
0.882	0.037	0.001	0.080
0.899	0.018	0.018	0.065
0.193	0.062	0.680	0.065
0.057	0.055	0.057	0.831
0.092	0.074	0.797	0.037
0.906	0.039	0.018	0.037
0.172	0.109	0.136	0.583
>GCGTAGCGAT	17-GCGTAGCGAT	9.466703	-25.285563	0	T:8.0(2.23%),B:1.3(0.06%),P:1e-10	Tpos:121.8,Tstd:51.5,Bpos:74.6,Bstd:32.7,StrandBias:0.0,Multiplicity:1.00
0.001	0.001	0.715	0.283
0.001	0.997	0.001	0.001
0.001	0.001	0.961	0.037
0.283	0.001	0.001	0.715
0.715	0.283	0.001	0.001
0.001	0.001	0.997	0.001
0.001	0.997	0.001	0.001
0.001	0.037	0.925	0.037
0.997	0.001	0.001	0.001
0.001	0.001	0.001	0.997
>AAAGAGGGAT	18-AAAGAGGGAT	10.216989	-24.564435	0	T:16.0(4.47%),B:10.5(0.48%),P:1e-10	Tpos:91.1,Tstd:68.4,Bpos:139.7,Bstd:69.4,StrandBias:0.0,Multiplicity:1.00
0.867	0.066	0.066	0.001
0.997	0.001	0.001	0.001
0.932	0.066	0.001	0.001
0.066	0.001	0.932	0.001
0.867	0.001	0.066	0.066
0.001	0.066	0.932	0.001
0.066	0.001	0.867	0.066
0.066	0.001	0.867	0.066
0.932	0.001	0.001	0.066
0.066	0.001	0.066	0.867
>AGTGTAGAGG	19-AGTGTAGAGG	10.562201	-22.872706	0	T:11.0(3.07%),B:4.5(0.21%),P:1e-9	Tpos:134.4,Tstd:80.4,Bpos:43.9,Bstd:44.9,StrandBias:-0.5,Multiplicity:1.20
0.908	0.001	0.001	0.090
0.001	0.091	0.817	0.091
0.090	0.001	0.001	0.908
0.001	0.090	0.908	0.001
0.090	0.001	0.001	0.908
0.997	0.001	0.001	0.001
0.001	0.001	0.908	0.090
0.908	0.001	0.001	0.090
0.001	0.001	0.997	0.001
0.091	0.001	0.817	0.091
>TAGTCTGAGC	20-TAGTCTGAGC	11.276337	-21.377052	0	T:7.0(1.96%),B:0.0(0.00%),P:1e-9	Tpos:99.3,Tstd:70.3,Bpos:0.0,Bstd:0.0,StrandBias:1.3,Multiplicity:1.00
0.001	0.001	0.001	0.997
0.997	0.001	0.001	0.001
0.001	0.001	0.997	0.001
0.001	0.166	0.001	0.832
0.166	0.832	0.001	0.001
0.001	0.001	0.001	0.997
0.001	0.001	0.997	0.001
0.997	0.001	0.001	0.001
0.001	0.001	0.832	0.166
0.166	0.667	0.001	0.166
>TATAATAGCA	21-TATAATAGCA	10.081185	-21.235332	0	T:20.0(5.59%),B:21.6(0.99%),P:1e-9	Tpos:132.8,Tstd:71.3,Bpos:136.0,Bstd:68.8,StrandBias:-0.1,Multiplicity:1.05
0.060	0.060	0.001	0.879
0.820	0.060	0.060	0.060
0.001	0.001	0.001	0.997
0.879	0.001	0.060	0.060
0.939	0.001	0.001	0.059
0.001	0.001	0.059	0.939
0.939	0.001	0.001	0.059
0.099	0.001	0.840	0.060
0.001	0.939	0.059	0.001
0.879	0.001	0.060	0.060
>GCTCTTAGTT	22-GCTCTTAGTT	10.364353	-20.409747	0	T:13.0(3.63%),B:8.9(0.41%),P:1e-8	Tpos:105.0,Tstd:57.5,Bpos:146.1,Bstd:100.0,StrandBias:-0.6,Multiplicity:1.15
0.001	0.001	0.997	0.001
0.001	0.918	0.080	0.001
0.080	0.001	0.001	0.918
0.081	0.648	0.190	0.081
0.001	0.001	0.001	0.997
0.001	0.081	0.081	0.837
0.997	0.001	0.001	0.001
0.001	0.081	0.837	0.081
0.001	0.001	0.001	0.997
0.001	0.001	0.080	0.918
>GGAGTATTTC	23-GGAGTATTTC	10.550102	-19.024899	0	T:13.0(3.63%),B:9.0(0.41%),P:1e-8	Tpos:126.1,Tstd:69.6,Bpos:114.2,Bstd:82.8,StrandBias:-0.4,Multiplicity:1.08
0.001	0.001	0.908	0.090
0.091	0.001	0.817	0.091
0.908	0.090	0.001	0.001
0.001	0.001	0.997	0.001
0.091	0.001	0.091	0.817
0.997	0.001	0.001	0.001
0.001	0.001	0.001	0.997
0.090	0.001	0.001	0.908
0.001	0.090	0.001	0.908
0.091	0.817	0.001	0.091
>CGATACGATC	24-CGATACGATC	9.983629	-13.987443	0	T:5.0(1.40%),B:0.7(0.03%),P:1e-6	Tpos:127.4,Tstd:67.4,Bpos:74.0,Bstd:0.0,StrandBias:1.3,Multiplicity:2.80
0.001	0.846	0.001	0.152
0.153	0.153	0.693	0.001
0.822	0.001	0.153	0.024
0.001	0.354	0.008	0.637
0.846	0.001	0.001	0.152
0.001	0.976	0.001	0.022
0.306	0.001	0.463	0.230
0.997	0.001	0.001	0.001
0.153	0.001	0.023	0.823
0.026	0.972	0.001	0.001
>ACAGTGCGCW	25-ACAGTGCGCW	10.497515	-13.987443	0	T:5.0(1.40%),B:1.5(0.07%),P:1e-6	Tpos:107.4,Tstd:53.1,Bpos:203.3,Bstd:30.6,StrandBias:0.2,Multiplicity:2.00
0.633	0.001	0.001	0.365
0.181	0.575	0.001	0.243
0.997	0.001	0.001	0.001
0.001	0.184	0.814	0.001
0.001	0.184	0.001	0.814
0.003	0.001	0.995	0.001
0.001	0.814	0.001	0.184
0.003	0.001	0.995	0.001
0.001	0.995	0.001	0.003
0.394	0.001	0.181	0.424
>CCATTAGCTAGA	1-CCATTAGCTAGA	10.004515	-50.900293	0	T:14.0(3.91%),B:1.6(0.07%),P:1e-22	Tpos:111.6,Tstd:65.0,Bpos:150.5,Bstd:37.7,StrandBias:0.7,Multiplicity:1.00
0.173	0.740	0.086	0.001
0.086	0.827	0.001	0.086
0.739	0.001	0.001	0.259
0.001	0.173	0.001	0.825
0.001	0.001	0.001	0.997
0.810	0.001	0.188	0.001
0.001	0.086	0.827	0.086
0.001	0.739	0.001	0.259
0.001	0.086	0.086	0.827
0.897	0.101	0.001	0.001
0.086	0.001	0.827	0.086
0.997	0.001	0.001	0.001
>GGATTAACACTC	2-GGATTAACACTC	10.497077	-50.900293	0	T:14.0(3.91%),B:0.5(0.02%),P:1e-22	Tpos:89.6,Tstd:50.2,Bpos:243.0,Bstd:0.0,StrandBias:-0.4,Multiplicity:1.00
0.001	0.154	0.691	0.154
0.001	0.153	0.845	0.001
0.922	0.001	0.001	0.076
0.076	0.001	0.001	0.922
0.076	0.001	0.001	0.922
0.615	0.077	0.231	0.077
0.997	0.001	0.001	0.001
0.001	0.922	0.076	0.001
0.922	0.001	0.001	0.076
0.001	0.845	0.001	0.153
0.077	0.077	0.077	0.769
0.077	0.768	0.001	0.154
>TTGTGCGTGACA	3-TTGTGCGTGACA	11.612308	-42.009488	0	T:12.0(3.35%),B:1.9(0.09%),P:1e-18	Tpos:142.2,Tstd:72.7,Bpos:207.6,Bstd:24.2,StrandBias:0.5,Multiplicity:1.00
0.001	0.209	0.001	0.789
0.001	0.001	0.001	0.997
0.001	0.001	0.894	0.104
0.001	0.001	0.001	0.997
0.232	0.001	0.640	0.127
0.001	0.673	0.001	0.325
0.001	0.001	0.997	0.001
0.001	0.001	0.001	0.997
0.011	0.348	0.640	0.001
0.789	0.105	0.001	0.105
0.001	0.997	0.001	0.001
0.673	0.001	0.221	0.105
>CTTGCCTCGAGG	4-CTTGCCTCGAGG	9.989998	-41.641171	0	T:17.0(4.75%),B:4.2(0.19%),P:1e-18	Tpos:108.7,Tstd:61.5,Bpos:165.1,Bstd:43.9,StrandBias:0.2,Multiplicity:1.00
0.095	0.524	0.143	0.238
0.095	0.095	0.048	0.762
0.001	0.094	0.001	0.904
0.001	0.190	0.762	0.047
0.001	0.951	0.001	0.047
0.001	0.997	0.001	0.001
0.001	0.047	0.001	0.951
0.048	0.809	0.095	0.048
0.095	0.095	0.809	0.001
0.951	0.001	0.047	0.001
0.001	0.047	0.905	0.047
0.095	0.048	0.762	0.095
>CCCYGRGGGMAA	5-CCCYGRGGGMAA	7.078316	-39.970019	0	T:63.0(17.60%),B:109.9(5.03%),P:1e-17	Tpos:123.1,Tstd:50.1,Bpos:122.5,Bstd:68.2,StrandBias:0.2,Multiplicity:1.13
0.045	0.558	0.264	0.133
0.043	0.942	0.014	0.001
0.001	0.984	0.001	0.014
0.234	0.338	0.001	0.426
0.015	0.264	0.442	0.279
0.410	0.059	0.352	0.178
0.220	0.029	0.722	0.029
0.001	0.001	0.997	0.001
0.073	0.191	0.648	0.088
0.294	0.442	0.177	0.088
0.456	0.058	0.235	0.251
0.751	0.001	0.014	0.234
>GHGATAGCTATC	6-GHGATAGCTATC	11.103484	-37.685302	0	T:11.0(3.07%),B:0.6(0.03%),P:1e-16	Tpos:103.8,Tstd:53.5,Bpos:11.0,Bstd:0.0,StrandBias:0.0,Multiplicity:1.00
0.048	0.096	0.848	0.008
0.399	0.304	0.001	0.296
0.047	0.001	0.951	0.001
0.951	0.001	0.047	0.001
0.048	0.048	0.001	0.903
0.664	0.096	0.096	0.144
0.047	0.001	0.951	0.001
0.001	0.903	0.001	0.095
0.048	0.096	0.112	0.744
0.856	0.048	0.048	0.048
0.001	0.047	0.001	0.951
0.001	0.997	0.001	0.001
>GCATCGGAACAC	7-GCATCGGAACAC	9.833817	-37.552281	0	T:13.0(3.63%),B:2.1(0.10%),P:1e-16	Tpos:129.5,Tstd:53.7,Bpos:102.2,Bstd:75.0,StrandBias:-0.2,Multiplicity:1.00
0.181	0.091	0.727	0.001
0.001	0.817	0.001	0.181
0.908	0.001	0.090	0.001
0.181	0.001	0.001	0.817
0.001	0.908	0.001	0.090
0.181	0.001	0.727	0.091
0.001	0.090	0.908	0.001
0.908	0.001	0.001	0.090
0.908	0.001	0.001	0.090
0.181	0.637	0.181	0.001
0.997	0.001	0.001	0.001
0.090	0.908	0.001	0.001
>GCTTTTAAAGCG	8-GCTTTTAAAGCG	10.052472	-35.043396	0	T:17.0(4.75%),B:6.7(0.31%),P:1e-15	Tpos:119.9,Tstd:77.7,Bpos:77.3,Bstd:60.5,StrandBias:1.0,Multiplicity:1.06
0.001	0.206	0.724	0.069
0.001	0.997	0.001	0.001
0.001	0.001	0.001	0.997
0.137	0.069	0.001	0.793
0.137	0.137	0.001	0.725
0.137	0.001	0.001	0.861
0.930	0.001	0.001	0.068
0.792	0.001	0.206	0.001
0.656	0.206	0.137	0.001
0.023	0.001	0.907	0.069
0.206	0.792	0.001	0.001
0.069	0.001	0.861	0.069
>TTTTGTCTTCGY	9-TTTTGTCTTCGY	11.008640	-33.837993	0	T:12.0(3.35%),B:2.5(0.11%),P:1e-14	Tpos:126.2,Tstd:61.4,Bpos:179.8,Bstd:40.9,StrandBias:0.5,Multiplicity:1.00
0.001	0.153	0.169	0.677
0.001	0.152	0.001	0.846
0.001	0.001	0.001	0.997
0.001	0.001	0.001	0.997
0.338	0.001	0.660	0.001
0.001	0.001	0.322	0.676
0.001	0.997	0.001	0.001
0.001	0.001	0.152	0.846
0.168	0.001	0.001	0.830
0.001	0.997	0.001	0.001
0.001	0.001	0.846	0.152
0.001	0.523	0.001	0.475
>TTTGACGATAAA	10-TTTGACGATAAA	11.481794	-32.427926	0	T:13.0(3.63%),B:4.0(0.18%),P:1e-14	Tpos:135.5,Tstd:77.9,Bpos:181.1,Bstd:82.1,StrandBias:0.2,Multiplicity:1.00
0.001	0.152	0.001	0.846
0.152	0.001	0.001	0.846
0.001	0.001	0.001	0.997
0.001	0.153	0.520	0.326
0.831	0.167	0.001	0.001
0.153	0.649	0.001	0.197
0.167	0.001	0.831	0.001
0.817	0.168	0.014	0.001
0.152	0.001	0.001	0.846
0.997	0.001	0.001	0.001
0.997	0.001	0.001	0.001
0.829	0.001	0.001	0.169
>TATACAAGATAA	11-TATACAAGATAA	8.565552	-31.623155	0	T:45.0(12.57%),B:71.9(3.29%),P:1e-13	Tpos:121.3,Tstd:75.3,Bpos:130.6,Bstd:83.9,StrandBias:0.5,Multiplicity:1.00
0.206	0.057	0.059	0.678
0.776	0.055	0.057	0.112
0.177	0.055	0.110	0.658
0.834	0.055	0.001	0.110
0.117	0.767	0.057	0.059
0.780	0.055	0.055	0.110
0.797	0.110	0.001	0.092
0.001	0.001	0.938	0.060
0.889	0.001	0.001	0.109
0.065	0.055	0.001	0.879
0.997	0.001	0.001	0.001
0.887	0.001	0.055	0.057
>AGAGATTTCTCG	12-AGAGATTTCTCG	9.640694	-31.528588	0	T:22.0(6.15%),B:15.5(0.71%),P:1e-13	Tpos:104.6,Tstd:70.2,Bpos:113.3,Bstd:97.6,StrandBias:-1.0,Multiplicity:1.00
0.860	0.046	0.093	0.001
0.001	0.093	0.813	0.093
0.953	0.001	0.001	0.045
0.147	0.001	0.713	0.139
0.813	0.001	0.093	0.093
0.001	0.045	0.001	0.953
0.001	0.001	0.007	0.991
0.001	0.093	0.046	0.860
0.093	0.674	0.001	0.232
0.046	0.093	0.001	0.860
0.093	0.768	0.046	0.093
0.046	0.046	0.769	0.139
>ATTACCGCTATA	13-ATTACCGCTATA	9.443560	-30.206324	0	T:11.0(3.07%),B:2.9(0.13%),P:1e-13	Tpos:104.1,Tstd:51.5,Bpos:76.6,Bstd:48.7,StrandBias:-0.5,Multiplicity:1.09
0.997	0.001	0.001	0.001
0.001	0.220	0.001	0.778
0.001	0.001	0.001	0.997
0.720	0.001	0.001	0.278
0.001	0.997	0.001	0.001
0.001	0.997	0.001	0.001
0.001	0.001	0.997	0.001
0.001	0.997	0.001	0.001
0.001	0.001	0.001	0.997
0.778	0.001	0.001	0.220
0.001	0.221	0.221	0.557
0.442	0.250	0.029	0.279
>TCCGATTACTGA	14-TCCGATTACTGA	9.488504	-30.206324	0	T:11.0(3.07%),B:2.0(0.09%),P:1e-13	Tpos:145.8,Tstd:69.8,Bpos:95.7,Bstd:50.3,StrandBias:1.2,Multiplicity:1.00
0.132	0.001	0.001	0.866
0.133	0.699	0.035	0.133
0.001	0.866	0.001	0.132
0.001	0.001	0.838	0.160
0.971	0.001	0.027	0.001
0.001	0.133	0.133	0.733
0.001	0.001	0.132	0.866
0.866	0.001	0.001	0.132
0.001	0.997	0.001	0.001
0.028	0.133	0.007	0.832
0.001	0.001	0.997	0.001
0.733	0.133	0.133	0.001
>HTTTCATTTCCT	15-HTTTCATTTCCT	7.308601	-29.695228	0	T:44.0(12.29%),B:72.2(3.31%),P:1e-12	Tpos:139.3,Tstd:76.6,Bpos:121.7,Bstd:82.1,StrandBias:0.5,Multiplicity:1.05
0.247	0.383	0.106	0.264
0.218	0.027	0.171	0.584
0.166	0.244	0.110	0.480
0.129	0.022	0.178	0.671
0.242	0.465	0.019	0.274
0.444	0.178	0.153	0.225
0.026	0.249	0.106	0.619
0.019	0.173	0.190	0.618
0.017	0.134	0.151	0.698
0.015	0.544	0.276	0.165
0.194	0.561	0.019	0.226
0.033	0.123	0.175	0.669
>AWTGAAATCCAC	16-AWTGAAATCCAC	10.976145	-26.664150	0	T:10.0(2.79%),B:2.7(0.12%),P:1e-11	Tpos:140.5,Tstd:76.2,Bpos:114.8,Bstd:46.3,StrandBias:0.3,Multiplicity:1.10
0.997	0.001	0.001	0.001
0.474	0.001	0.117	0.408
0.143	0.001	0.001	0.855
0.117	0.001	0.730	0.152
0.882	0.116	0.001	0.001
0.997	0.001	0.001	0.001
0.764	0.001	0.001	0.234
0.141	0.001	0.001	0.857
0.389	0.586	0.024	0.001
0.116	0.882	0.001	0.001
0.471	0.235	0.147	0.147
0.116	0.882	0.001	0.001
>AGTAAACCAATA	17-AGTAAACCAATA	10.366173	-26.550727	0	T:14.0(3.91%),B:6.3(0.29%),P:1e-11	Tpos:163.1,Tstd:56.7,Bpos:120.3,Bstd:37.4,StrandBias:0.7,Multiplicity:1.14
0.912	0.086	0.001	0.001
0.186	0.001	0.714	0.099
0.086	0.001	0.001	0.912
0.912	0.001	0.001	0.086
0.814	0.086	0.099	0.001
0.827	0.001	0.086	0.086
0.086	0.912	0.001	0.001
0.001	0.825	0.001	0.173
0.997	0.001	0.001	0.001
0.639	0.001	0.001	0.359
0.001	0.001	0.001	0.997
0.553	0.174	0.087	0.186
>TTTTGGCTGGAT	18-TTTTGGCTGGAT	9.074693	-25.174163	0	T:23.0(6.42%),B:23.1(1.06%),P:1e-10	Tpos:145.7,Tstd:69.2,Bpos:123.1,Bstd:64.5,StrandBias:0.4,Multiplicity:1.00
0.051	0.051	0.001	0.897
0.050	0.001	0.001	0.948
0.102	0.051	0.001	0.846
0.051	0.051	0.102	0.796
0.051	0.001	0.884	0.064
0.153	0.001	0.795	0.051
0.051	0.847	0.051	0.051
0.102	0.001	0.153	0.744
0.154	0.051	0.693	0.102
0.051	0.001	0.846	0.102
0.948	0.050	0.001	0.001
0.153	0.001	0.051	0.795
>TCTTCTTAGCGA	19-TCTTCTTAGCGA	9.231457	-21.377052	0	T:7.0(1.96%),B:1.6(0.07%),P:1e-9	Tpos:102.1,Tstd:55.7,Bpos:116.6,Bstd:65.2,StrandBias:0.0,Multiplicity:1.14
0.075	0.100	0.098	0.727
0.110	0.583	0.116	0.191
0.127	0.067	0.081	0.725
0.085	0.098	0.089	0.728
0.158	0.549	0.123	0.170
0.100	0.081	0.064	0.755
0.091	0.089	0.098	0.722
0.679	0.089	0.116	0.116
0.127	0.071	0.632	0.170
0.133	0.620	0.085	0.162
0.152	0.118	0.607	0.123
0.676	0.114	0.094	0.116
>TAAGAGCGCGCA	20-TAAGAGCGCGCA	10.134101	-17.801475	0	T:13.0(3.63%),B:10.1(0.46%),P:1e-7	Tpos:111.9,Tstd:60.4,Bpos:127.2,Bstd:87.6,StrandBias:1.5,Multiplicity:1.15
0.133	0.133	0.133	0.601
0.849	0.001	0.133	0.017
0.997	0.001	0.001	0.001
0.132	0.001	0.866	0.001
0.997	0.001	0.001	0.001
0.001	0.001	0.997	0.001
0.001	0.997	0.001	0.001
0.017	0.001	0.849	0.133
0.001	0.997	0.001	0.001
0.018	0.133	0.583	0.266
0.133	0.733	0.133	0.001
0.601	0.133	0.265	0.001
>CAGAWATTACCC	21-CAGAWATTACCC	9.937062	-16.781017	0	T:8.0(2.23%),B:3.8(0.17%),P:1e-7	Tpos:157.2,Tstd:66.9,Bpos:124.5,Bstd:36.2,StrandBias:1.2,Multiplicity:1.62
0.001	0.997	0.001	0.001
0.541	0.153	0.153	0.153
0.001	0.169	0.677	0.153
0.983	0.001	0.015	0.001
0.459	0.001	0.153	0.387
0.997	0.001	0.001	0.001
0.015	0.001	0.001	0.983
0.015	0.001	0.001	0.983
0.846	0.001	0.001	0.152
0.001	0.997	0.001	0.001
0.001	0.846	0.001	0.152
0.001	0.846	0.001	0.152
>CTGACGACGTCA	22-CTGACGACGTCA	12.063962	-13.987443	0	T:5.0(1.40%),B:0.0(0.00%),P:1e-6	Tpos:80.7,Tstd:49.2,Bpos:0.0,Bstd:0.0,StrandBias:0.0,Multiplicity:1.20
0.001	0.830	0.153	0.016
0.152	0.001	0.001	0.846
0.001	0.153	0.693	0.153
0.997	0.001	0.001	0.001
0.001	0.676	0.001	0.322
0.015	0.001	0.983	0.001
0.525	0.153	0.153	0.169
0.001	0.997	0.001	0.001
0.001	0.001	0.997	0.001
0.001	0.152	0.001	0.846
0.001	0.997	0.001	0.001
0.693	0.001	0.153	0.153
>CACGACACAATC	23-CACGACACAATC	10.577545	-13.583117	0	T:6.0(1.68%),B:2.5(0.12%),P:1e-5	Tpos:115.5,Tstd:69.8,Bpos:64.1,Bstd:5.7,StrandBias:3.0,Multiplicity:3.00
0.105	0.789	0.001	0.105
0.894	0.001	0.104	0.001
0.001	0.997	0.001	0.001
0.001	0.104	0.894	0.001
0.894	0.001	0.104	0.001
0.105	0.789	0.001	0.105
0.894	0.104	0.001	0.001
0.109	0.889	0.001	0.001
0.645	0.105	0.117	0.133
0.894	0.001	0.001	0.104
0.319	0.001	0.105	0.575
0.104	0.894	0.001	0.001
>ACAGTGCGCACT	24-ACAGTGCGCACT	9.908746	-10.554185	0	T:4.0(1.12%),B:0.7(0.03%),P:1e-4	Tpos:88.6,Tstd:62.4,Bpos:224.0,Bstd:0.0,StrandBias:0.0,Multiplicity:1.75
0.997	0.001	0.001	0.001
0.176	0.822	0.001	0.001
0.997	0.001	0.001	0.001
0.001	0.001	0.911	0.087
0.001	0.001	0.001	0.997
0.001	0.001	0.997	0.001
0.001	0.997	0.001	0.001
0.001	0.001	0.997	0.001
0.001	0.997	0.001	0.001
0.911	0.087	0.001	0.001
0.088	0.823	0.088	0.001
0.001	0.001	0.001	0.997
>GGGKGGGGGGGG	25-GGGKGGGGGGGG	8.923509	-6.980493	0	T:19.0(5.31%),B:51.3(2.35%),P:1e-3	Tpos:133.3,Tstd:78.9,Bpos:142.0,Bstd:74.7,StrandBias:-0.9,Multiplicity:1.11
0.001	0.001	0.997	0.001
0.001	0.001	0.957	0.041
0.001	0.001	0.603	0.395
0.044	0.001	0.408	0.547
0.038	0.001	0.923	0.038
0.001	0.001	0.997	0.001
0.001	0.001	0.997	0.001
0.037	0.001	0.961	0.001
0.001	0.001	0.917	0.081
0.001	0.395	0.603	0.001
0.075	0.001	0.923	0.001
0.001	0.001	0.954	0.044
>TGATCT	1-TGATCT	2.445311	-23.938107	0	T:213.0(59.50%),B:923.0(42.28%),P:1e-10	Tpos:127.3,Tstd:70.5,Bpos:125.7,Bstd:88.3,StrandBias:-0.0,Multiplicity:1.67
0.001	0.001	0.001	0.997
0.001	0.001	0.903	0.095
0.997	0.001	0.001	0.001
0.001	0.001	0.001	0.997
0.001	0.997	0.001	0.001
0.001	0.001	0.030	0.968
>CTGATA	2-CTGATA	5.958583	-18.858500	0	T:130.0(36.31%),B:499.5(22.88%),P:1e-8	Tpos:136.0,Tstd:66.4,Bpos:125.9,Bstd:86.3,StrandBias:-0.1,Multiplicity:1.19
0.001	0.997	0.001	0.001
0.001	0.201	0.001	0.797
0.001	0.001	0.997	0.001
0.997	0.001	0.001	0.001
0.001	0.001	0.001	0.997
0.878	0.120	0.001	0.001
>CATTTC	3-CATTTC	6.381352	-15.722781	0	T:175.0(48.88%),B:775.4(35.52%),P:1e-6	Tpos:131.6,Tstd:72.7,Bpos:125.4,Bstd:82.0,StrandBias:0.2,Multiplicity:1.32
0.001	0.997	0.001	0.001
0.997	0.001	0.001	0.001
0.001	0.182	0.001	0.816
0.196	0.001	0.001	0.802
0.001	0.001	0.001	0.997
0.001	0.997	0.001	0.001
>GGAAGT	4-GGAAGT	6.784059	-15.155987	0	T:100.0(27.93%),B:374.9(17.17%),P:1e-6	Tpos:134.5,Tstd:66.2,Bpos:123.1,Bstd:78.6,StrandBias:0.0,Multiplicity:1.12
0.001	0.001	0.997	0.001
0.001	0.001	0.997	0.001
0.997	0.001	0.001	0.001
0.779	0.001	0.001	0.219
0.001	0.001	0.997	0.001
0.001	0.001	0.001	0.997
>TTCCGG	5-TTCCGG	6.737322	-14.315717	0	T:57.0(15.92%),B:175.8(8.05%),P:1e-6	Tpos:134.8,Tstd:67.0,Bpos:121.2,Bstd:78.2,StrandBias:-0.2,Multiplicity:1.04
0.001	0.209	0.001	0.789
0.001	0.001	0.001	0.997
0.001	0.997	0.001	0.001
0.001	0.997	0.001	0.001
0.001	0.001	0.997	0.001
0.001	0.001	0.997	0.001
>CATTAG	6-CATTAG	1.394987	-13.361442	0	T:154.0(43.02%),B:680.9(31.20%),P:1e-5	Tpos:120.6,Tstd:66.1,Bpos:126.7,Bstd:79.9,StrandBias:0.1,Multiplicity:1.29
0.001	0.997	0.001	0.001
0.539	0.264	0.001	0.196
0.001	0.001	0.001	0.997
0.001	0.001	0.001	0.997
0.997	0.001	0.001	0.001
0.001	0.001	0.997	0.001
>GTGCGC	7-GTGCGC	5.193159	-10.366279	0	T:171.0(47.77%),B:813.8(37.28%),P:1e-4	Tpos:117.4,Tstd:61.3,Bpos:124.3,Bstd:75.7,StrandBias:-0.2,Multiplicity:1.44
0.001	0.001	0.997	0.001
0.122	0.001	0.001	0.876
0.001	0.001	0.997	0.001
0.001	0.677	0.232	0.090
0.001	0.001	0.912	0.086
0.001	0.867	0.001	0.131
>TGCCGT	8-TGCCGT	5.380007	-7.051486	0	T:144.0(40.22%),B:703.1(32.21%),P:1e-3	Tpos:124.6,Tstd:62.9,Bpos:126.6,Bstd:72.2,StrandBias:-0.2,Multiplicity:1.36
0.001	0.001	0.001	0.997
0.001	0.001	0.997	0.001
0.215	0.715	0.001	0.069
0.001	0.997	0.001	0.001
0.001	0.001	0.997	0.001
0.001	0.075	0.001	0.923
>TCTTATCA	1-TCTTATCA	5.688425	-45.347737	0	T:200.0(55.87%),B:701.7(32.15%),P:1e-19	Tpos:131.6,Tstd:67.3,Bpos:125.6,Bstd:86.8,StrandBias:-0.1,Multiplicity:1.43
0.114	0.030	0.173	0.683
0.100	0.731	0.069	0.100
0.097	0.069	0.098	0.736
0.052	0.050	0.138	0.760
0.900	0.032	0.027	0.041
0.069	0.001	0.060	0.870
0.027	0.794	0.128	0.051
0.534	0.035	0.197	0.234
>TCACTTCC	2-TCACTTCC	7.142996	-31.213283	0	T:73.0(20.39%),B:169.7(7.78%),P:1e-13	Tpos:138.5,Tstd:69.6,Bpos:120.0,Bstd:78.7,StrandBias:0.2,Multiplicity:1.11
0.070	0.001	0.060	0.869
0.001	0.847	0.110	0.042
0.770	0.119	0.001	0.110
0.064	0.661	0.027	0.248
0.001	0.001	0.001	0.997
0.001	0.001	0.001	0.997
0.030	0.917	0.052	0.001
0.001	0.997	0.001	0.001
>TTTTCCGG	3-TTTTCCGG	8.069744	-29.339189	0	T:27.0(7.54%),B:27.5(1.26%),P:1e-12	Tpos:106.6,Tstd:69.7,Bpos:126.6,Bstd:77.5,StrandBias:-0.1,Multiplicity:1.04
0.001	0.157	0.001	0.841
0.001	0.070	0.001	0.928
0.001	0.001	0.001	0.997
0.157	0.001	0.001	0.841
0.001	0.997	0.001	0.001
0.001	0.997	0.001	0.001
0.001	0.001	0.997	0.001
0.001	0.001	0.997	0.001
>CTAGAGGC	4-CTAGAGGC	6.835206	-28.591283	0	T:57.0(15.92%),B:118.2(5.41%),P:1e-12	Tpos:119.6,Tstd:61.1,Bpos:127.5,Bstd:81.3,StrandBias:-0.1,Multiplicity:1.12
0.066	0.856	0.027	0.051
0.001	0.001	0.001	0.997
0.525	0.280	0.156	0.039
0.043	0.001	0.955	0.001
0.997	0.001	0.001	0.001
0.101	0.001	0.897	0.001
0.001	0.061	0.937	0.001
0.019	0.879	0.101	0.001
>AMGCAMAW	5-AMGCAMAW	6.893570	-26.069151	0	T:94.0(26.26%),B:278.7(12.77%),P:1e-11	Tpos:129.7,Tstd:70.3,Bpos:121.5,Bstd:82.3,StrandBias:-0.2,Multiplicity:1.11
0.912	0.001	0.004	0.083
0.433	0.565	0.001	0.001
0.129	0.001	0.869	0.001
0.001	0.735	0.263	0.001
0.544	0.394	0.001	0.061
0.359	0.461	0.175	0.004
0.823	0.024	0.070	0.083
0.399	0.001	0.065	0.535
>CCCCAAGG	6-CCCCAAGG	7.921369	-24.948636	0	T:39.0(10.89%),B:67.2(3.08%),P:1e-10	Tpos:134.2,Tstd:63.1,Bpos:128.5,Bstd:63.8,StrandBias:0.3,Multiplicity:1.05
0.001	0.975	0.023	0.001
0.001	0.997	0.001	0.001
0.137	0.761	0.001	0.101
0.001	0.831	0.167	0.001
0.727	0.068	0.177	0.028
0.733	0.001	0.265	0.001
0.001	0.001	0.997	0.001
0.028	0.001	0.970	0.001
>GAGATTAT	7-GAGATTAT	6.482900	-24.821758	0	T:105.0(29.33%),B:335.1(15.35%),P:1e-10	Tpos:119.7,Tstd:72.4,Bpos:122.5,Bstd:86.0,StrandBias:0.2,Multiplicity:1.11
0.045	0.195	0.759	0.001
0.931	0.044	0.024	0.001
0.051	0.001	0.902	0.046
0.820	0.080	0.055	0.045
0.001	0.027	0.001	0.971
0.001	0.086	0.001	0.912
0.905	0.001	0.001	0.093
0.051	0.001	0.024	0.924
>ACTCAGGT	8-ACTCAGGT	7.368333	-22.500250	0	T:26.0(7.26%),B:34.3(1.57%),P:1e-9	Tpos:111.8,Tstd:72.2,Bpos:141.2,Bstd:77.4,StrandBias:0.1,Multiplicity:1.00
0.997	0.001	0.001	0.001
0.001	0.848	0.001	0.150
0.001	0.001	0.001	0.997
0.001	0.809	0.001	0.189
0.997	0.001	0.001	0.001
0.001	0.001	0.997	0.001
0.132	0.001	0.866	0.001
0.001	0.001	0.001	0.997
>CGTTATCT	9-CGTTATCT	7.520772	-22.469180	0	T:31.0(8.66%),B:48.8(2.23%),P:1e-9	Tpos:130.0,Tstd:68.5,Bpos:130.4,Bstd:97.4,StrandBias:-1.1,Multiplicity:1.10
0.001	0.997	0.001	0.001
0.001	0.001	0.997	0.001
0.001	0.239	0.001	0.759
0.001	0.001	0.001	0.997
0.997	0.001	0.001	0.001
0.001	0.001	0.001	0.997
0.001	0.878	0.120	0.001
0.001	0.001	0.001	0.997
>YGGAGGGT	10-YGGAGGGT	10.370157	-20.563479	0	T:11.0(3.07%),B:5.5(0.25%),P:1e-8	Tpos:152.4,Tstd:55.5,Bpos:119.3,Bstd:40.3,StrandBias:-0.8,Multiplicity:1.00
0.001	0.497	0.001	0.501
0.001	0.001	0.997	0.001
0.001	0.001	0.997	0.001
0.997	0.001	0.001	0.001
0.001	0.001	0.997	0.001
0.001	0.001	0.997	0.001
0.001	0.001	0.997	0.001
0.001	0.001	0.001	0.997
>TACATTTC	11-TACATTTC	8.221880	-20.132894	0	T:31.0(8.66%),B:53.9(2.47%),P:1e-8	Tpos:133.4,Tstd:68.2,Bpos:114.9,Bstd:93.1,StrandBias:-0.4,Multiplicity:1.06
0.001	0.098	0.001	0.900
0.997	0.001	0.001	0.001
0.001	0.915	0.083	0.001
0.997	0.001	0.001	0.001
0.001	0.001	0.001	0.997
0.001	0.001	0.001	0.997
0.001	0.001	0.070	0.928
0.001	0.997	0.001	0.001
>CCCTAAGG	12-CCCTAAGG	8.236954	-19.882665	0	T:8.0(2.23%),B:2.8(0.13%),P:1e-8	Tpos:121.8,Tstd:53.7,Bpos:143.5,Bstd:46.6,StrandBias:0.0,Multiplicity:1.00
0.100	0.700	0.100	0.100
0.100	0.700	0.100	0.100
0.100	0.700	0.100	0.100
0.100	0.100	0.100	0.700
0.700	0.100	0.100	0.100
0.700	0.100	0.100	0.100
0.100	0.100	0.700	0.100
0.100	0.100	0.700	0.100
>CGTGGGCG	13-CGTGGGCG	6.651104	-19.241076	0	T:51.0(14.25%),B:127.8(5.85%),P:1e-8	Tpos:107.6,Tstd:60.6,Bpos:119.5,Bstd:73.6,StrandBias:-0.4,Multiplicity:1.16
0.028	0.572	0.001	0.399
0.001	0.001	0.930	0.068
0.004	0.001	0.139	0.856
0.003	0.069	0.813	0.115
0.001	0.219	0.711	0.069
0.001	0.071	0.927	0.001
0.059	0.830	0.001	0.110
0.110	0.069	0.820	0.001
>ATGGAGTA	14-ATGGAGTA	8.446365	-19.092462	0	T:22.0(6.15%),B:29.3(1.34%),P:1e-8	Tpos:120.0,Tstd:73.2,Bpos:121.1,Bstd:71.1,StrandBias:-0.7,Multiplicity:1.00
0.997	0.001	0.001	0.001
0.001	0.266	0.001	0.732
0.001	0.112	0.594	0.293
0.001	0.323	0.675	0.001
0.619	0.001	0.001	0.379
0.001	0.001	0.997	0.001
0.001	0.001	0.001	0.997
0.825	0.001	0.173	0.001
>GATCACTT	15-GATCACTT	8.091853	-16.840693	0	T:22.0(6.15%),B:33.3(1.53%),P:1e-7	Tpos:141.6,Tstd:74.5,Bpos:128.2,Bstd:67.5,StrandBias:0.0,Multiplicity:1.16
0.001	0.001	0.997	0.001
0.649	0.174	0.001	0.176
0.196	0.174	0.001	0.629
0.001	0.997	0.001	0.001
0.997	0.001	0.001	0.001
0.001	0.765	0.233	0.001
0.001	0.372	0.001	0.626
0.001	0.001	0.153	0.845
>GCAGGCCT	16-GCAGGCCT	8.651622	-16.640077	0	T:17.0(4.75%),B:20.8(0.95%),P:1e-7	Tpos:131.2,Tstd:60.9,Bpos:144.2,Bstd:46.8,StrandBias:-0.8,Multiplicity:1.00
0.001	0.001	0.873	0.125
0.001	0.997	0.001	0.001
0.997	0.001	0.001	0.001
0.001	0.001	0.997	0.001
0.001	0.001	0.997	0.001
0.141	0.857	0.001	0.001
0.001	0.827	0.171	0.001
0.001	0.001	0.001	0.997
>GATCTCAT	17-GATCTCAT	8.236954	-15.403208	0	T:9.0(2.51%),B:5.4(0.25%),P:1e-6	Tpos:147.9,Tstd:42.9,Bpos:154.1,Bstd:46.1,StrandBias:-1.0,Multiplicity:1.00
0.100	0.100	0.700	0.100
0.700	0.100	0.100	0.100
0.100	0.100	0.100	0.700
0.100	0.700	0.100	0.100
0.100	0.100	0.100	0.700
0.100	0.700	0.100	0.100
0.700	0.100	0.100	0.100
0.100	0.100	0.100	0.700
>GAACGTTC	18-GAACGTTC	8.236954	-13.987443	0	T:5.0(1.40%),B:1.8(0.08%),P:1e-6	Tpos:98.3,Tstd:58.9,Bpos:126.0,Bstd:24.5,StrandBias:0.0,Multiplicity:1.00
0.100	0.100	0.700	0.100
0.700	0.100	0.100	0.100
0.700	0.100	0.100	0.100
0.100	0.700	0.100	0.100
0.100	0.100	0.700	0.100
0.100	0.100	0.100	0.700
0.100	0.100	0.100	0.700
0.100	0.700	0.100	0.100
>TTCCCTAG	19-TTCCCTAG	10.050445	-13.663994	0	T:11.0(3.07%),B:10.5(0.48%),P:1e-5	Tpos:124.4,Tstd:64.1,Bpos:139.5,Bstd:64.8,StrandBias:-0.5,Multiplicity:1.00
0.001	0.001	0.001	0.997
0.001	0.001	0.001	0.997
0.001	0.997	0.001	0.001
0.001	0.637	0.361	0.001
0.001	0.997	0.001	0.001
0.001	0.001	0.001	0.997
0.997	0.001	0.001	0.001
0.001	0.001	0.997	0.001
>CAACCCGA	20-CAACCCGA	8.236954	-13.583117	0	T:6.0(1.68%),B:2.7(0.12%),P:1e-5	Tpos:155.2,Tstd:46.7,Bpos:141.3,Bstd:43.4,StrandBias:-1.0,Multiplicity:1.00
0.100	0.700	0.100	0.100
0.700	0.100	0.100	0.100
0.700	0.100	0.100	0.100
0.100	0.700	0.100	0.100
0.100	0.700	0.100	0.100
0.100	0.700	0.100	0.100
0.100	0.100	0.700	0.100
0.700	0.100	0.100	0.100
>TMGCGTCG	21-TMGCGTCG	7.433641	-11.172021	0	T:16.0(4.47%),B:27.6(1.27%),P:1e-4	Tpos:94.4,Tstd:63.0,Bpos:131.2,Bstd:76.0,StrandBias:0.1,Multiplicity:1.31
0.001	0.001	0.001	0.997
0.500	0.498	0.001	0.001
0.409	0.014	0.576	0.001
0.001	0.907	0.001	0.091
0.001	0.001	0.997	0.001
0.001	0.001	0.001	0.997
0.001	0.997	0.001	0.001
0.001	0.001	0.997	0.001
>GCCTTACT	22-GCCTTACT	8.236954	-10.655805	0	T:5.0(1.40%),B:2.7(0.12%),P:1e-4	Tpos:108.0,Tstd:76.4,Bpos:109.4,Bstd:65.9,StrandBias:0.6,Multiplicity:1.00
0.100	0.100	0.700	0.100
0.100	0.700	0.100	0.100
0.100	0.700	0.100	0.100
0.100	0.100	0.100	0.700
0.100	0.100	0.100	0.700
0.700	0.100	0.100	0.100
0.100	0.700	0.100	0.100
0.100	0.100	0.100	0.700
>ACCTACGA	23-ACCTACGA	8.236954	-10.655805	0	T:5.0(1.40%),B:2.4(0.11%),P:1e-4	Tpos:141.6,Tstd:70.0,Bpos:123.7,Bstd:36.1,StrandBias:-0.6,Multiplicity:1.00
0.700	0.100	0.100	0.100
0.100	0.700	0.100	0.100
0.100	0.700	0.100	0.100
0.100	0.100	0.100	0.700
0.700	0.100	0.100	0.100
0.100	0.700	0.100	0.100
0.100	0.100	0.700	0.100
0.700	0.100	0.100	0.100
>GGGCCGAT	24-GGGCCGAT	9.387697	-7.538656	0	T:6.0(1.68%),B:6.1(0.28%),P:1e-3	Tpos:117.5,Tstd:44.3,Bpos:161.0,Bstd:19.8,StrandBias:-10.0,Multiplicity:1.00
0.226	0.001	0.772	0.001
0.001	0.001	0.997	0.001
0.001	0.001	0.829	0.169
0.001	0.997	0.001	0.001
0.289	0.653	0.057	0.001
0.001	0.001	0.997	0.001
0.997	0.001	0.001	0.001
0.001	0.001	0.001	0.997
>ACAGTGCG	25-ACAGTGCG	8.796296	-3.122555	0	T:4.0(1.12%),B:8.6(0.39%),P:1e-1	Tpos:103.3,Tstd:64.5,Bpos:149.4,Bstd:97.4,StrandBias:1.0,Multiplicity:3.00
0.997	0.001	0.001	0.001
0.001	0.997	0.001	0.001
0.997	0.001	0.001	0.001
0.001	0.001	0.997	0.001
0.001	0.001	0.001	0.997
0.001	0.103	0.895	0.001
0.001	0.997	0.001	0.001
0.001	0.001	0.997	0.001
