>TCTTATCA	1-TCTTATCA	5.688425	-45.347737	0	T:200.0(55.87%),B:701.7(32.15%),P:1e-19	Tpos:131.6,Tstd:67.3,Bpos:125.6,Bstd:86.8,StrandBias:-0.1,Multiplicity:1.43
0.114	0.030	0.173	0.683
0.100	0.731	0.069	0.100
0.097	0.069	0.098	0.736
0.052	0.050	0.138	0.760
0.900	0.032	0.027	0.041
0.069	0.001	0.060	0.870
0.027	0.794	0.128	0.051
0.534	0.035	0.197	0.234
>TCACTTCC	2-TCACTTCC	7.142996	-31.213283	0	T:73.0(20.39%),B:169.7(7.78%),P:1e-13	Tpos:138.5,Tstd:69.6,Bpos:120.0,Bstd:78.7,StrandBias:0.2,Multiplicity:1.11
0.070	0.001	0.060	0.869
0.001	0.847	0.110	0.042
0.770	0.119	0.001	0.110
0.064	0.661	0.027	0.248
0.001	0.001	0.001	0.997
0.001	0.001	0.001	0.997
0.030	0.917	0.052	0.001
0.001	0.997	0.001	0.001
>TTTTCCGG	3-TTTTCCGG	8.069744	-29.339189	0	T:27.0(7.54%),B:27.5(1.26%),P:1e-12	Tpos:106.6,Tstd:69.7,Bpos:126.6,Bstd:77.5,StrandBias:-0.1,Multiplicity:1.04
0.001	0.157	0.001	0.841
0.001	0.070	0.001	0.928
0.001	0.001	0.001	0.997
0.157	0.001	0.001	0.841
0.001	0.997	0.001	0.001
0.001	0.997	0.001	0.001
0.001	0.001	0.997	0.001
0.001	0.001	0.997	0.001
>CTAGAGGC	4-CTAGAGGC	6.835206	-28.591283	0	T:57.0(15.92%),B:118.2(5.41%),P:1e-12	Tpos:119.6,Tstd:61.1,Bpos:127.5,Bstd:81.3,StrandBias:-0.1,Multiplicity:1.12
0.066	0.856	0.027	0.051
0.001	0.001	0.001	0.997
0.525	0.280	0.156	0.039
0.043	0.001	0.955	0.001
0.997	0.001	0.001	0.001
0.101	0.001	0.897	0.001
0.001	0.061	0.937	0.001
0.019	0.879	0.101	0.001
>AMGCAMAW	5-AMGCAMAW	6.893570	-26.069151	0	T:94.0(26.26%),B:278.7(12.77%),P:1e-11	Tpos:129.7,Tstd:70.3,Bpos:121.5,Bstd:82.3,StrandBias:-0.2,Multiplicity:1.11
0.912	0.001	0.004	0.083
0.433	0.565	0.001	0.001
0.129	0.001	0.869	0.001
0.001	0.735	0.263	0.001
0.544	0.394	0.001	0.061
0.359	0.461	0.175	0.004
0.823	0.024	0.070	0.083
0.399	0.001	0.065	0.535
>CCCCAAGG	6-CCCCAAGG	7.921369	-24.948636	0	T:39.0(10.89%),B:67.2(3.08%),P:1e-10	Tpos:134.2,Tstd:63.1,Bpos:128.5,Bstd:63.8,StrandBias:0.3,Multiplicity:1.05
0.001	0.975	0.023	0.001
0.001	0.997	0.001	0.001
0.137	0.761	0.001	0.101
0.001	0.831	0.167	0.001
0.727	0.068	0.177	0.028
0.733	0.001	0.265	0.001
0.001	0.001	0.997	0.001
0.028	0.001	0.970	0.001
>GAGATTAT	7-GAGATTAT	6.482900	-24.821758	0	T:105.0(29.33%),B:335.1(15.35%),P:1e-10	Tpos:119.7,Tstd:72.4,Bpos:122.5,Bstd:86.0,StrandBias:0.2,Multiplicity:1.11
0.045	0.195	0.759	0.001
0.931	0.044	0.024	0.001
0.051	0.001	0.902	0.046
0.820	0.080	0.055	0.045
0.001	0.027	0.001	0.971
0.001	0.086	0.001	0.912
0.905	0.001	0.001	0.093
0.051	0.001	0.024	0.924
>ACTCAGGT	8-ACTCAGGT	7.368333	-22.500250	0	T:26.0(7.26%),B:34.3(1.57%),P:1e-9	Tpos:111.8,Tstd:72.2,Bpos:141.2,Bstd:77.4,StrandBias:0.1,Multiplicity:1.00
0.997	0.001	0.001	0.001
0.001	0.848	0.001	0.150
0.001	0.001	0.001	0.997
0.001	0.809	0.001	0.189
0.997	0.001	0.001	0.001
0.001	0.001	0.997	0.001
0.132	0.001	0.866	0.001
0.001	0.001	0.001	0.997
>CGTTATCT	9-CGTTATCT	7.520772	-22.469180	0	T:31.0(8.66%),B:48.8(2.23%),P:1e-9	Tpos:130.0,Tstd:68.5,Bpos:130.4,Bstd:97.4,StrandBias:-1.1,Multiplicity:1.10
0.001	0.997	0.001	0.001
0.001	0.001	0.997	0.001
0.001	0.239	0.001	0.759
0.001	0.001	0.001	0.997
0.997	0.001	0.001	0.001
0.001	0.001	0.001	0.997
0.001	0.878	0.120	0.001
0.001	0.001	0.001	0.997
>YGGAGGGT	10-YGGAGGGT	10.370157	-20.563479	0	T:11.0(3.07%),B:5.5(0.25%),P:1e-8	Tpos:152.4,Tstd:55.5,Bpos:119.3,Bstd:40.3,StrandBias:-0.8,Multiplicity:1.00
0.001	0.497	0.001	0.501
0.001	0.001	0.997	0.001
0.001	0.001	0.997	0.001
0.997	0.001	0.001	0.001
0.001	0.001	0.997	0.001
0.001	0.001	0.997	0.001
0.001	0.001	0.997	0.001
0.001	0.001	0.001	0.997
>TACATTTC	11-TACATTTC	8.221880	-20.132894	0	T:31.0(8.66%),B:53.9(2.47%),P:1e-8	Tpos:133.4,Tstd:68.2,Bpos:114.9,Bstd:93.1,StrandBias:-0.4,Multiplicity:1.06
0.001	0.098	0.001	0.900
0.997	0.001	0.001	0.001
0.001	0.915	0.083	0.001
0.997	0.001	0.001	0.001
0.001	0.001	0.001	0.997
0.001	0.001	0.001	0.997
0.001	0.001	0.070	0.928
0.001	0.997	0.001	0.001
>CCCTAAGG	12-CCCTAAGG	8.236954	-19.882665	0	T:8.0(2.23%),B:2.8(0.13%),P:1e-8	Tpos:121.8,Tstd:53.7,Bpos:143.5,Bstd:46.6,StrandBias:0.0,Multiplicity:1.00
0.100	0.700	0.100	0.100
0.100	0.700	0.100	0.100
0.100	0.700	0.100	0.100
0.100	0.100	0.100	0.700
0.700	0.100	0.100	0.100
0.700	0.100	0.100	0.100
0.100	0.100	0.700	0.100
0.100	0.100	0.700	0.100
>CGTGGGCG	13-CGTGGGCG	6.651104	-19.241076	0	T:51.0(14.25%),B:127.8(5.85%),P:1e-8	Tpos:107.6,Tstd:60.6,Bpos:119.5,Bstd:73.6,StrandBias:-0.4,Multiplicity:1.16
0.028	0.572	0.001	0.399
0.001	0.001	0.930	0.068
0.004	0.001	0.139	0.856
0.003	0.069	0.813	0.115
0.001	0.219	0.711	0.069
0.001	0.071	0.927	0.001
0.059	0.830	0.001	0.110
0.110	0.069	0.820	0.001
>ATGGAGTA	14-ATGGAGTA	8.446365	-19.092462	0	T:22.0(6.15%),B:29.3(1.34%),P:1e-8	Tpos:120.0,Tstd:73.2,Bpos:121.1,Bstd:71.1,StrandBias:-0.7,Multiplicity:1.00
0.997	0.001	0.001	0.001
0.001	0.266	0.001	0.732
0.001	0.112	0.594	0.293
0.001	0.323	0.675	0.001
0.619	0.001	0.001	0.379
0.001	0.001	0.997	0.001
0.001	0.001	0.001	0.997
0.825	0.001	0.173	0.001
>GATCACTT	15-GATCACTT	8.091853	-16.840693	0	T:22.0(6.15%),B:33.3(1.53%),P:1e-7	Tpos:141.6,Tstd:74.5,Bpos:128.2,Bstd:67.5,StrandBias:0.0,Multiplicity:1.16
0.001	0.001	0.997	0.001
0.649	0.174	0.001	0.176
0.196	0.174	0.001	0.629
0.001	0.997	0.001	0.001
0.997	0.001	0.001	0.001
0.001	0.765	0.233	0.001
0.001	0.372	0.001	0.626
0.001	0.001	0.153	0.845
>GCAGGCCT	16-GCAGGCCT	8.651622	-16.640077	0	T:17.0(4.75%),B:20.8(0.95%),P:1e-7	Tpos:131.2,Tstd:60.9,Bpos:144.2,Bstd:46.8,StrandBias:-0.8,Multiplicity:1.00
0.001	0.001	0.873	0.125
0.001	0.997	0.001	0.001
0.997	0.001	0.001	0.001
0.001	0.001	0.997	0.001
0.001	0.001	0.997	0.001
0.141	0.857	0.001	0.001
0.001	0.827	0.171	0.001
0.001	0.001	0.001	0.997
>GATCTCAT	17-GATCTCAT	8.236954	-15.403208	0	T:9.0(2.51%),B:5.4(0.25%),P:1e-6	Tpos:147.9,Tstd:42.9,Bpos:154.1,Bstd:46.1,StrandBias:-1.0,Multiplicity:1.00
0.100	0.100	0.700	0.100
0.700	0.100	0.100	0.100
0.100	0.100	0.100	0.700
0.100	0.700	0.100	0.100
0.100	0.100	0.100	0.700
0.100	0.700	0.100	0.100
0.700	0.100	0.100	0.100
0.100	0.100	0.100	0.700
>GAACGTTC	18-GAACGTTC	8.236954	-13.987443	0	T:5.0(1.40%),B:1.8(0.08%),P:1e-6	Tpos:98.3,Tstd:58.9,Bpos:126.0,Bstd:24.5,StrandBias:0.0,Multiplicity:1.00
0.100	0.100	0.700	0.100
0.700	0.100	0.100	0.100
0.700	0.100	0.100	0.100
0.100	0.700	0.100	0.100
0.100	0.100	0.700	0.100
0.100	0.100	0.100	0.700
0.100	0.100	0.100	0.700
0.100	0.700	0.100	0.100
>TTCCCTAG	19-TTCCCTAG	10.050445	-13.663994	0	T:11.0(3.07%),B:10.5(0.48%),P:1e-5	Tpos:124.4,Tstd:64.1,Bpos:139.5,Bstd:64.8,StrandBias:-0.5,Multiplicity:1.00
0.001	0.001	0.001	0.997
0.001	0.001	0.001	0.997
0.001	0.997	0.001	0.001
0.001	0.637	0.361	0.001
0.001	0.997	0.001	0.001
0.001	0.001	0.001	0.997
0.997	0.001	0.001	0.001
0.001	0.001	0.997	0.001
>CAACCCGA	20-CAACCCGA	8.236954	-13.583117	0	T:6.0(1.68%),B:2.7(0.12%),P:1e-5	Tpos:155.2,Tstd:46.7,Bpos:141.3,Bstd:43.4,StrandBias:-1.0,Multiplicity:1.00
0.100	0.700	0.100	0.100
0.700	0.100	0.100	0.100
0.700	0.100	0.100	0.100
0.100	0.700	0.100	0.100
0.100	0.700	0.100	0.100
0.100	0.700	0.100	0.100
0.100	0.100	0.700	0.100
0.700	0.100	0.100	0.100
>TMGCGTCG	21-TMGCGTCG	7.433641	-11.172021	0	T:16.0(4.47%),B:27.6(1.27%),P:1e-4	Tpos:94.4,Tstd:63.0,Bpos:131.2,Bstd:76.0,StrandBias:0.1,Multiplicity:1.31
0.001	0.001	0.001	0.997
0.500	0.498	0.001	0.001
0.409	0.014	0.576	0.001
0.001	0.907	0.001	0.091
0.001	0.001	0.997	0.001
0.001	0.001	0.001	0.997
0.001	0.997	0.001	0.001
0.001	0.001	0.997	0.001
>GCCTTACT	22-GCCTTACT	8.236954	-10.655805	0	T:5.0(1.40%),B:2.7(0.12%),P:1e-4	Tpos:108.0,Tstd:76.4,Bpos:109.4,Bstd:65.9,StrandBias:0.6,Multiplicity:1.00
0.100	0.100	0.700	0.100
0.100	0.700	0.100	0.100
0.100	0.700	0.100	0.100
0.100	0.100	0.100	0.700
0.100	0.100	0.100	0.700
0.700	0.100	0.100	0.100
0.100	0.700	0.100	0.100
0.100	0.100	0.100	0.700
>ACCTACGA	23-ACCTACGA	8.236954	-10.655805	0	T:5.0(1.40%),B:2.4(0.11%),P:1e-4	Tpos:141.6,Tstd:70.0,Bpos:123.7,Bstd:36.1,StrandBias:-0.6,Multiplicity:1.00
0.700	0.100	0.100	0.100
0.100	0.700	0.100	0.100
0.100	0.700	0.100	0.100
0.100	0.100	0.100	0.700
0.700	0.100	0.100	0.100
0.100	0.700	0.100	0.100
0.100	0.100	0.700	0.100
0.700	0.100	0.100	0.100
>GGGCCGAT	24-GGGCCGAT	9.387697	-7.538656	0	T:6.0(1.68%),B:6.1(0.28%),P:1e-3	Tpos:117.5,Tstd:44.3,Bpos:161.0,Bstd:19.8,StrandBias:-10.0,Multiplicity:1.00
0.226	0.001	0.772	0.001
0.001	0.001	0.997	0.001
0.001	0.001	0.829	0.169
0.001	0.997	0.001	0.001
0.289	0.653	0.057	0.001
0.001	0.001	0.997	0.001
0.997	0.001	0.001	0.001
0.001	0.001	0.001	0.997
>ACAGTGCG	25-ACAGTGCG	8.796296	-3.122555	0	T:4.0(1.12%),B:8.6(0.39%),P:1e-1	Tpos:103.3,Tstd:64.5,Bpos:149.4,Bstd:97.4,StrandBias:1.0,Multiplicity:3.00
0.997	0.001	0.001	0.001
0.001	0.997	0.001	0.001
0.997	0.001	0.001	0.001
0.001	0.001	0.997	0.001
0.001	0.001	0.001	0.997
0.001	0.103	0.895	0.001
0.001	0.997	0.001	0.001
0.001	0.001	0.997	0.001
