>CCTCGAGGCH	1-CCTCGAGGCH	9.820431	-53.129510	0	T:17.0(4.75%),B:2.6(0.12%),P:1e-23	Tpos:106.3,Tstd:57.3,Bpos:140.6,Bstd:47.2,StrandBias:0.0,Multiplicity:1.06
0.001	0.839	0.159	0.001
0.001	0.997	0.001	0.001
0.001	0.398	0.001	0.600
0.001	0.675	0.323	0.001
0.001	0.001	0.997	0.001
0.997	0.001	0.001	0.001
0.001	0.001	0.997	0.001
0.001	0.001	0.997	0.001
0.001	0.596	0.244	0.159
0.352	0.324	0.080	0.244
>CAAGATAACG	2-CAAGATAACG	9.958991	-38.514887	0	T:23.0(6.42%),B:12.6(0.58%),P:1e-16	Tpos:129.1,Tstd:63.5,Bpos:152.9,Bstd:61.4,StrandBias:1.0,Multiplicity:1.04
0.130	0.739	0.001	0.130
0.889	0.055	0.055	0.001
0.889	0.055	0.001	0.055
0.001	0.054	0.944	0.001
0.997	0.001	0.001	0.001
0.001	0.001	0.001	0.997
0.997	0.001	0.001	0.001
0.889	0.055	0.055	0.001
0.055	0.835	0.055	0.055
0.001	0.129	0.869	0.001
>TAGTTATCGC	3-TAGTTATCGC	8.258543	-37.410833	0	T:28.0(7.82%),B:21.7(0.99%),P:1e-16	Tpos:136.0,Tstd:69.3,Bpos:122.2,Bstd:82.4,StrandBias:-1.2,Multiplicity:1.04
0.029	0.001	0.147	0.823
0.722	0.090	0.001	0.187
0.061	0.059	0.821	0.059
0.177	0.031	0.030	0.762
0.091	0.031	0.148	0.730
0.941	0.029	0.001	0.029
0.030	0.059	0.030	0.881
0.001	0.752	0.088	0.159
0.148	0.030	0.702	0.120
0.031	0.880	0.030	0.059
>GCCCGAAGGC	4-GCCCGAAGGC	10.666616	-35.813866	0	T:14.0(3.91%),B:3.6(0.17%),P:1e-15	Tpos:128.9,Tstd:66.6,Bpos:208.8,Bstd:38.0,StrandBias:-0.8,Multiplicity:1.00
0.001	0.001	0.997	0.001
0.099	0.899	0.001	0.001
0.001	0.899	0.001	0.099
0.001	0.899	0.099	0.001
0.001	0.001	0.899	0.099
0.899	0.099	0.001	0.001
0.997	0.001	0.001	0.001
0.001	0.100	0.799	0.100
0.001	0.001	0.997	0.001
0.001	0.799	0.100	0.100
>CTCTTATCRC	5-CTCTTATCRC	6.607870	-35.246133	0	T:126.0(35.20%),B:379.1(17.37%),P:1e-15	Tpos:119.7,Tstd:64.4,Bpos:126.4,Bstd:85.9,StrandBias:-0.3,Multiplicity:1.26
0.156	0.433	0.215	0.196
0.001	0.001	0.250	0.748
0.108	0.574	0.041	0.277
0.012	0.049	0.001	0.938
0.012	0.001	0.062	0.925
0.925	0.001	0.012	0.062
0.087	0.001	0.239	0.673
0.077	0.910	0.001	0.012
0.334	0.044	0.441	0.181
0.126	0.620	0.108	0.146
>CTYGCGGCTA	6-CTYGCGGCTA	7.945204	-34.579507	0	T:32.0(8.94%),B:32.9(1.51%),P:1e-15	Tpos:131.0,Tstd:67.7,Bpos:127.5,Bstd:84.7,StrandBias:0.8,Multiplicity:1.00
0.001	0.782	0.001	0.216
0.001	0.206	0.001	0.792
0.001	0.425	0.213	0.361
0.001	0.001	0.997	0.001
0.420	0.578	0.001	0.001
0.145	0.145	0.572	0.138
0.001	0.001	0.997	0.001
0.069	0.793	0.137	0.001
0.225	0.141	0.072	0.562
0.997	0.001	0.001	0.001
>ACTTAGCCCA	7-ACTTAGCCCA	10.574300	-33.837993	0	T:12.0(3.35%),B:2.8(0.13%),P:1e-14	Tpos:126.7,Tstd:77.4,Bpos:141.1,Bstd:64.8,StrandBias:0.4,Multiplicity:1.17
0.908	0.090	0.001	0.001
0.001	0.908	0.001	0.090
0.090	0.001	0.001	0.908
0.091	0.091	0.001	0.817
0.908	0.090	0.001	0.001
0.001	0.001	0.997	0.001
0.090	0.908	0.001	0.001
0.090	0.908	0.001	0.001
0.001	0.908	0.001	0.090
0.908	0.090	0.001	0.001
>GCWCTCCGTA	8-GCWCTCCGTA	9.166235	-33.837993	0	T:12.0(3.35%),B:2.7(0.12%),P:1e-14	Tpos:154.0,Tstd:60.4,Bpos:140.3,Bstd:29.2,StrandBias:2.2,Multiplicity:1.00
0.001	0.001	0.997	0.001
0.001	0.904	0.001	0.094
0.524	0.001	0.001	0.474
0.094	0.904	0.001	0.001
0.095	0.001	0.127	0.777
0.001	0.904	0.094	0.001
0.095	0.809	0.095	0.001
0.190	0.001	0.611	0.198
0.189	0.001	0.001	0.809
0.809	0.001	0.095	0.095
>TGCTACAATC	9-TGCTACAATC	9.527925	-33.837993	0	T:12.0(3.35%),B:2.2(0.10%),P:1e-14	Tpos:118.3,Tstd:63.7,Bpos:55.3,Bstd:23.8,StrandBias:-1.0,Multiplicity:1.00
0.001	0.001	0.001	0.997
0.001	0.001	0.997	0.001
0.133	0.733	0.133	0.001
0.133	0.001	0.133	0.733
0.866	0.132	0.001	0.001
0.038	0.945	0.016	0.001
0.997	0.001	0.001	0.001
0.866	0.132	0.001	0.001
0.001	0.001	0.001	0.997
0.001	0.866	0.001	0.132
>AGATTTCCTA	10-AGATTTCCTA	10.167303	-32.570386	0	T:17.0(4.75%),B:7.2(0.33%),P:1e-14	Tpos:137.1,Tstd:77.9,Bpos:85.1,Bstd:94.6,StrandBias:1.0,Multiplicity:1.06
0.997	0.001	0.001	0.001
0.001	0.070	0.928	0.001
0.997	0.001	0.001	0.001
0.001	0.001	0.001	0.997
0.001	0.001	0.001	0.997
0.001	0.001	0.070	0.928
0.071	0.857	0.071	0.001
0.071	0.595	0.167	0.167
0.001	0.001	0.001	0.997
0.761	0.071	0.001	0.167
>AATACACTGC	11-AATACACTGC	10.276640	-31.903555	0	T:15.0(4.19%),B:5.2(0.24%),P:1e-13	Tpos:101.5,Tstd:75.6,Bpos:118.5,Bstd:58.3,StrandBias:0.2,Multiplicity:1.00
0.997	0.001	0.001	0.001
0.857	0.071	0.071	0.001
0.001	0.071	0.071	0.857
0.997	0.001	0.001	0.001
0.071	0.857	0.001	0.071
0.857	0.071	0.071	0.001
0.001	0.928	0.001	0.070
0.070	0.001	0.001	0.928
0.001	0.070	0.928	0.001
0.001	0.857	0.071	0.071
>CGAAATGGTA	12-CGAAATGGTA	10.637803	-30.206324	0	T:11.0(3.07%),B:2.3(0.11%),P:1e-13	Tpos:136.8,Tstd:89.2,Bpos:165.1,Bstd:60.8,StrandBias:0.0,Multiplicity:1.00
0.001	0.899	0.001	0.099
0.001	0.001	0.997	0.001
0.899	0.001	0.001	0.099
0.997	0.001	0.001	0.001
0.997	0.001	0.001	0.001
0.001	0.001	0.001	0.997
0.001	0.099	0.899	0.001
0.100	0.001	0.799	0.100
0.100	0.100	0.100	0.700
0.899	0.099	0.001	0.001
>AAACGCCCAA	13-AAACGCCCAA	10.417304	-29.315960	0	T:15.0(4.19%),B:6.0(0.28%),P:1e-12	Tpos:156.8,Tstd:52.7,Bpos:175.9,Bstd:50.5,StrandBias:0.2,Multiplicity:1.00
0.997	0.001	0.001	0.001
0.997	0.001	0.001	0.001
0.916	0.001	0.082	0.001
0.083	0.833	0.001	0.083
0.083	0.083	0.833	0.001
0.001	0.997	0.001	0.001
0.194	0.722	0.001	0.083
0.055	0.943	0.001	0.001
0.833	0.083	0.001	0.083
0.997	0.001	0.001	0.001
>TTCCGSGCAC	14-TTCCGSGCAC	8.187130	-28.593108	0	T:17.0(4.75%),B:9.8(0.45%),P:1e-12	Tpos:158.1,Tstd:68.4,Bpos:82.0,Bstd:77.2,StrandBias:-0.2,Multiplicity:1.00
0.001	0.072	0.036	0.891
0.040	0.036	0.145	0.779
0.112	0.816	0.036	0.036
0.036	0.891	0.072	0.001
0.036	0.072	0.891	0.001
0.073	0.327	0.452	0.148
0.109	0.001	0.745	0.145
0.001	0.926	0.072	0.001
0.887	0.001	0.036	0.076
0.073	0.742	0.073	0.112
>TCATTGGATG	15-TCATTGGATG	10.368006	-27.840015	0	T:16.0(4.47%),B:8.3(0.38%),P:1e-12	Tpos:128.6,Tstd:63.3,Bpos:121.5,Bstd:40.7,StrandBias:-2.0,Multiplicity:1.00
0.083	0.001	0.001	0.915
0.083	0.915	0.001	0.001
0.997	0.001	0.001	0.001
0.001	0.001	0.001	0.997
0.083	0.001	0.001	0.915
0.001	0.001	0.915	0.083
0.084	0.001	0.831	0.084
0.760	0.042	0.001	0.197
0.084	0.084	0.001	0.831
0.083	0.001	0.915	0.001
>AGGAAGTGAT	16-AGGAAGTGAT	6.314623	-27.067400	0	T:98.0(27.37%),B:291.3(13.34%),P:1e-11	Tpos:134.7,Tstd:74.1,Bpos:120.4,Bstd:81.4,StrandBias:0.2,Multiplicity:1.21
0.815	0.074	0.037	0.074
0.062	0.037	0.827	0.074
0.117	0.055	0.791	0.037
0.882	0.037	0.001	0.080
0.899	0.018	0.018	0.065
0.193	0.062	0.680	0.065
0.057	0.055	0.057	0.831
0.092	0.074	0.797	0.037
0.906	0.039	0.018	0.037
0.172	0.109	0.136	0.583
>GCGTAGCGAT	17-GCGTAGCGAT	9.466703	-25.285563	0	T:8.0(2.23%),B:1.3(0.06%),P:1e-10	Tpos:121.8,Tstd:51.5,Bpos:74.6,Bstd:32.7,StrandBias:0.0,Multiplicity:1.00
0.001	0.001	0.715	0.283
0.001	0.997	0.001	0.001
0.001	0.001	0.961	0.037
0.283	0.001	0.001	0.715
0.715	0.283	0.001	0.001
0.001	0.001	0.997	0.001
0.001	0.997	0.001	0.001
0.001	0.037	0.925	0.037
0.997	0.001	0.001	0.001
0.001	0.001	0.001	0.997
>AAAGAGGGAT	18-AAAGAGGGAT	10.216989	-24.564435	0	T:16.0(4.47%),B:10.5(0.48%),P:1e-10	Tpos:91.1,Tstd:68.4,Bpos:139.7,Bstd:69.4,StrandBias:0.0,Multiplicity:1.00
0.867	0.066	0.066	0.001
0.997	0.001	0.001	0.001
0.932	0.066	0.001	0.001
0.066	0.001	0.932	0.001
0.867	0.001	0.066	0.066
0.001	0.066	0.932	0.001
0.066	0.001	0.867	0.066
0.066	0.001	0.867	0.066
0.932	0.001	0.001	0.066
0.066	0.001	0.066	0.867
>AGTGTAGAGG	19-AGTGTAGAGG	10.562201	-22.872706	0	T:11.0(3.07%),B:4.5(0.21%),P:1e-9	Tpos:134.4,Tstd:80.4,Bpos:43.9,Bstd:44.9,StrandBias:-0.5,Multiplicity:1.20
0.908	0.001	0.001	0.090
0.001	0.091	0.817	0.091
0.090	0.001	0.001	0.908
0.001	0.090	0.908	0.001
0.090	0.001	0.001	0.908
0.997	0.001	0.001	0.001
0.001	0.001	0.908	0.090
0.908	0.001	0.001	0.090
0.001	0.001	0.997	0.001
0.091	0.001	0.817	0.091
>TAGTCTGAGC	20-TAGTCTGAGC	11.276337	-21.377052	0	T:7.0(1.96%),B:0.0(0.00%),P:1e-9	Tpos:99.3,Tstd:70.3,Bpos:0.0,Bstd:0.0,StrandBias:1.3,Multiplicity:1.00
0.001	0.001	0.001	0.997
0.997	0.001	0.001	0.001
0.001	0.001	0.997	0.001
0.001	0.166	0.001	0.832
0.166	0.832	0.001	0.001
0.001	0.001	0.001	0.997
0.001	0.001	0.997	0.001
0.997	0.001	0.001	0.001
0.001	0.001	0.832	0.166
0.166	0.667	0.001	0.166
>TATAATAGCA	21-TATAATAGCA	10.081185	-21.235332	0	T:20.0(5.59%),B:21.6(0.99%),P:1e-9	Tpos:132.8,Tstd:71.3,Bpos:136.0,Bstd:68.8,StrandBias:-0.1,Multiplicity:1.05
0.060	0.060	0.001	0.879
0.820	0.060	0.060	0.060
0.001	0.001	0.001	0.997
0.879	0.001	0.060	0.060
0.939	0.001	0.001	0.059
0.001	0.001	0.059	0.939
0.939	0.001	0.001	0.059
0.099	0.001	0.840	0.060
0.001	0.939	0.059	0.001
0.879	0.001	0.060	0.060
>GCTCTTAGTT	22-GCTCTTAGTT	10.364353	-20.409747	0	T:13.0(3.63%),B:8.9(0.41%),P:1e-8	Tpos:105.0,Tstd:57.5,Bpos:146.1,Bstd:100.0,StrandBias:-0.6,Multiplicity:1.15
0.001	0.001	0.997	0.001
0.001	0.918	0.080	0.001
0.080	0.001	0.001	0.918
0.081	0.648	0.190	0.081
0.001	0.001	0.001	0.997
0.001	0.081	0.081	0.837
0.997	0.001	0.001	0.001
0.001	0.081	0.837	0.081
0.001	0.001	0.001	0.997
0.001	0.001	0.080	0.918
>GGAGTATTTC	23-GGAGTATTTC	10.550102	-19.024899	0	T:13.0(3.63%),B:9.0(0.41%),P:1e-8	Tpos:126.1,Tstd:69.6,Bpos:114.2,Bstd:82.8,StrandBias:-0.4,Multiplicity:1.08
0.001	0.001	0.908	0.090
0.091	0.001	0.817	0.091
0.908	0.090	0.001	0.001
0.001	0.001	0.997	0.001
0.091	0.001	0.091	0.817
0.997	0.001	0.001	0.001
0.001	0.001	0.001	0.997
0.090	0.001	0.001	0.908
0.001	0.090	0.001	0.908
0.091	0.817	0.001	0.091
>CGATACGATC	24-CGATACGATC	9.983629	-13.987443	0	T:5.0(1.40%),B:0.7(0.03%),P:1e-6	Tpos:127.4,Tstd:67.4,Bpos:74.0,Bstd:0.0,StrandBias:1.3,Multiplicity:2.80
0.001	0.846	0.001	0.152
0.153	0.153	0.693	0.001
0.822	0.001	0.153	0.024
0.001	0.354	0.008	0.637
0.846	0.001	0.001	0.152
0.001	0.976	0.001	0.022
0.306	0.001	0.463	0.230
0.997	0.001	0.001	0.001
0.153	0.001	0.023	0.823
0.026	0.972	0.001	0.001
>ACAGTGCGCW	25-ACAGTGCGCW	10.497515	-13.987443	0	T:5.0(1.40%),B:1.5(0.07%),P:1e-6	Tpos:107.4,Tstd:53.1,Bpos:203.3,Bstd:30.6,StrandBias:0.2,Multiplicity:2.00
0.633	0.001	0.001	0.365
0.181	0.575	0.001	0.243
0.997	0.001	0.001	0.001
0.001	0.184	0.814	0.001
0.001	0.184	0.001	0.814
0.003	0.001	0.995	0.001
0.001	0.814	0.001	0.184
0.003	0.001	0.995	0.001
0.001	0.995	0.001	0.003
0.394	0.001	0.181	0.424
