>GAATAAACGG	1-GAATAAACGG	11.316461	-30.542158	0	T:7.0(13.46%),B:2.9(0.13%),P:1e-13	Tpos:99.1,Tstd:84.8,Bpos:136.4,Bstd:95.6,StrandBias:0.4,Multiplicity:1.00
0.001	0.166	0.832	0.001
0.997	0.001	0.001	0.001
0.832	0.001	0.001	0.166
0.001	0.001	0.166	0.832
0.997	0.001	0.001	0.001
0.997	0.001	0.001	0.001
0.832	0.001	0.001	0.166
0.001	0.997	0.001	0.001
0.166	0.001	0.832	0.001
0.001	0.001	0.997	0.001
>AGAAAAAATC	2-AGAAAAAATC	9.277905	-21.699798	0	T:12.0(23.08%),B:45.6(2.01%),P:1e-9	Tpos:102.0,Tstd:72.7,Bpos:123.8,Bstd:81.8,StrandBias:0.0,Multiplicity:1.09
0.795	0.092	0.112	0.001
0.138	0.001	0.789	0.072
0.774	0.224	0.001	0.001
0.997	0.001	0.001	0.001
0.770	0.112	0.117	0.001
0.720	0.277	0.001	0.002
0.915	0.080	0.001	0.004
0.997	0.001	0.001	0.001
0.234	0.001	0.003	0.762
0.157	0.507	0.189	0.147
>GGGACTTCTG	3-GGGACTTCTG	10.759655	-21.269599	0	T:6.0(11.54%),B:4.7(0.21%),P:1e-9	Tpos:105.8,Tstd:56.2,Bpos:90.9,Bstd:39.5,StrandBias:0.0,Multiplicity:1.00
0.001	0.001	0.997	0.001
0.001	0.001	0.997	0.001
0.001	0.001	0.997	0.001
0.680	0.306	0.001	0.013
0.001	0.997	0.001	0.001
0.001	0.001	0.001	0.997
0.001	0.001	0.001	0.997
0.001	0.692	0.001	0.306
0.001	0.306	0.001	0.692
0.001	0.001	0.686	0.312
>CCTAACWACT	4-CCTAACWACT	11.046587	-20.420486	0	T:5.0(9.62%),B:2.1(0.09%),P:1e-8	Tpos:83.7,Tstd:58.2,Bpos:102.4,Bstd:23.0,StrandBias:-1.0,Multiplicity:1.80
0.001	0.997	0.001	0.001
0.001	0.997	0.001	0.001
0.001	0.001	0.001	0.997
0.997	0.001	0.001	0.001
0.997	0.001	0.001	0.001
0.129	0.869	0.001	0.001
0.545	0.001	0.001	0.453
0.997	0.001	0.001	0.001
0.001	0.997	0.001	0.001
0.129	0.001	0.001	0.869
>TAACCAGTGC	5-TAACCAGTGC	11.225746	-20.420486	0	T:5.0(9.62%),B:2.1(0.09%),P:1e-8	Tpos:126.7,Tstd:92.4,Bpos:159.4,Bstd:38.8,StrandBias:1.3,Multiplicity:1.40
0.001	0.001	0.001	0.997
0.837	0.161	0.001	0.001
0.997	0.001	0.001	0.001
0.001	0.837	0.001	0.161
0.001	0.646	0.352	0.001
0.997	0.001	0.001	0.001
0.001	0.001	0.997	0.001
0.001	0.001	0.001	0.997
0.001	0.001	0.997	0.001
0.161	0.837	0.001	0.001
>MGTCRGCCAK	6-MGTCRGCCAK	8.962672	-19.023513	0	T:11.0(21.15%),B:45.5(2.01%),P:1e-8	Tpos:127.6,Tstd:45.5,Bpos:117.5,Bstd:59.8,StrandBias:0.7,Multiplicity:1.18
0.569	0.429	0.001	0.001
0.209	0.001	0.581	0.209
0.001	0.219	0.001	0.779
0.001	0.990	0.001	0.008
0.474	0.105	0.419	0.001
0.001	0.043	0.955	0.001
0.001	0.735	0.001	0.263
0.001	0.997	0.001	0.001
0.987	0.001	0.011	0.001
0.001	0.001	0.464	0.534
>TTTGTCKCCY	7-TTTGTCKCCY	10.388749	-18.405893	0	T:4.0(7.69%),B:1.2(0.05%),P:1e-7	Tpos:141.6,Tstd:78.6,Bpos:103.1,Bstd:40.6,StrandBias:1.2,Multiplicity:2.50
0.001	0.001	0.001	0.997
0.001	0.001	0.001	0.997
0.001	0.001	0.001	0.997
0.001	0.001	0.997	0.001
0.001	0.102	0.001	0.896
0.001	0.997	0.001	0.001
0.001	0.001	0.557	0.441
0.001	0.997	0.001	0.001
0.001	0.997	0.001	0.001
0.001	0.441	0.001	0.557
>GCATGYRATG	8-GCATGYRATG	9.614980	-15.321971	0	T:6.0(11.54%),B:11.5(0.51%),P:1e-6	Tpos:138.1,Tstd:34.6,Bpos:130.8,Bstd:88.1,StrandBias:-1.3,Multiplicity:1.17
0.001	0.234	0.764	0.001
0.001	0.997	0.001	0.001
0.482	0.234	0.283	0.001
0.001	0.244	0.001	0.754
0.001	0.001	0.754	0.244
0.001	0.468	0.001	0.530
0.468	0.001	0.530	0.001
0.989	0.001	0.001	0.009
0.001	0.001	0.234	0.764
0.001	0.001	0.997	0.001
>GTCAGCACGC	9-GTCAGCACGC	6.676215	-14.243161	0	T:5.0(9.62%),B:7.8(0.34%),P:1e-6	Tpos:126.4,Tstd:59.4,Bpos:123.3,Bstd:35.4,StrandBias:1.8,Multiplicity:2.25
0.119	0.001	0.879	0.001
0.001	0.001	0.001	0.997
0.001	0.997	0.001	0.001
0.997	0.001	0.001	0.001
0.001	0.119	0.879	0.001
0.240	0.758	0.001	0.001
0.997	0.001	0.001	0.001
0.001	0.997	0.001	0.001
0.001	0.001	0.997	0.001
0.001	0.997	0.001	0.001
>GGAGATAGGG	10-GGAGATAGGG	7.988740	-13.286115	0	T:11.0(21.15%),B:80.4(3.55%),P:1e-5	Tpos:118.9,Tstd:80.2,Bpos:120.3,Bstd:80.2,StrandBias:1.4,Multiplicity:1.50
0.001	0.061	0.843	0.095
0.001	0.001	0.997	0.001
0.748	0.095	0.001	0.156
0.095	0.100	0.710	0.095
0.646	0.128	0.131	0.095
0.133	0.095	0.215	0.557
0.809	0.001	0.001	0.189
0.189	0.001	0.809	0.001
0.094	0.001	0.904	0.001
0.001	0.001	0.997	0.001
>CTTGCCTTAT	11-CTTGCCTTAT	10.514019	-13.186241	0	T:3.0(5.77%),B:1.3(0.06%),P:1e-5	Tpos:150.9,Tstd:71.5,Bpos:140.6,Bstd:46.1,StrandBias:1.3,Multiplicity:2.33
0.001	0.708	0.290	0.001
0.001	0.001	0.001	0.997
0.001	0.001	0.001	0.997
0.145	0.001	0.853	0.001
0.001	0.853	0.001	0.145
0.001	0.997	0.001	0.001
0.001	0.001	0.001	0.997
0.001	0.001	0.001	0.997
0.997	0.001	0.001	0.001
0.001	0.001	0.001	0.997
>TATAACATGT	12-TATAACATGT	10.207010	-12.035946	0	T:4.0(7.69%),B:5.9(0.26%),P:1e-5	Tpos:119.4,Tstd:62.5,Bpos:45.1,Bstd:32.3,StrandBias:2.0,Multiplicity:3.25
0.001	0.001	0.001	0.997
0.923	0.001	0.075	0.001
0.001	0.001	0.001	0.997
0.582	0.266	0.076	0.076
0.681	0.242	0.001	0.076
0.152	0.846	0.001	0.001
0.997	0.001	0.001	0.001
0.001	0.001	0.001	0.997
0.090	0.325	0.509	0.076
0.152	0.001	0.166	0.681
>GTCTAACCCA	13-GTCTAACCCA	6.978782	-11.352462	0	T:12.0(23.08%),B:118.4(5.23%),P:1e-4	Tpos:129.2,Tstd:72.4,Bpos:113.2,Bstd:81.2,StrandBias:2.5,Multiplicity:1.67
0.001	0.001	0.997	0.001
0.192	0.192	0.001	0.615
0.151	0.564	0.004	0.281
0.088	0.001	0.088	0.823
0.848	0.088	0.001	0.063
0.823	0.001	0.001	0.175
0.001	0.823	0.175	0.001
0.001	0.818	0.088	0.093
0.092	0.906	0.001	0.001
0.802	0.196	0.001	0.001
>AATACTCATC	14-AATACTCATC	11.455437	-10.723923	0	T:4.0(7.69%),B:7.9(0.35%),P:1e-4	Tpos:115.6,Tstd:82.5,Bpos:122.4,Bstd:118.1,StrandBias:2.6,Multiplicity:1.75
0.997	0.001	0.001	0.001
0.997	0.001	0.001	0.001
0.001	0.001	0.001	0.997
0.997	0.001	0.001	0.001
0.115	0.883	0.001	0.001
0.001	0.001	0.001	0.997
0.001	0.997	0.001	0.001
0.802	0.001	0.001	0.196
0.001	0.001	0.001	0.997
0.001	0.997	0.001	0.001
>TGTGGATGGY	15-TGTGGATGGY	9.770750	-10.640046	0	T:6.0(11.54%),B:25.1(1.11%),P:1e-4	Tpos:138.7,Tstd:70.0,Bpos:131.2,Bstd:82.6,StrandBias:0.9,Multiplicity:3.33
0.001	0.348	0.001	0.650
0.001	0.001	0.996	0.002
0.001	0.001	0.002	0.996
0.002	0.001	0.996	0.001
0.003	0.118	0.639	0.240
0.997	0.001	0.001	0.001
0.001	0.001	0.001	0.997
0.361	0.001	0.637	0.001
0.001	0.115	0.653	0.231
0.001	0.491	0.001	0.507
>CTTTGCGCGT	16-CTTTGCGCGT	10.828751	-9.922835	0	T:3.0(5.77%),B:3.9(0.17%),P:1e-4	Tpos:134.8,Tstd:48.3,Bpos:85.5,Bstd:49.9,StrandBias:-2.3,Multiplicity:2.00
0.001	0.776	0.001	0.222
0.001	0.001	0.001	0.997
0.001	0.001	0.001	0.997
0.001	0.001	0.001	0.997
0.001	0.001	0.997	0.001
0.001	0.997	0.001	0.001
0.001	0.001	0.997	0.001
0.001	0.997	0.001	0.001
0.001	0.222	0.776	0.001
0.001	0.001	0.001	0.997
>TGTGKATDGT	17-TGTGKATDGT	9.851687	-9.075986	0	T:3.0(5.77%),B:4.7(0.21%),P:1e-3	Tpos:143.6,Tstd:67.3,Bpos:168.8,Bstd:58.3,StrandBias:0.0,Multiplicity:4.00
0.036	0.106	0.106	0.752
0.035	0.070	0.841	0.054
0.039	0.018	0.053	0.890
0.070	0.070	0.769	0.091
0.036	0.053	0.391	0.520
0.630	0.243	0.053	0.074
0.109	0.088	0.018	0.785
0.306	0.001	0.376	0.317
0.070	0.070	0.807	0.053
0.126	0.237	0.001	0.636
>TGWCGATGTK	18-TGWCGATGTK	7.692022	-8.682963	0	T:8.0(15.38%),B:69.3(3.06%),P:1e-3	Tpos:130.5,Tstd:63.9,Bpos:115.2,Bstd:83.0,StrandBias:0.5,Multiplicity:2.12
0.001	0.098	0.001	0.900
0.001	0.098	0.803	0.098
0.421	0.098	0.001	0.480
0.001	0.900	0.098	0.001
0.001	0.098	0.900	0.001
0.900	0.001	0.001	0.098
0.001	0.001	0.200	0.798
0.001	0.001	0.997	0.001
0.098	0.001	0.001	0.900
0.001	0.001	0.479	0.519
>ACCAGAGGGT	19-ACCAGAGGGT	11.337992	-8.376044	0	T:5.0(9.62%),B:24.9(1.10%),P:1e-3	Tpos:115.1,Tstd:61.5,Bpos:113.8,Bstd:62.9,StrandBias:1.2,Multiplicity:2.00
0.997	0.001	0.001	0.001
0.001	0.997	0.001	0.001
0.001	0.997	0.001	0.001
0.997	0.001	0.001	0.001
0.001	0.303	0.695	0.001
0.997	0.001	0.001	0.001
0.001	0.001	0.997	0.001
0.001	0.001	0.997	0.001
0.001	0.118	0.880	0.001
0.001	0.001	0.001	0.997
>TCTTGTGAGT	20-TCTTGTGAGT	13.417876	-8.273690	0	T:2.0(3.85%),B:1.8(0.08%),P:1e-3	Tpos:139.9,Tstd:70.9,Bpos:231.1,Bstd:4.8,StrandBias:2.6,Multiplicity:3.50
0.001	0.001	0.001	0.997
0.001	0.997	0.001	0.001
0.001	0.001	0.001	0.997
0.001	0.080	0.001	0.918
0.001	0.001	0.997	0.001
0.001	0.001	0.001	0.997
0.001	0.001	0.997	0.001
0.997	0.001	0.001	0.001
0.001	0.001	0.997	0.001
0.001	0.283	0.001	0.715
>ATCGACCTAA	21-ATCGACCTAA	10.458823	-8.273690	0	T:2.0(3.85%),B:0.3(0.01%),P:1e-3	Tpos:47.5,Tstd:13.5,Bpos:177.0,Bstd:0.0,StrandBias:0.0,Multiplicity:1.00
0.997	0.001	0.001	0.001
0.001	0.001	0.001	0.997
0.001	0.997	0.001	0.001
0.001	0.001	0.997	0.001
0.997	0.001	0.001	0.001
0.001	0.997	0.001	0.001
0.208	0.790	0.001	0.001
0.005	0.001	0.005	0.989
0.791	0.165	0.043	0.001
0.997	0.001	0.001	0.001
>TGTGGCTTGT	22-TGTGGCTTGT	12.383468	-4.217204	0	T:2.0(3.85%),B:8.5(0.37%),P:1e-1	Tpos:116.0,Tstd:72.8,Bpos:78.6,Bstd:43.3,StrandBias:10.0,Multiplicity:5.50
0.234	0.001	0.001	0.764
0.001	0.001	0.997	0.001
0.001	0.001	0.001	0.997
0.001	0.001	0.997	0.001
0.001	0.001	0.997	0.001
0.001	0.997	0.001	0.001
0.001	0.001	0.001	0.997
0.001	0.001	0.001	0.997
0.001	0.001	0.997	0.001
0.001	0.001	0.001	0.997
>CAACAGGTCA	23-CAACAGGTCA	10.296193	-3.784452	0	T:1.0(1.92%),B:0.3(0.01%),P:1e-1	Tpos:135.0,Tstd:74.0,Bpos:19.0,Bstd:0.0,StrandBias:10.0,Multiplicity:7.00
0.100	0.700	0.100	0.100
0.700	0.100	0.100	0.100
0.700	0.100	0.100	0.100
0.100	0.700	0.100	0.100
0.700	0.100	0.100	0.100
0.100	0.100	0.700	0.100
0.100	0.100	0.700	0.100
0.100	0.100	0.100	0.700
0.100	0.700	0.100	0.100
0.700	0.100	0.100	0.100
>TCTTGTGAGC	24-TCTTGTGAGC	10.296193	-3.784452	0	T:1.0(1.92%),B:0.8(0.03%),P:1e-1	Tpos:95.0,Tstd:53.7,Bpos:22.0,Bstd:0.0,StrandBias:-10.0,Multiplicity:4.00
0.100	0.100	0.100	0.700
0.100	0.700	0.100	0.100
0.100	0.100	0.100	0.700
0.100	0.100	0.100	0.700
0.100	0.100	0.700	0.100
0.100	0.100	0.100	0.700
0.100	0.100	0.700	0.100
0.700	0.100	0.100	0.100
0.100	0.100	0.700	0.100
0.100	0.700	0.100	0.100
>GGTGTTTTAG	25-GGTGTTTTAG	10.296193	-3.784452	0	T:1.0(1.92%),B:1.0(0.04%),P:1e-1	Tpos:144.5,Tstd:70.4,Bpos:162.8,Bstd:17.0,StrandBias:10.0,Multiplicity:4.00
0.100	0.100	0.700	0.100
0.100	0.100	0.700	0.100
0.100	0.100	0.100	0.700
0.100	0.100	0.700	0.100
0.100	0.100	0.100	0.700
0.100	0.100	0.100	0.700
0.100	0.100	0.100	0.700
0.100	0.100	0.100	0.700
0.700	0.100	0.100	0.100
0.100	0.100	0.700	0.100
>TGGGCCCAAGCC	1-TGGGCCCAAGCC	9.650277	-25.393634	0	T:6.0(11.54%),B:2.7(0.12%),P:1e-11	Tpos:119.2,Tstd:49.1,Bpos:99.0,Bstd:35.6,StrandBias:-0.7,Multiplicity:1.00
0.167	0.001	0.334	0.498
0.001	0.014	0.866	0.119
0.001	0.001	0.832	0.166
0.001	0.001	0.997	0.001
0.001	0.665	0.167	0.167
0.001	0.997	0.001	0.001
0.166	0.832	0.001	0.001
0.712	0.286	0.001	0.001
0.665	0.167	0.167	0.001
0.001	0.001	0.832	0.166
0.001	0.530	0.182	0.287
0.001	0.664	0.334	0.001
>TCCCTACCAAAA	2-TCCCTACCAAAA	8.614963	-23.868918	0	T:5.0(9.62%),B:1.4(0.06%),P:1e-10	Tpos:102.1,Tstd:67.5,Bpos:161.4,Bstd:74.5,StrandBias:-0.3,Multiplicity:1.80
0.198	0.001	0.001	0.800
0.001	0.997	0.001	0.001
0.001	0.997	0.001	0.001
0.001	0.997	0.001	0.001
0.001	0.001	0.001	0.997
0.997	0.001	0.001	0.001
0.208	0.790	0.001	0.001
0.001	0.997	0.001	0.001
0.805	0.001	0.001	0.193
0.997	0.001	0.001	0.001
0.790	0.208	0.001	0.001
0.795	0.001	0.001	0.203
>GGAATAGATACC	3-GGAATAGATACC	8.076428	-22.935052	0	T:14.0(26.92%),B:63.1(2.79%),P:1e-9	Tpos:130.3,Tstd:71.3,Bpos:128.9,Bstd:92.9,StrandBias:1.9,Multiplicity:1.00
0.292	0.001	0.610	0.097
0.013	0.001	0.694	0.292
0.609	0.001	0.001	0.389
0.707	0.097	0.001	0.195
0.097	0.001	0.097	0.805
0.709	0.097	0.097	0.097
0.001	0.096	0.902	0.001
0.902	0.001	0.001	0.096
0.001	0.097	0.097	0.805
0.805	0.001	0.097	0.097
0.097	0.709	0.097	0.097
0.097	0.805	0.097	0.001
>GATATCATACTT	4-GATATCATACTT	8.296478	-18.405893	0	T:4.0(7.69%),B:1.0(0.05%),P:1e-7	Tpos:104.4,Tstd:75.3,Bpos:57.1,Bstd:17.7,StrandBias:10.0,Multiplicity:2.00
0.001	0.001	0.997	0.001
0.997	0.001	0.001	0.001
0.001	0.164	0.001	0.834
0.997	0.001	0.001	0.001
0.001	0.001	0.001	0.997
0.001	0.997	0.001	0.001
0.997	0.001	0.001	0.001
0.001	0.200	0.001	0.798
0.997	0.001	0.001	0.001
0.001	0.790	0.001	0.208
0.001	0.001	0.208	0.790
0.001	0.172	0.001	0.826
>ATCGACATGAGC	5-ATCGACATGAGC	7.492296	-13.186241	0	T:3.0(5.77%),B:1.9(0.09%),P:1e-5	Tpos:119.6,Tstd:82.7,Bpos:227.0,Bstd:0.0,StrandBias:3.2,Multiplicity:3.33
0.997	0.001	0.001	0.001
0.001	0.001	0.001	0.997
0.001	0.997	0.001	0.001
0.001	0.001	0.997	0.001
0.997	0.001	0.001	0.001
0.001	0.997	0.001	0.001
0.997	0.001	0.001	0.001
0.001	0.001	0.126	0.872
0.001	0.126	0.872	0.001
0.997	0.001	0.001	0.001
0.126	0.001	0.872	0.001
0.001	0.997	0.001	0.001
>ACCRCARCASKT	6-ACCRCARCASKT	13.803694	-13.186241	0	T:3.0(5.77%),B:0.0(0.00%),P:1e-5	Tpos:135.9,Tstd:71.2,Bpos:0.0,Bstd:0.0,StrandBias:3.0,Multiplicity:3.00
0.997	0.001	0.001	0.001
0.001	0.997	0.001	0.001
0.001	0.997	0.001	0.001
0.557	0.001	0.441	0.001
0.001	0.997	0.001	0.001
0.997	0.001	0.001	0.001
0.557	0.001	0.441	0.001
0.001	0.997	0.001	0.001
0.997	0.001	0.001	0.001
0.001	0.441	0.557	0.001
0.001	0.001	0.557	0.441
0.001	0.001	0.001	0.997
>ATACAMSGCYAT	7-ATACAMSGCYAT	13.034841	-13.186241	0	T:3.0(5.77%),B:0.0(0.00%),P:1e-5	Tpos:172.0,Tstd:62.8,Bpos:0.0,Bstd:0.0,StrandBias:-2.0,Multiplicity:1.67
0.997	0.001	0.001	0.001
0.001	0.001	0.001	0.997
0.976	0.022	0.001	0.001
0.001	0.997	0.001	0.001
0.997	0.001	0.001	0.001
0.441	0.557	0.001	0.001
0.116	0.441	0.441	0.001
0.023	0.023	0.953	0.001
0.001	0.997	0.001	0.001
0.001	0.464	0.001	0.534
0.997	0.001	0.001	0.001
0.001	0.001	0.001	0.997
>RAATACTCATCT	8-RAATACTCATCT	12.345374	-13.186241	0	T:3.0(5.77%),B:1.1(0.05%),P:1e-5	Tpos:102.8,Tstd:67.6,Bpos:212.1,Bstd:13.1,StrandBias:10.0,Multiplicity:2.00
0.479	0.001	0.491	0.029
0.997	0.001	0.001	0.001
0.997	0.001	0.001	0.001
0.001	0.001	0.001	0.997
0.997	0.001	0.001	0.001
0.001	0.774	0.001	0.224
0.224	0.001	0.001	0.774
0.001	0.997	0.001	0.001
0.969	0.001	0.001	0.029
0.224	0.001	0.001	0.774
0.001	0.774	0.001	0.224
0.001	0.001	0.001	0.997
>CCAGCCAGGCAG	9-CCAGCCAGGCAG	13.121119	-12.511653	0	T:5.0(9.62%),B:10.8(0.48%),P:1e-5	Tpos:137.4,Tstd:39.2,Bpos:115.8,Bstd:45.1,StrandBias:0.0,Multiplicity:1.00
0.001	0.663	0.001	0.335
0.335	0.663	0.001	0.001
0.997	0.001	0.001	0.001
0.001	0.001	0.997	0.001
0.001	0.645	0.001	0.353
0.001	0.997	0.001	0.001
0.997	0.001	0.001	0.001
0.001	0.001	0.997	0.001
0.001	0.296	0.671	0.032
0.001	0.997	0.001	0.001
0.759	0.001	0.239	0.001
0.001	0.239	0.759	0.001
>TKCATGTKTACC	10-TKCATGTKTACC	12.215691	-11.123021	0	T:3.0(5.77%),B:3.0(0.13%),P:1e-4	Tpos:126.0,Tstd:82.6,Bpos:118.1,Bstd:15.5,StrandBias:-1.0,Multiplicity:1.00
0.001	0.001	0.001	0.997
0.001	0.116	0.441	0.441
0.001	0.997	0.001	0.001
0.919	0.079	0.001	0.001
0.001	0.001	0.001	0.997
0.001	0.001	0.997	0.001
0.001	0.001	0.001	0.997
0.116	0.001	0.441	0.441
0.001	0.001	0.001	0.997
0.997	0.001	0.001	0.001
0.001	0.997	0.001	0.001
0.001	0.997	0.001	0.001
>CATACACAGCTA	11-CATACACAGCTA	15.904994	-8.273690	0	T:2.0(3.85%),B:0.0(0.00%),P:1e-3	Tpos:142.3,Tstd:75.4,Bpos:0.0,Bstd:0.0,StrandBias:0.0,Multiplicity:3.00
0.001	0.873	0.001	0.125
0.997	0.001	0.001	0.001
0.001	0.001	0.001	0.997
0.885	0.057	0.001	0.057
0.001	0.997	0.001	0.001
0.997	0.001	0.001	0.001
0.001	0.997	0.001	0.001
0.941	0.001	0.057	0.001
0.001	0.057	0.941	0.001
0.001	0.997	0.001	0.001
0.001	0.279	0.001	0.719
0.997	0.001	0.001	0.001
>TMYAMACCATMC	12-TMYAMACCATMC	14.147246	-8.273690	0	T:2.0(3.85%),B:0.0(0.00%),P:1e-3	Tpos:161.0,Tstd:46.5,Bpos:0.0,Bstd:0.0,StrandBias:-1.0,Multiplicity:1.50
0.011	0.001	0.001	0.987
0.453	0.545	0.001	0.001
0.001	0.557	0.001	0.441
0.987	0.001	0.011	0.001
0.453	0.545	0.001	0.001
0.997	0.001	0.001	0.001
0.001	0.997	0.001	0.001
0.001	0.987	0.001	0.011
0.997	0.001	0.001	0.001
0.001	0.001	0.001	0.997
0.530	0.468	0.001	0.001
0.001	0.997	0.001	0.001
>GTGTATGGCTGT	13-GTGTATGGCTGT	15.363486	-8.273690	0	T:2.0(3.85%),B:0.0(0.00%),P:1e-3	Tpos:137.7,Tstd:63.5,Bpos:0.0,Bstd:0.0,StrandBias:2.3,Multiplicity:3.00
0.001	0.001	0.997	0.001
0.001	0.001	0.001	0.997
0.001	0.001	0.997	0.001
0.157	0.001	0.343	0.500
0.997	0.001	0.001	0.001
0.001	0.001	0.001	0.997
0.001	0.001	0.997	0.001
0.001	0.001	0.997	0.001
0.001	0.997	0.001	0.001
0.001	0.156	0.001	0.842
0.001	0.001	0.997	0.001
0.001	0.001	0.001	0.997
>GTGGCTTGTGRT	14-GTGGCTTGTGRT	15.481230	-8.273690	0	T:2.0(3.85%),B:0.0(0.00%),P:1e-3	Tpos:93.4,Tstd:75.8,Bpos:0.0,Bstd:0.0,StrandBias:10.0,Multiplicity:2.50
0.001	0.001	0.997	0.001
0.001	0.001	0.001	0.997
0.001	0.001	0.997	0.001
0.001	0.001	0.997	0.001
0.001	0.997	0.001	0.001
0.001	0.001	0.001	0.997
0.001	0.001	0.001	0.997
0.001	0.001	0.997	0.001
0.001	0.001	0.001	0.997
0.372	0.001	0.626	0.001
0.479	0.001	0.519	0.001
0.001	0.001	0.001	0.997
>GTTGTGTCAGCA	15-GTTGTGTCAGCA	10.409522	-8.273690	0	T:2.0(3.85%),B:1.1(0.05%),P:1e-3	Tpos:134.4,Tstd:71.0,Bpos:212.0,Bstd:0.0,StrandBias:2.8,Multiplicity:4.00
0.100	0.100	0.700	0.100
0.100	0.100	0.100	0.700
0.100	0.100	0.100	0.700
0.100	0.100	0.700	0.100
0.100	0.100	0.100	0.700
0.100	0.100	0.700	0.100
0.100	0.100	0.100	0.700
0.100	0.700	0.100	0.100
0.700	0.100	0.100	0.100
0.100	0.100	0.700	0.100
0.100	0.700	0.100	0.100
0.700	0.100	0.100	0.100
>GTCTTGTGAGCC	16-GTCTTGTGAGCC	8.566755	-8.273690	0	T:2.0(3.85%),B:0.0(0.00%),P:1e-3	Tpos:123.5,Tstd:68.6,Bpos:0.0,Bstd:0.0,StrandBias:0.3,Multiplicity:5.50
0.066	0.001	0.643	0.290
0.001	0.001	0.001	0.997
0.001	0.997	0.001	0.001
0.001	0.001	0.001	0.997
0.001	0.001	0.001	0.997
0.001	0.001	0.997	0.001
0.001	0.001	0.001	0.997
0.001	0.001	0.997	0.001
0.997	0.001	0.001	0.001
0.001	0.001	0.997	0.001
0.001	0.923	0.001	0.075
0.065	0.933	0.001	0.001
>TGACCCATTTCC	17-TGACCCATTTCC	13.406014	-8.273690	0	T:2.0(3.85%),B:0.0(0.00%),P:1e-3	Tpos:152.7,Tstd:66.1,Bpos:0.0,Bstd:0.0,StrandBias:10.0,Multiplicity:3.00
0.001	0.001	0.001	0.997
0.208	0.001	0.790	0.001
0.997	0.001	0.001	0.001
0.001	0.997	0.001	0.001
0.001	0.968	0.001	0.030
0.001	0.997	0.001	0.001
0.968	0.030	0.001	0.001
0.001	0.001	0.001	0.997
0.001	0.001	0.001	0.997
0.001	0.001	0.001	0.997
0.001	0.790	0.208	0.001
0.001	0.997	0.001	0.001
>AACTCATGCTGT	18-AACTCATGCTGT	10.409522	-8.273690	0	T:2.0(3.85%),B:0.4(0.02%),P:1e-3	Tpos:111.0,Tstd:72.5,Bpos:216.0,Bstd:0.0,StrandBias:2.6,Multiplicity:3.50
0.700	0.100	0.100	0.100
0.700	0.100	0.100	0.100
0.100	0.700	0.100	0.100
0.100	0.100	0.100	0.700
0.100	0.700	0.100	0.100
0.700	0.100	0.100	0.100
0.100	0.100	0.100	0.700
0.100	0.100	0.700	0.100
0.100	0.700	0.100	0.100
0.100	0.100	0.100	0.700
0.100	0.100	0.700	0.100
0.100	0.100	0.100	0.700
>MTCTCTCTCTCT	19-MTCTCTCTCTCT	10.618575	-8.273690	0	T:2.0(3.85%),B:1.6(0.07%),P:1e-3	Tpos:155.6,Tstd:53.4,Bpos:119.1,Bstd:40.0,StrandBias:10.0,Multiplicity:2.50
0.471	0.364	0.083	0.083
0.082	0.288	0.001	0.629
0.288	0.629	0.001	0.082
0.001	0.276	0.001	0.722
0.001	0.916	0.001	0.082
0.001	0.001	0.082	0.916
0.087	0.830	0.001	0.082
0.001	0.111	0.082	0.806
0.001	0.997	0.001	0.001
0.001	0.082	0.082	0.835
0.004	0.913	0.001	0.082
0.082	0.377	0.001	0.540
>AACCAGAGGGTA	20-AACCAGAGGGTA	12.993368	-8.273690	0	T:2.0(3.85%),B:0.0(0.00%),P:1e-3	Tpos:132.7,Tstd:77.6,Bpos:0.0,Bstd:0.0,StrandBias:2.3,Multiplicity:3.00
0.997	0.001	0.001	0.001
0.997	0.001	0.001	0.001
0.001	0.997	0.001	0.001
0.001	0.997	0.001	0.001
0.997	0.001	0.001	0.001
0.001	0.001	0.997	0.001
0.817	0.181	0.001	0.001
0.001	0.001	0.997	0.001
0.001	0.001	0.997	0.001
0.182	0.182	0.635	0.001
0.001	0.001	0.001	0.997
0.817	0.001	0.181	0.001
>ATTTGAGGGTCA	21-ATTTGAGGGTCA	10.409522	-8.273690	0	T:2.0(3.85%),B:0.5(0.02%),P:1e-3	Tpos:104.2,Tstd:50.9,Bpos:123.0,Bstd:0.0,StrandBias:1.6,Multiplicity:2.00
0.700	0.100	0.100	0.100
0.100	0.100	0.100	0.700
0.100	0.100	0.100	0.700
0.100	0.100	0.100	0.700
0.100	0.100	0.700	0.100
0.700	0.100	0.100	0.100
0.100	0.100	0.700	0.100
0.100	0.100	0.700	0.100
0.100	0.100	0.700	0.100
0.100	0.100	0.100	0.700
0.100	0.700	0.100	0.100
0.700	0.100	0.100	0.100
>CTTATCATTATA	22-CTTATCATTATA	10.096811	-8.069667	0	T:4.0(7.69%),B:14.8(0.65%),P:1e-3	Tpos:116.3,Tstd:70.6,Bpos:138.5,Bstd:70.6,StrandBias:3.0,Multiplicity:2.25
0.001	0.783	0.215	0.001
0.216	0.108	0.001	0.675
0.001	0.107	0.001	0.891
0.567	0.001	0.108	0.324
0.108	0.108	0.001	0.783
0.216	0.451	0.108	0.225
0.675	0.001	0.001	0.323
0.116	0.001	0.001	0.882
0.216	0.108	0.108	0.568
0.783	0.001	0.001	0.215
0.001	0.001	0.001	0.997
0.997	0.001	0.001	0.001
>GATGGGGAACAM	23-GATGGGGAACAM	7.701935	-6.902092	0	T:2.0(3.85%),B:2.6(0.11%),P:1e-2	Tpos:114.4,Tstd:62.2,Bpos:119.1,Bstd:55.7,StrandBias:10.0,Multiplicity:4.00
0.217	0.184	0.392	0.208
0.593	0.147	0.111	0.149
0.119	0.117	0.152	0.612
0.132	0.111	0.634	0.123
0.156	0.059	0.651	0.134
0.101	0.114	0.645	0.140
0.156	0.101	0.646	0.097
0.638	0.082	0.141	0.139
0.636	0.125	0.128	0.111
0.208	0.536	0.120	0.136
0.629	0.117	0.134	0.120
0.338	0.389	0.155	0.119
>TCGWTCCCAGGG	24-TCGWTCCCAGGG	15.557981	-6.105835	0	T:2.0(3.85%),B:3.4(0.15%),P:1e-2	Tpos:74.2,Tstd:47.1,Bpos:174.2,Bstd:5.3,StrandBias:10.0,Multiplicity:2.00
0.001	0.001	0.001	0.997
0.001	0.997	0.001	0.001
0.001	0.001	0.997	0.001
0.522	0.001	0.001	0.476
0.001	0.001	0.001	0.997
0.001	0.997	0.001	0.001
0.001	0.997	0.001	0.001
0.001	0.997	0.001	0.001
0.997	0.001	0.001	0.001
0.001	0.001	0.997	0.001
0.001	0.001	0.737	0.261
0.001	0.001	0.997	0.001
>AAGTATACACGC	25-AAGTATACACGC	12.355432	-3.784452	0	T:1.0(1.92%),B:0.0(0.00%),P:1e-1	Tpos:139.5,Tstd:17.5,Bpos:0.0,Bstd:0.0,StrandBias:10.0,Multiplicity:2.00
0.700	0.100	0.100	0.100
0.700	0.100	0.100	0.100
0.100	0.100	0.700	0.100
0.100	0.100	0.100	0.700
0.700	0.100	0.100	0.100
0.100	0.100	0.100	0.700
0.700	0.100	0.100	0.100
0.100	0.700	0.100	0.100
0.700	0.100	0.100	0.100
0.100	0.700	0.100	0.100
0.100	0.100	0.700	0.100
0.100	0.700	0.100	0.100
>GGCCCC	1-GGCCCC	7.894201	-5.130538	0	T:9.0(17.31%),B:147.2(6.50%),P:1e-2	Tpos:127.2,Tstd:52.5,Bpos:118.4,Bstd:91.2,StrandBias:0.4,Multiplicity:1.56
0.001	0.001	0.997	0.001
0.001	0.001	0.997	0.001
0.001	0.855	0.143	0.001
0.001	0.997	0.001	0.001
0.001	0.775	0.223	0.001
0.001	0.997	0.001	0.001
>TCCACA	2-TCCACA	7.843115	-4.471369	0	T:13.0(25.00%),B:287.9(12.72%),P:1e-1	Tpos:135.7,Tstd:63.1,Bpos:124.1,Bstd:88.8,StrandBias:-0.4,Multiplicity:2.00
0.001	0.001	0.001	0.997
0.001	0.997	0.001	0.001
0.001	0.746	0.252	0.001
0.844	0.001	0.001	0.154
0.001	0.997	0.001	0.001
0.997	0.001	0.001	0.001
>CGTGCT	3-CGTGCT	1.394987	-3.621738	0	T:21.0(40.38%),B:615.3(27.18%),P:1e-1	Tpos:125.4,Tstd:69.1,Bpos:128.6,Bstd:88.7,StrandBias:-1.4,Multiplicity:1.65
0.001	0.997	0.001	0.001
0.001	0.001	0.997	0.001
0.001	0.001	0.001	0.997
0.001	0.194	0.804	0.001
0.001	0.997	0.001	0.001
0.001	0.001	0.001	0.997
>TCTCTC	4-TCTCTC	6.863047	-3.346521	0	T:16.0(30.77%),B:441.9(19.52%),P:1e-1	Tpos:149.2,Tstd:69.7,Bpos:126.8,Bstd:89.4,StrandBias:1.2,Multiplicity:1.38
0.237	0.001	0.001	0.761
0.001	0.997	0.001	0.001
0.001	0.001	0.001	0.997
0.001	0.997	0.001	0.001
0.001	0.001	0.001	0.997
0.001	0.997	0.001	0.001
>GGCTAG	5-GGCTAG	4.830835	-3.033352	0	T:25.0(48.08%),B:813.9(35.96%),P:1e-1	Tpos:121.6,Tstd:59.3,Bpos:124.9,Bstd:80.8,StrandBias:0.1,Multiplicity:2.44
0.001	0.127	0.748	0.124
0.088	0.001	0.777	0.134
0.104	0.648	0.089	0.159
0.001	0.103	0.124	0.772
0.612	0.001	0.147	0.240
0.001	0.001	0.997	0.001
>TGGTAT	6-TGGTAT	6.177716	-2.921182	0	T:12.0(23.08%),B:318.2(14.06%),P:1e-1	Tpos:129.7,Tstd:65.4,Bpos:129.3,Bstd:81.2,StrandBias:-0.4,Multiplicity:1.92
0.100	0.100	0.100	0.700
0.100	0.100	0.700	0.100
0.100	0.100	0.700	0.100
0.100	0.100	0.100	0.700
0.700	0.100	0.100	0.100
0.100	0.100	0.100	0.700
>GTATAC	7-GTATAC	6.177716	-2.858127	0	T:5.0(9.62%),B:91.7(4.05%),P:1e-1	Tpos:115.2,Tstd:61.9,Bpos:131.7,Bstd:98.4,StrandBias:0.0,Multiplicity:1.80
0.100	0.100	0.700	0.100
0.100	0.100	0.100	0.700
0.700	0.100	0.100	0.100
0.100	0.100	0.100	0.700
0.700	0.100	0.100	0.100
0.100	0.700	0.100	0.100
>GTATGG	8-GTATGG	8.004337	-2.604096	0	T:8.0(15.38%),B:194.2(8.58%),P:1e-1	Tpos:123.2,Tstd:62.1,Bpos:114.4,Bstd:90.2,StrandBias:0.2,Multiplicity:3.00
0.001	0.001	0.997	0.001
0.001	0.001	0.256	0.742
0.997	0.001	0.001	0.001
0.001	0.001	0.001	0.997
0.001	0.001	0.997	0.001
0.001	0.001	0.997	0.001
>CGATGT	9-CGATGT	6.177716	-1.296638	0	T:6.0(11.54%),B:191.9(8.48%),P:1e0	Tpos:120.4,Tstd:66.3,Bpos:121.2,Bstd:83.7,StrandBias:0.2,Multiplicity:2.50
0.100	0.700	0.100	0.100
0.100	0.100	0.700	0.100
0.700	0.100	0.100	0.100
0.100	0.100	0.100	0.700
0.100	0.100	0.700	0.100
0.100	0.100	0.100	0.700
>GGTTAGTC	1-GGTTAGTC	8.743685	-13.530746	0	T:6.0(11.54%),B:15.9(0.70%),P:1e-5	Tpos:118.0,Tstd:65.1,Bpos:111.8,Bstd:47.7,StrandBias:-3.0,Multiplicity:1.50
0.001	0.001	0.997	0.001
0.001	0.001	0.997	0.001
0.001	0.001	0.001	0.997
0.001	0.001	0.292	0.706
0.997	0.001	0.001	0.001
0.138	0.001	0.860	0.001
0.001	0.001	0.001	0.997
0.001	0.997	0.001	0.001
>ATGGGGCC	2-ATGGGGCC	7.023682	-12.087472	0	T:9.0(17.31%),B:57.5(2.54%),P:1e-5	Tpos:131.5,Tstd:39.3,Bpos:115.5,Bstd:78.6,StrandBias:-0.8,Multiplicity:1.11
0.911	0.061	0.027	0.001
0.001	0.001	0.001	0.997
0.001	0.001	0.712	0.286
0.001	0.001	0.997	0.001
0.001	0.001	0.997	0.001
0.001	0.001	0.997	0.001
0.001	0.997	0.001	0.001
0.001	0.997	0.001	0.001
>KCGTCYTC	3-KCGTCYTC	6.288853	-11.657339	0	T:17.0(32.69%),B:230.7(10.19%),P:1e-5	Tpos:138.2,Tstd:58.6,Bpos:120.8,Bstd:93.3,StrandBias:0.5,Multiplicity:1.29
0.001	0.001	0.482	0.516
0.212	0.569	0.089	0.130
0.114	0.070	0.727	0.089
0.001	0.044	0.001	0.954
0.320	0.660	0.009	0.011
0.011	0.445	0.002	0.542
0.104	0.043	0.081	0.772
0.001	0.779	0.001	0.219
>AAGTCCCG	4-AAGTCCCG	8.685907	-11.251676	0	T:5.0(9.62%),B:13.7(0.61%),P:1e-4	Tpos:123.4,Tstd:44.6,Bpos:120.2,Bstd:70.9,StrandBias:0.6,Multiplicity:1.00
0.907	0.001	0.030	0.062
0.671	0.188	0.087	0.054
0.058	0.111	0.719	0.112
0.250	0.050	0.207	0.493
0.053	0.893	0.001	0.053
0.053	0.620	0.326	0.001
0.001	0.937	0.061	0.001
0.083	0.058	0.807	0.052
>ATGGGATA	5-ATGGGATA	8.011800	-11.172081	0	T:11.0(21.15%),B:100.6(4.45%),P:1e-4	Tpos:118.0,Tstd:63.1,Bpos:116.4,Bstd:91.2,StrandBias:-1.1,Multiplicity:2.00
0.997	0.001	0.001	0.001
0.001	0.001	0.227	0.771
0.085	0.001	0.901	0.013
0.001	0.001	0.624	0.374
0.001	0.105	0.552	0.342
0.640	0.001	0.001	0.358
0.001	0.001	0.008	0.990
0.820	0.001	0.178	0.001
>TTTCAGAA	6-TTTCAGAA	8.236954	-10.898413	0	T:5.0(9.62%),B:15.0(0.66%),P:1e-4	Tpos:101.4,Tstd:64.4,Bpos:90.3,Bstd:63.4,StrandBias:-0.6,Multiplicity:1.00
0.100	0.100	0.100	0.700
0.100	0.100	0.100	0.700
0.100	0.100	0.100	0.700
0.100	0.700	0.100	0.100
0.700	0.100	0.100	0.100
0.100	0.100	0.700	0.100
0.700	0.100	0.100	0.100
0.700	0.100	0.100	0.100
>CGTTATGA	7-CGTTATGA	3.879803	-10.320844	0	T:15.0(28.85%),B:202.6(8.95%),P:1e-4	Tpos:103.2,Tstd:67.0,Bpos:128.1,Bstd:82.9,StrandBias:-1.1,Multiplicity:1.47
0.001	0.997	0.001	0.001
0.001	0.001	0.997	0.001
0.001	0.001	0.019	0.979
0.001	0.001	0.112	0.886
0.855	0.143	0.001	0.001
0.001	0.001	0.001	0.997
0.001	0.001	0.997	0.001
0.987	0.011	0.001	0.001
>TGGACAGT	8-TGGACAGT	8.236954	-10.206721	0	T:4.0(7.69%),B:9.0(0.40%),P:1e-4	Tpos:108.2,Tstd:56.3,Bpos:76.1,Bstd:51.8,StrandBias:-1.6,Multiplicity:1.00
0.100	0.100	0.100	0.700
0.100	0.100	0.700	0.100
0.100	0.100	0.700	0.100
0.700	0.100	0.100	0.100
0.100	0.700	0.100	0.100
0.700	0.100	0.100	0.100
0.100	0.100	0.700	0.100
0.100	0.100	0.100	0.700
>AGTAGTTA	9-AGTAGTTA	9.117394	-9.780767	0	T:7.0(13.46%),B:43.1(1.90%),P:1e-4	Tpos:78.0,Tstd:55.3,Bpos:116.4,Bstd:91.5,StrandBias:0.8,Multiplicity:1.57
0.997	0.001	0.001	0.001
0.001	0.001	0.997	0.001
0.001	0.001	0.001	0.997
0.704	0.142	0.001	0.153
0.001	0.001	0.997	0.001
0.001	0.001	0.001	0.997
0.001	0.001	0.001	0.997
0.997	0.001	0.001	0.001
>GATAGGGA	10-GATAGGGA	6.515678	-8.682963	0	T:8.0(15.38%),B:69.4(3.07%),P:1e-3	Tpos:127.9,Tstd:56.6,Bpos:128.7,Bstd:72.5,StrandBias:0.4,Multiplicity:2.00
0.001	0.001	0.997	0.001
0.997	0.001	0.001	0.001
0.001	0.001	0.001	0.997
0.842	0.001	0.063	0.094
0.198	0.001	0.800	0.001
0.001	0.001	0.997	0.001
0.001	0.001	0.997	0.001
0.839	0.159	0.001	0.001
>TACCACAA	11-TACCACAA	7.950248	-7.775572	0	T:9.0(17.31%),B:100.4(4.44%),P:1e-3	Tpos:127.2,Tstd:57.9,Bpos:130.3,Bstd:84.7,StrandBias:0.7,Multiplicity:2.00
0.001	0.091	0.001	0.907
0.997	0.001	0.001	0.001
0.001	0.997	0.001	0.001
0.001	0.997	0.001	0.001
0.897	0.001	0.101	0.001
0.001	0.997	0.001	0.001
0.997	0.001	0.001	0.001
0.944	0.054	0.001	0.001
>STGGCTKG	12-STGGCTKG	7.302805	-6.482331	0	T:10.0(19.23%),B:145.7(6.44%),P:1e-2	Tpos:118.0,Tstd:53.5,Bpos:116.4,Bstd:71.8,StrandBias:1.1,Multiplicity:2.50
0.001	0.439	0.559	0.001
0.001	0.122	0.180	0.697
0.001	0.001	0.997	0.001
0.001	0.060	0.938	0.001
0.075	0.777	0.001	0.147
0.001	0.286	0.001	0.712
0.001	0.001	0.514	0.484
0.099	0.001	0.899	0.001
>CGGCCGCG	13-CGGCCGCG	6.364184	-6.096207	0	T:9.0(17.31%),B:127.8(5.65%),P:1e-2	Tpos:119.0,Tstd:60.4,Bpos:109.6,Bstd:86.1,StrandBias:0.3,Multiplicity:1.78
0.117	0.807	0.001	0.075
0.074	0.001	0.924	0.001
0.062	0.075	0.862	0.001
0.001	0.997	0.001	0.001
0.001	0.997	0.001	0.001
0.117	0.182	0.700	0.001
0.001	0.997	0.001	0.001
0.100	0.079	0.820	0.001
>TACAVGCA	14-TACAVGCA	8.198720	-5.834669	0	T:6.0(11.54%),B:63.0(2.78%),P:1e-2	Tpos:126.5,Tstd:65.9,Bpos:123.9,Bstd:90.4,StrandBias:0.3,Multiplicity:1.83
0.017	0.001	0.001	0.981
0.645	0.105	0.249	0.001
0.001	0.997	0.001	0.001
0.751	0.001	0.001	0.247
0.332	0.404	0.263	0.001
0.001	0.001	0.997	0.001
0.001	0.979	0.001	0.019
0.701	0.001	0.001	0.297
>CGATGTTG	15-CGATGTTG	8.788465	-5.685239	0	T:3.0(5.77%),B:13.0(0.58%),P:1e-2	Tpos:95.0,Tstd:53.7,Bpos:72.3,Bstd:51.4,StrandBias:2.8,Multiplicity:2.67
0.001	0.997	0.001	0.001
0.001	0.001	0.997	0.001
0.997	0.001	0.001	0.001
0.001	0.001	0.112	0.886
0.001	0.001	0.997	0.001
0.001	0.001	0.001	0.997
0.001	0.001	0.115	0.883
0.001	0.001	0.997	0.001
>GTGGATAG	16-GTGGATAG	9.394432	-4.642999	0	T:3.0(5.77%),B:19.4(0.86%),P:1e-2	Tpos:159.4,Tstd:60.9,Bpos:112.0,Bstd:58.7,StrandBias:0.0,Multiplicity:3.33
0.001	0.075	0.923	0.001
0.156	0.001	0.001	0.842
0.046	0.001	0.952	0.001
0.001	0.001	0.613	0.385
0.923	0.075	0.001	0.001
0.090	0.075	0.001	0.834
0.578	0.001	0.265	0.156
0.001	0.089	0.909	0.001
>GAGAGAGA	17-GAGAGAGA	8.236954	-4.133715	0	T:3.0(5.77%),B:24.0(1.06%),P:1e-1	Tpos:161.4,Tstd:54.5,Bpos:137.1,Bstd:107.4,StrandBias:-10.0,Multiplicity:2.00
0.100	0.100	0.700	0.100
0.700	0.100	0.100	0.100
0.100	0.100	0.700	0.100
0.700	0.100	0.100	0.100
0.100	0.100	0.700	0.100
0.700	0.100	0.100	0.100
0.100	0.100	0.700	0.100
0.700	0.100	0.100	0.100
>ACTCATSY	18-ACTCATSY	7.032213	-3.923967	0	T:5.0(9.62%),B:68.3(3.02%),P:1e-1	Tpos:116.8,Tstd:70.0,Bpos:122.0,Bstd:76.8,StrandBias:1.0,Multiplicity:3.60
0.937	0.001	0.061	0.001
0.001	0.997	0.001	0.001
0.001	0.001	0.001	0.997
0.001	0.997	0.001	0.001
0.997	0.001	0.001	0.001
0.001	0.001	0.001	0.997
0.001	0.433	0.565	0.001
0.001	0.489	0.001	0.509
>AGGGTAAG	19-AGGGTAAG	8.527874	-3.813673	0	T:3.0(5.77%),B:26.4(1.17%),P:1e-1	Tpos:115.5,Tstd:62.5,Bpos:118.3,Bstd:66.9,StrandBias:3.2,Multiplicity:3.33
0.997	0.001	0.001	0.001
0.001	0.001	0.997	0.001
0.001	0.001	0.997	0.001
0.001	0.001	0.890	0.108
0.001	0.001	0.001	0.997
0.727	0.271	0.001	0.001
0.997	0.001	0.001	0.001
0.001	0.001	0.997	0.001
>CAGGTCAT	20-CAGGTCAT	8.236954	-3.464279	0	T:2.0(3.85%),B:12.6(0.56%),P:1e-1	Tpos:103.6,Tstd:69.0,Bpos:128.0,Bstd:49.9,StrandBias:10.0,Multiplicity:3.50
0.100	0.700	0.100	0.100
0.700	0.100	0.100	0.100
0.100	0.100	0.700	0.100
0.100	0.100	0.700	0.100
0.100	0.100	0.100	0.700
0.100	0.700	0.100	0.100
0.700	0.100	0.100	0.100
0.100	0.100	0.100	0.700
>TTGCCGCC	21-TTGCCGCC	9.066842	-3.318636	0	T:2.0(3.85%),B:13.9(0.62%),P:1e-1	Tpos:146.8,Tstd:72.5,Bpos:137.7,Bstd:67.3,StrandBias:2.8,Multiplicity:4.00
0.001	0.001	0.001	0.997
0.001	0.001	0.001	0.997
0.001	0.001	0.997	0.001
0.001	0.997	0.001	0.001
0.001	0.997	0.001	0.001
0.001	0.001	0.997	0.001
0.001	0.863	0.001	0.135
0.001	0.997	0.001	0.001
>TGTGTATG	22-TGTGTATG	6.731591	-3.046060	0	T:6.0(11.54%),B:115.8(5.12%),P:1e-1	Tpos:135.0,Tstd:70.4,Bpos:121.6,Bstd:88.3,StrandBias:1.0,Multiplicity:5.00
0.001	0.026	0.001	0.972
0.001	0.001	0.997	0.001
0.001	0.001	0.001	0.997
0.001	0.001	0.997	0.001
0.001	0.001	0.262	0.736
0.997	0.001	0.001	0.001
0.001	0.001	0.001	0.997
0.051	0.001	0.947	0.001
>CTCACAAG	23-CTCACAAG	8.236954	-2.645808	0	T:2.0(3.85%),B:19.7(0.87%),P:1e-1	Tpos:123.5,Tstd:68.6,Bpos:172.5,Bstd:66.4,StrandBias:-0.3,Multiplicity:5.50
0.100	0.700	0.100	0.100
0.100	0.100	0.100	0.700
0.100	0.700	0.100	0.100
0.700	0.100	0.100	0.100
0.100	0.700	0.100	0.100
0.700	0.100	0.100	0.100
0.700	0.100	0.100	0.100
0.100	0.100	0.700	0.100
>ACACATCG	24-ACACATCG	8.236954	-1.782655	0	T:1.0(1.92%),B:8.5(0.38%),P:1e0	Tpos:123.2,Tstd:60.3,Bpos:136.7,Bstd:68.8,StrandBias:10.0,Multiplicity:5.00
0.700	0.100	0.100	0.100
0.100	0.700	0.100	0.100
0.700	0.100	0.100	0.100
0.100	0.700	0.100	0.100
0.700	0.100	0.100	0.100
0.100	0.100	0.100	0.700
0.100	0.700	0.100	0.100
0.100	0.100	0.700	0.100
