>GGTTAGTC	1-GGTTAGTC	8.743685	-13.530746	0	T:6.0(11.54%),B:15.9(0.70%),P:1e-5	Tpos:118.0,Tstd:65.1,Bpos:111.8,Bstd:47.7,StrandBias:-3.0,Multiplicity:1.50
0.001	0.001	0.997	0.001
0.001	0.001	0.997	0.001
0.001	0.001	0.001	0.997
0.001	0.001	0.292	0.706
0.997	0.001	0.001	0.001
0.138	0.001	0.860	0.001
0.001	0.001	0.001	0.997
0.001	0.997	0.001	0.001
>ATGGGGCC	2-ATGGGGCC	7.023682	-12.087472	0	T:9.0(17.31%),B:57.5(2.54%),P:1e-5	Tpos:131.5,Tstd:39.3,Bpos:115.5,Bstd:78.6,StrandBias:-0.8,Multiplicity:1.11
0.911	0.061	0.027	0.001
0.001	0.001	0.001	0.997
0.001	0.001	0.712	0.286
0.001	0.001	0.997	0.001
0.001	0.001	0.997	0.001
0.001	0.001	0.997	0.001
0.001	0.997	0.001	0.001
0.001	0.997	0.001	0.001
>KCGTCYTC	3-KCGTCYTC	6.288853	-11.657339	0	T:17.0(32.69%),B:230.7(10.19%),P:1e-5	Tpos:138.2,Tstd:58.6,Bpos:120.8,Bstd:93.3,StrandBias:0.5,Multiplicity:1.29
0.001	0.001	0.482	0.516
0.212	0.569	0.089	0.130
0.114	0.070	0.727	0.089
0.001	0.044	0.001	0.954
0.320	0.660	0.009	0.011
0.011	0.445	0.002	0.542
0.104	0.043	0.081	0.772
0.001	0.779	0.001	0.219
>AAGTCCCG	4-AAGTCCCG	8.685907	-11.251676	0	T:5.0(9.62%),B:13.7(0.61%),P:1e-4	Tpos:123.4,Tstd:44.6,Bpos:120.2,Bstd:70.9,StrandBias:0.6,Multiplicity:1.00
0.907	0.001	0.030	0.062
0.671	0.188	0.087	0.054
0.058	0.111	0.719	0.112
0.250	0.050	0.207	0.493
0.053	0.893	0.001	0.053
0.053	0.620	0.326	0.001
0.001	0.937	0.061	0.001
0.083	0.058	0.807	0.052
>ATGGGATA	5-ATGGGATA	8.011800	-11.172081	0	T:11.0(21.15%),B:100.6(4.45%),P:1e-4	Tpos:118.0,Tstd:63.1,Bpos:116.4,Bstd:91.2,StrandBias:-1.1,Multiplicity:2.00
0.997	0.001	0.001	0.001
0.001	0.001	0.227	0.771
0.085	0.001	0.901	0.013
0.001	0.001	0.624	0.374
0.001	0.105	0.552	0.342
0.640	0.001	0.001	0.358
0.001	0.001	0.008	0.990
0.820	0.001	0.178	0.001
>TTTCAGAA	6-TTTCAGAA	8.236954	-10.898413	0	T:5.0(9.62%),B:15.0(0.66%),P:1e-4	Tpos:101.4,Tstd:64.4,Bpos:90.3,Bstd:63.4,StrandBias:-0.6,Multiplicity:1.00
0.100	0.100	0.100	0.700
0.100	0.100	0.100	0.700
0.100	0.100	0.100	0.700
0.100	0.700	0.100	0.100
0.700	0.100	0.100	0.100
0.100	0.100	0.700	0.100
0.700	0.100	0.100	0.100
0.700	0.100	0.100	0.100
>CGTTATGA	7-CGTTATGA	3.879803	-10.320844	0	T:15.0(28.85%),B:202.6(8.95%),P:1e-4	Tpos:103.2,Tstd:67.0,Bpos:128.1,Bstd:82.9,StrandBias:-1.1,Multiplicity:1.47
0.001	0.997	0.001	0.001
0.001	0.001	0.997	0.001
0.001	0.001	0.019	0.979
0.001	0.001	0.112	0.886
0.855	0.143	0.001	0.001
0.001	0.001	0.001	0.997
0.001	0.001	0.997	0.001
0.987	0.011	0.001	0.001
>TGGACAGT	8-TGGACAGT	8.236954	-10.206721	0	T:4.0(7.69%),B:9.0(0.40%),P:1e-4	Tpos:108.2,Tstd:56.3,Bpos:76.1,Bstd:51.8,StrandBias:-1.6,Multiplicity:1.00
0.100	0.100	0.100	0.700
0.100	0.100	0.700	0.100
0.100	0.100	0.700	0.100
0.700	0.100	0.100	0.100
0.100	0.700	0.100	0.100
0.700	0.100	0.100	0.100
0.100	0.100	0.700	0.100
0.100	0.100	0.100	0.700
>AGTAGTTA	9-AGTAGTTA	9.117394	-9.780767	0	T:7.0(13.46%),B:43.1(1.90%),P:1e-4	Tpos:78.0,Tstd:55.3,Bpos:116.4,Bstd:91.5,StrandBias:0.8,Multiplicity:1.57
0.997	0.001	0.001	0.001
0.001	0.001	0.997	0.001
0.001	0.001	0.001	0.997
0.704	0.142	0.001	0.153
0.001	0.001	0.997	0.001
0.001	0.001	0.001	0.997
0.001	0.001	0.001	0.997
0.997	0.001	0.001	0.001
>GATAGGGA	10-GATAGGGA	6.515678	-8.682963	0	T:8.0(15.38%),B:69.4(3.07%),P:1e-3	Tpos:127.9,Tstd:56.6,Bpos:128.7,Bstd:72.5,StrandBias:0.4,Multiplicity:2.00
0.001	0.001	0.997	0.001
0.997	0.001	0.001	0.001
0.001	0.001	0.001	0.997
0.842	0.001	0.063	0.094
0.198	0.001	0.800	0.001
0.001	0.001	0.997	0.001
0.001	0.001	0.997	0.001
0.839	0.159	0.001	0.001
>TACCACAA	11-TACCACAA	7.950248	-7.775572	0	T:9.0(17.31%),B:100.4(4.44%),P:1e-3	Tpos:127.2,Tstd:57.9,Bpos:130.3,Bstd:84.7,StrandBias:0.7,Multiplicity:2.00
0.001	0.091	0.001	0.907
0.997	0.001	0.001	0.001
0.001	0.997	0.001	0.001
0.001	0.997	0.001	0.001
0.897	0.001	0.101	0.001
0.001	0.997	0.001	0.001
0.997	0.001	0.001	0.001
0.944	0.054	0.001	0.001
>STGGCTKG	12-STGGCTKG	7.302805	-6.482331	0	T:10.0(19.23%),B:145.7(6.44%),P:1e-2	Tpos:118.0,Tstd:53.5,Bpos:116.4,Bstd:71.8,StrandBias:1.1,Multiplicity:2.50
0.001	0.439	0.559	0.001
0.001	0.122	0.180	0.697
0.001	0.001	0.997	0.001
0.001	0.060	0.938	0.001
0.075	0.777	0.001	0.147
0.001	0.286	0.001	0.712
0.001	0.001	0.514	0.484
0.099	0.001	0.899	0.001
>CGGCCGCG	13-CGGCCGCG	6.364184	-6.096207	0	T:9.0(17.31%),B:127.8(5.65%),P:1e-2	Tpos:119.0,Tstd:60.4,Bpos:109.6,Bstd:86.1,StrandBias:0.3,Multiplicity:1.78
0.117	0.807	0.001	0.075
0.074	0.001	0.924	0.001
0.062	0.075	0.862	0.001
0.001	0.997	0.001	0.001
0.001	0.997	0.001	0.001
0.117	0.182	0.700	0.001
0.001	0.997	0.001	0.001
0.100	0.079	0.820	0.001
>TACAVGCA	14-TACAVGCA	8.198720	-5.834669	0	T:6.0(11.54%),B:63.0(2.78%),P:1e-2	Tpos:126.5,Tstd:65.9,Bpos:123.9,Bstd:90.4,StrandBias:0.3,Multiplicity:1.83
0.017	0.001	0.001	0.981
0.645	0.105	0.249	0.001
0.001	0.997	0.001	0.001
0.751	0.001	0.001	0.247
0.332	0.404	0.263	0.001
0.001	0.001	0.997	0.001
0.001	0.979	0.001	0.019
0.701	0.001	0.001	0.297
>CGATGTTG	15-CGATGTTG	8.788465	-5.685239	0	T:3.0(5.77%),B:13.0(0.58%),P:1e-2	Tpos:95.0,Tstd:53.7,Bpos:72.3,Bstd:51.4,StrandBias:2.8,Multiplicity:2.67
0.001	0.997	0.001	0.001
0.001	0.001	0.997	0.001
0.997	0.001	0.001	0.001
0.001	0.001	0.112	0.886
0.001	0.001	0.997	0.001
0.001	0.001	0.001	0.997
0.001	0.001	0.115	0.883
0.001	0.001	0.997	0.001
>GTGGATAG	16-GTGGATAG	9.394432	-4.642999	0	T:3.0(5.77%),B:19.4(0.86%),P:1e-2	Tpos:159.4,Tstd:60.9,Bpos:112.0,Bstd:58.7,StrandBias:0.0,Multiplicity:3.33
0.001	0.075	0.923	0.001
0.156	0.001	0.001	0.842
0.046	0.001	0.952	0.001
0.001	0.001	0.613	0.385
0.923	0.075	0.001	0.001
0.090	0.075	0.001	0.834
0.578	0.001	0.265	0.156
0.001	0.089	0.909	0.001
>GAGAGAGA	17-GAGAGAGA	8.236954	-4.133715	0	T:3.0(5.77%),B:24.0(1.06%),P:1e-1	Tpos:161.4,Tstd:54.5,Bpos:137.1,Bstd:107.4,StrandBias:-10.0,Multiplicity:2.00
0.100	0.100	0.700	0.100
0.700	0.100	0.100	0.100
0.100	0.100	0.700	0.100
0.700	0.100	0.100	0.100
0.100	0.100	0.700	0.100
0.700	0.100	0.100	0.100
0.100	0.100	0.700	0.100
0.700	0.100	0.100	0.100
>ACTCATSY	18-ACTCATSY	7.032213	-3.923967	0	T:5.0(9.62%),B:68.3(3.02%),P:1e-1	Tpos:116.8,Tstd:70.0,Bpos:122.0,Bstd:76.8,StrandBias:1.0,Multiplicity:3.60
0.937	0.001	0.061	0.001
0.001	0.997	0.001	0.001
0.001	0.001	0.001	0.997
0.001	0.997	0.001	0.001
0.997	0.001	0.001	0.001
0.001	0.001	0.001	0.997
0.001	0.433	0.565	0.001
0.001	0.489	0.001	0.509
>AGGGTAAG	19-AGGGTAAG	8.527874	-3.813673	0	T:3.0(5.77%),B:26.4(1.17%),P:1e-1	Tpos:115.5,Tstd:62.5,Bpos:118.3,Bstd:66.9,StrandBias:3.2,Multiplicity:3.33
0.997	0.001	0.001	0.001
0.001	0.001	0.997	0.001
0.001	0.001	0.997	0.001
0.001	0.001	0.890	0.108
0.001	0.001	0.001	0.997
0.727	0.271	0.001	0.001
0.997	0.001	0.001	0.001
0.001	0.001	0.997	0.001
>CAGGTCAT	20-CAGGTCAT	8.236954	-3.464279	0	T:2.0(3.85%),B:12.6(0.56%),P:1e-1	Tpos:103.6,Tstd:69.0,Bpos:128.0,Bstd:49.9,StrandBias:10.0,Multiplicity:3.50
0.100	0.700	0.100	0.100
0.700	0.100	0.100	0.100
0.100	0.100	0.700	0.100
0.100	0.100	0.700	0.100
0.100	0.100	0.100	0.700
0.100	0.700	0.100	0.100
0.700	0.100	0.100	0.100
0.100	0.100	0.100	0.700
>TTGCCGCC	21-TTGCCGCC	9.066842	-3.318636	0	T:2.0(3.85%),B:13.9(0.62%),P:1e-1	Tpos:146.8,Tstd:72.5,Bpos:137.7,Bstd:67.3,StrandBias:2.8,Multiplicity:4.00
0.001	0.001	0.001	0.997
0.001	0.001	0.001	0.997
0.001	0.001	0.997	0.001
0.001	0.997	0.001	0.001
0.001	0.997	0.001	0.001
0.001	0.001	0.997	0.001
0.001	0.863	0.001	0.135
0.001	0.997	0.001	0.001
>TGTGTATG	22-TGTGTATG	6.731591	-3.046060	0	T:6.0(11.54%),B:115.8(5.12%),P:1e-1	Tpos:135.0,Tstd:70.4,Bpos:121.6,Bstd:88.3,StrandBias:1.0,Multiplicity:5.00
0.001	0.026	0.001	0.972
0.001	0.001	0.997	0.001
0.001	0.001	0.001	0.997
0.001	0.001	0.997	0.001
0.001	0.001	0.262	0.736
0.997	0.001	0.001	0.001
0.001	0.001	0.001	0.997
0.051	0.001	0.947	0.001
>CTCACAAG	23-CTCACAAG	8.236954	-2.645808	0	T:2.0(3.85%),B:19.7(0.87%),P:1e-1	Tpos:123.5,Tstd:68.6,Bpos:172.5,Bstd:66.4,StrandBias:-0.3,Multiplicity:5.50
0.100	0.700	0.100	0.100
0.100	0.100	0.100	0.700
0.100	0.700	0.100	0.100
0.700	0.100	0.100	0.100
0.100	0.700	0.100	0.100
0.700	0.100	0.100	0.100
0.700	0.100	0.100	0.100
0.100	0.100	0.700	0.100
>ACACATCG	24-ACACATCG	8.236954	-1.782655	0	T:1.0(1.92%),B:8.5(0.38%),P:1e0	Tpos:123.2,Tstd:60.3,Bpos:136.7,Bstd:68.8,StrandBias:10.0,Multiplicity:5.00
0.700	0.100	0.100	0.100
0.100	0.700	0.100	0.100
0.700	0.100	0.100	0.100
0.100	0.700	0.100	0.100
0.700	0.100	0.100	0.100
0.100	0.100	0.100	0.700
0.100	0.700	0.100	0.100
0.100	0.100	0.700	0.100
