>TGGGCCCAAGCC	1-TGGGCCCAAGCC	9.650277	-25.393634	0	T:6.0(11.54%),B:2.7(0.12%),P:1e-11	Tpos:119.2,Tstd:49.1,Bpos:99.0,Bstd:35.6,StrandBias:-0.7,Multiplicity:1.00
0.167	0.001	0.334	0.498
0.001	0.014	0.866	0.119
0.001	0.001	0.832	0.166
0.001	0.001	0.997	0.001
0.001	0.665	0.167	0.167
0.001	0.997	0.001	0.001
0.166	0.832	0.001	0.001
0.712	0.286	0.001	0.001
0.665	0.167	0.167	0.001
0.001	0.001	0.832	0.166
0.001	0.530	0.182	0.287
0.001	0.664	0.334	0.001
>TCCCTACCAAAA	2-TCCCTACCAAAA	8.614963	-23.868918	0	T:5.0(9.62%),B:1.4(0.06%),P:1e-10	Tpos:102.1,Tstd:67.5,Bpos:161.4,Bstd:74.5,StrandBias:-0.3,Multiplicity:1.80
0.198	0.001	0.001	0.800
0.001	0.997	0.001	0.001
0.001	0.997	0.001	0.001
0.001	0.997	0.001	0.001
0.001	0.001	0.001	0.997
0.997	0.001	0.001	0.001
0.208	0.790	0.001	0.001
0.001	0.997	0.001	0.001
0.805	0.001	0.001	0.193
0.997	0.001	0.001	0.001
0.790	0.208	0.001	0.001
0.795	0.001	0.001	0.203
>GGAATAGATACC	3-GGAATAGATACC	8.076428	-22.935052	0	T:14.0(26.92%),B:63.1(2.79%),P:1e-9	Tpos:130.3,Tstd:71.3,Bpos:128.9,Bstd:92.9,StrandBias:1.9,Multiplicity:1.00
0.292	0.001	0.610	0.097
0.013	0.001	0.694	0.292
0.609	0.001	0.001	0.389
0.707	0.097	0.001	0.195
0.097	0.001	0.097	0.805
0.709	0.097	0.097	0.097
0.001	0.096	0.902	0.001
0.902	0.001	0.001	0.096
0.001	0.097	0.097	0.805
0.805	0.001	0.097	0.097
0.097	0.709	0.097	0.097
0.097	0.805	0.097	0.001
>GATATCATACTT	4-GATATCATACTT	8.296478	-18.405893	0	T:4.0(7.69%),B:1.0(0.05%),P:1e-7	Tpos:104.4,Tstd:75.3,Bpos:57.1,Bstd:17.7,StrandBias:10.0,Multiplicity:2.00
0.001	0.001	0.997	0.001
0.997	0.001	0.001	0.001
0.001	0.164	0.001	0.834
0.997	0.001	0.001	0.001
0.001	0.001	0.001	0.997
0.001	0.997	0.001	0.001
0.997	0.001	0.001	0.001
0.001	0.200	0.001	0.798
0.997	0.001	0.001	0.001
0.001	0.790	0.001	0.208
0.001	0.001	0.208	0.790
0.001	0.172	0.001	0.826
>ATCGACATGAGC	5-ATCGACATGAGC	7.492296	-13.186241	0	T:3.0(5.77%),B:1.9(0.09%),P:1e-5	Tpos:119.6,Tstd:82.7,Bpos:227.0,Bstd:0.0,StrandBias:3.2,Multiplicity:3.33
0.997	0.001	0.001	0.001
0.001	0.001	0.001	0.997
0.001	0.997	0.001	0.001
0.001	0.001	0.997	0.001
0.997	0.001	0.001	0.001
0.001	0.997	0.001	0.001
0.997	0.001	0.001	0.001
0.001	0.001	0.126	0.872
0.001	0.126	0.872	0.001
0.997	0.001	0.001	0.001
0.126	0.001	0.872	0.001
0.001	0.997	0.001	0.001
>ACCRCARCASKT	6-ACCRCARCASKT	13.803694	-13.186241	0	T:3.0(5.77%),B:0.0(0.00%),P:1e-5	Tpos:135.9,Tstd:71.2,Bpos:0.0,Bstd:0.0,StrandBias:3.0,Multiplicity:3.00
0.997	0.001	0.001	0.001
0.001	0.997	0.001	0.001
0.001	0.997	0.001	0.001
0.557	0.001	0.441	0.001
0.001	0.997	0.001	0.001
0.997	0.001	0.001	0.001
0.557	0.001	0.441	0.001
0.001	0.997	0.001	0.001
0.997	0.001	0.001	0.001
0.001	0.441	0.557	0.001
0.001	0.001	0.557	0.441
0.001	0.001	0.001	0.997
>ATACAMSGCYAT	7-ATACAMSGCYAT	13.034841	-13.186241	0	T:3.0(5.77%),B:0.0(0.00%),P:1e-5	Tpos:172.0,Tstd:62.8,Bpos:0.0,Bstd:0.0,StrandBias:-2.0,Multiplicity:1.67
0.997	0.001	0.001	0.001
0.001	0.001	0.001	0.997
0.976	0.022	0.001	0.001
0.001	0.997	0.001	0.001
0.997	0.001	0.001	0.001
0.441	0.557	0.001	0.001
0.116	0.441	0.441	0.001
0.023	0.023	0.953	0.001
0.001	0.997	0.001	0.001
0.001	0.464	0.001	0.534
0.997	0.001	0.001	0.001
0.001	0.001	0.001	0.997
>RAATACTCATCT	8-RAATACTCATCT	12.345374	-13.186241	0	T:3.0(5.77%),B:1.1(0.05%),P:1e-5	Tpos:102.8,Tstd:67.6,Bpos:212.1,Bstd:13.1,StrandBias:10.0,Multiplicity:2.00
0.479	0.001	0.491	0.029
0.997	0.001	0.001	0.001
0.997	0.001	0.001	0.001
0.001	0.001	0.001	0.997
0.997	0.001	0.001	0.001
0.001	0.774	0.001	0.224
0.224	0.001	0.001	0.774
0.001	0.997	0.001	0.001
0.969	0.001	0.001	0.029
0.224	0.001	0.001	0.774
0.001	0.774	0.001	0.224
0.001	0.001	0.001	0.997
>CCAGCCAGGCAG	9-CCAGCCAGGCAG	13.121119	-12.511653	0	T:5.0(9.62%),B:10.8(0.48%),P:1e-5	Tpos:137.4,Tstd:39.2,Bpos:115.8,Bstd:45.1,StrandBias:0.0,Multiplicity:1.00
0.001	0.663	0.001	0.335
0.335	0.663	0.001	0.001
0.997	0.001	0.001	0.001
0.001	0.001	0.997	0.001
0.001	0.645	0.001	0.353
0.001	0.997	0.001	0.001
0.997	0.001	0.001	0.001
0.001	0.001	0.997	0.001
0.001	0.296	0.671	0.032
0.001	0.997	0.001	0.001
0.759	0.001	0.239	0.001
0.001	0.239	0.759	0.001
>TKCATGTKTACC	10-TKCATGTKTACC	12.215691	-11.123021	0	T:3.0(5.77%),B:3.0(0.13%),P:1e-4	Tpos:126.0,Tstd:82.6,Bpos:118.1,Bstd:15.5,StrandBias:-1.0,Multiplicity:1.00
0.001	0.001	0.001	0.997
0.001	0.116	0.441	0.441
0.001	0.997	0.001	0.001
0.919	0.079	0.001	0.001
0.001	0.001	0.001	0.997
0.001	0.001	0.997	0.001
0.001	0.001	0.001	0.997
0.116	0.001	0.441	0.441
0.001	0.001	0.001	0.997
0.997	0.001	0.001	0.001
0.001	0.997	0.001	0.001
0.001	0.997	0.001	0.001
>CATACACAGCTA	11-CATACACAGCTA	15.904994	-8.273690	0	T:2.0(3.85%),B:0.0(0.00%),P:1e-3	Tpos:142.3,Tstd:75.4,Bpos:0.0,Bstd:0.0,StrandBias:0.0,Multiplicity:3.00
0.001	0.873	0.001	0.125
0.997	0.001	0.001	0.001
0.001	0.001	0.001	0.997
0.885	0.057	0.001	0.057
0.001	0.997	0.001	0.001
0.997	0.001	0.001	0.001
0.001	0.997	0.001	0.001
0.941	0.001	0.057	0.001
0.001	0.057	0.941	0.001
0.001	0.997	0.001	0.001
0.001	0.279	0.001	0.719
0.997	0.001	0.001	0.001
>TMYAMACCATMC	12-TMYAMACCATMC	14.147246	-8.273690	0	T:2.0(3.85%),B:0.0(0.00%),P:1e-3	Tpos:161.0,Tstd:46.5,Bpos:0.0,Bstd:0.0,StrandBias:-1.0,Multiplicity:1.50
0.011	0.001	0.001	0.987
0.453	0.545	0.001	0.001
0.001	0.557	0.001	0.441
0.987	0.001	0.011	0.001
0.453	0.545	0.001	0.001
0.997	0.001	0.001	0.001
0.001	0.997	0.001	0.001
0.001	0.987	0.001	0.011
0.997	0.001	0.001	0.001
0.001	0.001	0.001	0.997
0.530	0.468	0.001	0.001
0.001	0.997	0.001	0.001
>GTGTATGGCTGT	13-GTGTATGGCTGT	15.363486	-8.273690	0	T:2.0(3.85%),B:0.0(0.00%),P:1e-3	Tpos:137.7,Tstd:63.5,Bpos:0.0,Bstd:0.0,StrandBias:2.3,Multiplicity:3.00
0.001	0.001	0.997	0.001
0.001	0.001	0.001	0.997
0.001	0.001	0.997	0.001
0.157	0.001	0.343	0.500
0.997	0.001	0.001	0.001
0.001	0.001	0.001	0.997
0.001	0.001	0.997	0.001
0.001	0.001	0.997	0.001
0.001	0.997	0.001	0.001
0.001	0.156	0.001	0.842
0.001	0.001	0.997	0.001
0.001	0.001	0.001	0.997
>GTGGCTTGTGRT	14-GTGGCTTGTGRT	15.481230	-8.273690	0	T:2.0(3.85%),B:0.0(0.00%),P:1e-3	Tpos:93.4,Tstd:75.8,Bpos:0.0,Bstd:0.0,StrandBias:10.0,Multiplicity:2.50
0.001	0.001	0.997	0.001
0.001	0.001	0.001	0.997
0.001	0.001	0.997	0.001
0.001	0.001	0.997	0.001
0.001	0.997	0.001	0.001
0.001	0.001	0.001	0.997
0.001	0.001	0.001	0.997
0.001	0.001	0.997	0.001
0.001	0.001	0.001	0.997
0.372	0.001	0.626	0.001
0.479	0.001	0.519	0.001
0.001	0.001	0.001	0.997
>GTTGTGTCAGCA	15-GTTGTGTCAGCA	10.409522	-8.273690	0	T:2.0(3.85%),B:1.1(0.05%),P:1e-3	Tpos:134.4,Tstd:71.0,Bpos:212.0,Bstd:0.0,StrandBias:2.8,Multiplicity:4.00
0.100	0.100	0.700	0.100
0.100	0.100	0.100	0.700
0.100	0.100	0.100	0.700
0.100	0.100	0.700	0.100
0.100	0.100	0.100	0.700
0.100	0.100	0.700	0.100
0.100	0.100	0.100	0.700
0.100	0.700	0.100	0.100
0.700	0.100	0.100	0.100
0.100	0.100	0.700	0.100
0.100	0.700	0.100	0.100
0.700	0.100	0.100	0.100
>GTCTTGTGAGCC	16-GTCTTGTGAGCC	8.566755	-8.273690	0	T:2.0(3.85%),B:0.0(0.00%),P:1e-3	Tpos:123.5,Tstd:68.6,Bpos:0.0,Bstd:0.0,StrandBias:0.3,Multiplicity:5.50
0.066	0.001	0.643	0.290
0.001	0.001	0.001	0.997
0.001	0.997	0.001	0.001
0.001	0.001	0.001	0.997
0.001	0.001	0.001	0.997
0.001	0.001	0.997	0.001
0.001	0.001	0.001	0.997
0.001	0.001	0.997	0.001
0.997	0.001	0.001	0.001
0.001	0.001	0.997	0.001
0.001	0.923	0.001	0.075
0.065	0.933	0.001	0.001
>TGACCCATTTCC	17-TGACCCATTTCC	13.406014	-8.273690	0	T:2.0(3.85%),B:0.0(0.00%),P:1e-3	Tpos:152.7,Tstd:66.1,Bpos:0.0,Bstd:0.0,StrandBias:10.0,Multiplicity:3.00
0.001	0.001	0.001	0.997
0.208	0.001	0.790	0.001
0.997	0.001	0.001	0.001
0.001	0.997	0.001	0.001
0.001	0.968	0.001	0.030
0.001	0.997	0.001	0.001
0.968	0.030	0.001	0.001
0.001	0.001	0.001	0.997
0.001	0.001	0.001	0.997
0.001	0.001	0.001	0.997
0.001	0.790	0.208	0.001
0.001	0.997	0.001	0.001
>AACTCATGCTGT	18-AACTCATGCTGT	10.409522	-8.273690	0	T:2.0(3.85%),B:0.4(0.02%),P:1e-3	Tpos:111.0,Tstd:72.5,Bpos:216.0,Bstd:0.0,StrandBias:2.6,Multiplicity:3.50
0.700	0.100	0.100	0.100
0.700	0.100	0.100	0.100
0.100	0.700	0.100	0.100
0.100	0.100	0.100	0.700
0.100	0.700	0.100	0.100
0.700	0.100	0.100	0.100
0.100	0.100	0.100	0.700
0.100	0.100	0.700	0.100
0.100	0.700	0.100	0.100
0.100	0.100	0.100	0.700
0.100	0.100	0.700	0.100
0.100	0.100	0.100	0.700
>MTCTCTCTCTCT	19-MTCTCTCTCTCT	10.618575	-8.273690	0	T:2.0(3.85%),B:1.6(0.07%),P:1e-3	Tpos:155.6,Tstd:53.4,Bpos:119.1,Bstd:40.0,StrandBias:10.0,Multiplicity:2.50
0.471	0.364	0.083	0.083
0.082	0.288	0.001	0.629
0.288	0.629	0.001	0.082
0.001	0.276	0.001	0.722
0.001	0.916	0.001	0.082
0.001	0.001	0.082	0.916
0.087	0.830	0.001	0.082
0.001	0.111	0.082	0.806
0.001	0.997	0.001	0.001
0.001	0.082	0.082	0.835
0.004	0.913	0.001	0.082
0.082	0.377	0.001	0.540
>AACCAGAGGGTA	20-AACCAGAGGGTA	12.993368	-8.273690	0	T:2.0(3.85%),B:0.0(0.00%),P:1e-3	Tpos:132.7,Tstd:77.6,Bpos:0.0,Bstd:0.0,StrandBias:2.3,Multiplicity:3.00
0.997	0.001	0.001	0.001
0.997	0.001	0.001	0.001
0.001	0.997	0.001	0.001
0.001	0.997	0.001	0.001
0.997	0.001	0.001	0.001
0.001	0.001	0.997	0.001
0.817	0.181	0.001	0.001
0.001	0.001	0.997	0.001
0.001	0.001	0.997	0.001
0.182	0.182	0.635	0.001
0.001	0.001	0.001	0.997
0.817	0.001	0.181	0.001
>ATTTGAGGGTCA	21-ATTTGAGGGTCA	10.409522	-8.273690	0	T:2.0(3.85%),B:0.5(0.02%),P:1e-3	Tpos:104.2,Tstd:50.9,Bpos:123.0,Bstd:0.0,StrandBias:1.6,Multiplicity:2.00
0.700	0.100	0.100	0.100
0.100	0.100	0.100	0.700
0.100	0.100	0.100	0.700
0.100	0.100	0.100	0.700
0.100	0.100	0.700	0.100
0.700	0.100	0.100	0.100
0.100	0.100	0.700	0.100
0.100	0.100	0.700	0.100
0.100	0.100	0.700	0.100
0.100	0.100	0.100	0.700
0.100	0.700	0.100	0.100
0.700	0.100	0.100	0.100
>CTTATCATTATA	22-CTTATCATTATA	10.096811	-8.069667	0	T:4.0(7.69%),B:14.8(0.65%),P:1e-3	Tpos:116.3,Tstd:70.6,Bpos:138.5,Bstd:70.6,StrandBias:3.0,Multiplicity:2.25
0.001	0.783	0.215	0.001
0.216	0.108	0.001	0.675
0.001	0.107	0.001	0.891
0.567	0.001	0.108	0.324
0.108	0.108	0.001	0.783
0.216	0.451	0.108	0.225
0.675	0.001	0.001	0.323
0.116	0.001	0.001	0.882
0.216	0.108	0.108	0.568
0.783	0.001	0.001	0.215
0.001	0.001	0.001	0.997
0.997	0.001	0.001	0.001
>GATGGGGAACAM	23-GATGGGGAACAM	7.701935	-6.902092	0	T:2.0(3.85%),B:2.6(0.11%),P:1e-2	Tpos:114.4,Tstd:62.2,Bpos:119.1,Bstd:55.7,StrandBias:10.0,Multiplicity:4.00
0.217	0.184	0.392	0.208
0.593	0.147	0.111	0.149
0.119	0.117	0.152	0.612
0.132	0.111	0.634	0.123
0.156	0.059	0.651	0.134
0.101	0.114	0.645	0.140
0.156	0.101	0.646	0.097
0.638	0.082	0.141	0.139
0.636	0.125	0.128	0.111
0.208	0.536	0.120	0.136
0.629	0.117	0.134	0.120
0.338	0.389	0.155	0.119
>TCGWTCCCAGGG	24-TCGWTCCCAGGG	15.557981	-6.105835	0	T:2.0(3.85%),B:3.4(0.15%),P:1e-2	Tpos:74.2,Tstd:47.1,Bpos:174.2,Bstd:5.3,StrandBias:10.0,Multiplicity:2.00
0.001	0.001	0.001	0.997
0.001	0.997	0.001	0.001
0.001	0.001	0.997	0.001
0.522	0.001	0.001	0.476
0.001	0.001	0.001	0.997
0.001	0.997	0.001	0.001
0.001	0.997	0.001	0.001
0.001	0.997	0.001	0.001
0.997	0.001	0.001	0.001
0.001	0.001	0.997	0.001
0.001	0.001	0.737	0.261
0.001	0.001	0.997	0.001
>AAGTATACACGC	25-AAGTATACACGC	12.355432	-3.784452	0	T:1.0(1.92%),B:0.0(0.00%),P:1e-1	Tpos:139.5,Tstd:17.5,Bpos:0.0,Bstd:0.0,StrandBias:10.0,Multiplicity:2.00
0.700	0.100	0.100	0.100
0.700	0.100	0.100	0.100
0.100	0.100	0.700	0.100
0.100	0.100	0.100	0.700
0.700	0.100	0.100	0.100
0.100	0.100	0.100	0.700
0.700	0.100	0.100	0.100
0.100	0.700	0.100	0.100
0.700	0.100	0.100	0.100
0.100	0.700	0.100	0.100
0.100	0.100	0.700	0.100
0.100	0.700	0.100	0.100
