>GAATAAACGG	1-GAATAAACGG	11.316461	-30.542158	0	T:7.0(13.46%),B:2.9(0.13%),P:1e-13	Tpos:99.1,Tstd:84.8,Bpos:136.4,Bstd:95.6,StrandBias:0.4,Multiplicity:1.00
0.001	0.166	0.832	0.001
0.997	0.001	0.001	0.001
0.832	0.001	0.001	0.166
0.001	0.001	0.166	0.832
0.997	0.001	0.001	0.001
0.997	0.001	0.001	0.001
0.832	0.001	0.001	0.166
0.001	0.997	0.001	0.001
0.166	0.001	0.832	0.001
0.001	0.001	0.997	0.001
>AGAAAAAATC	2-AGAAAAAATC	9.277905	-21.699798	0	T:12.0(23.08%),B:45.6(2.01%),P:1e-9	Tpos:102.0,Tstd:72.7,Bpos:123.8,Bstd:81.8,StrandBias:0.0,Multiplicity:1.09
0.795	0.092	0.112	0.001
0.138	0.001	0.789	0.072
0.774	0.224	0.001	0.001
0.997	0.001	0.001	0.001
0.770	0.112	0.117	0.001
0.720	0.277	0.001	0.002
0.915	0.080	0.001	0.004
0.997	0.001	0.001	0.001
0.234	0.001	0.003	0.762
0.157	0.507	0.189	0.147
>GGGACTTCTG	3-GGGACTTCTG	10.759655	-21.269599	0	T:6.0(11.54%),B:4.7(0.21%),P:1e-9	Tpos:105.8,Tstd:56.2,Bpos:90.9,Bstd:39.5,StrandBias:0.0,Multiplicity:1.00
0.001	0.001	0.997	0.001
0.001	0.001	0.997	0.001
0.001	0.001	0.997	0.001
0.680	0.306	0.001	0.013
0.001	0.997	0.001	0.001
0.001	0.001	0.001	0.997
0.001	0.001	0.001	0.997
0.001	0.692	0.001	0.306
0.001	0.306	0.001	0.692
0.001	0.001	0.686	0.312
>CCTAACWACT	4-CCTAACWACT	11.046587	-20.420486	0	T:5.0(9.62%),B:2.1(0.09%),P:1e-8	Tpos:83.7,Tstd:58.2,Bpos:102.4,Bstd:23.0,StrandBias:-1.0,Multiplicity:1.80
0.001	0.997	0.001	0.001
0.001	0.997	0.001	0.001
0.001	0.001	0.001	0.997
0.997	0.001	0.001	0.001
0.997	0.001	0.001	0.001
0.129	0.869	0.001	0.001
0.545	0.001	0.001	0.453
0.997	0.001	0.001	0.001
0.001	0.997	0.001	0.001
0.129	0.001	0.001	0.869
>TAACCAGTGC	5-TAACCAGTGC	11.225746	-20.420486	0	T:5.0(9.62%),B:2.1(0.09%),P:1e-8	Tpos:126.7,Tstd:92.4,Bpos:159.4,Bstd:38.8,StrandBias:1.3,Multiplicity:1.40
0.001	0.001	0.001	0.997
0.837	0.161	0.001	0.001
0.997	0.001	0.001	0.001
0.001	0.837	0.001	0.161
0.001	0.646	0.352	0.001
0.997	0.001	0.001	0.001
0.001	0.001	0.997	0.001
0.001	0.001	0.001	0.997
0.001	0.001	0.997	0.001
0.161	0.837	0.001	0.001
>MGTCRGCCAK	6-MGTCRGCCAK	8.962672	-19.023513	0	T:11.0(21.15%),B:45.5(2.01%),P:1e-8	Tpos:127.6,Tstd:45.5,Bpos:117.5,Bstd:59.8,StrandBias:0.7,Multiplicity:1.18
0.569	0.429	0.001	0.001
0.209	0.001	0.581	0.209
0.001	0.219	0.001	0.779
0.001	0.990	0.001	0.008
0.474	0.105	0.419	0.001
0.001	0.043	0.955	0.001
0.001	0.735	0.001	0.263
0.001	0.997	0.001	0.001
0.987	0.001	0.011	0.001
0.001	0.001	0.464	0.534
>TTTGTCKCCY	7-TTTGTCKCCY	10.388749	-18.405893	0	T:4.0(7.69%),B:1.2(0.05%),P:1e-7	Tpos:141.6,Tstd:78.6,Bpos:103.1,Bstd:40.6,StrandBias:1.2,Multiplicity:2.50
0.001	0.001	0.001	0.997
0.001	0.001	0.001	0.997
0.001	0.001	0.001	0.997
0.001	0.001	0.997	0.001
0.001	0.102	0.001	0.896
0.001	0.997	0.001	0.001
0.001	0.001	0.557	0.441
0.001	0.997	0.001	0.001
0.001	0.997	0.001	0.001
0.001	0.441	0.001	0.557
>GCATGYRATG	8-GCATGYRATG	9.614980	-15.321971	0	T:6.0(11.54%),B:11.5(0.51%),P:1e-6	Tpos:138.1,Tstd:34.6,Bpos:130.8,Bstd:88.1,StrandBias:-1.3,Multiplicity:1.17
0.001	0.234	0.764	0.001
0.001	0.997	0.001	0.001
0.482	0.234	0.283	0.001
0.001	0.244	0.001	0.754
0.001	0.001	0.754	0.244
0.001	0.468	0.001	0.530
0.468	0.001	0.530	0.001
0.989	0.001	0.001	0.009
0.001	0.001	0.234	0.764
0.001	0.001	0.997	0.001
>GTCAGCACGC	9-GTCAGCACGC	6.676215	-14.243161	0	T:5.0(9.62%),B:7.8(0.34%),P:1e-6	Tpos:126.4,Tstd:59.4,Bpos:123.3,Bstd:35.4,StrandBias:1.8,Multiplicity:2.25
0.119	0.001	0.879	0.001
0.001	0.001	0.001	0.997
0.001	0.997	0.001	0.001
0.997	0.001	0.001	0.001
0.001	0.119	0.879	0.001
0.240	0.758	0.001	0.001
0.997	0.001	0.001	0.001
0.001	0.997	0.001	0.001
0.001	0.001	0.997	0.001
0.001	0.997	0.001	0.001
>GGAGATAGGG	10-GGAGATAGGG	7.988740	-13.286115	0	T:11.0(21.15%),B:80.4(3.55%),P:1e-5	Tpos:118.9,Tstd:80.2,Bpos:120.3,Bstd:80.2,StrandBias:1.4,Multiplicity:1.50
0.001	0.061	0.843	0.095
0.001	0.001	0.997	0.001
0.748	0.095	0.001	0.156
0.095	0.100	0.710	0.095
0.646	0.128	0.131	0.095
0.133	0.095	0.215	0.557
0.809	0.001	0.001	0.189
0.189	0.001	0.809	0.001
0.094	0.001	0.904	0.001
0.001	0.001	0.997	0.001
>CTTGCCTTAT	11-CTTGCCTTAT	10.514019	-13.186241	0	T:3.0(5.77%),B:1.3(0.06%),P:1e-5	Tpos:150.9,Tstd:71.5,Bpos:140.6,Bstd:46.1,StrandBias:1.3,Multiplicity:2.33
0.001	0.708	0.290	0.001
0.001	0.001	0.001	0.997
0.001	0.001	0.001	0.997
0.145	0.001	0.853	0.001
0.001	0.853	0.001	0.145
0.001	0.997	0.001	0.001
0.001	0.001	0.001	0.997
0.001	0.001	0.001	0.997
0.997	0.001	0.001	0.001
0.001	0.001	0.001	0.997
>TATAACATGT	12-TATAACATGT	10.207010	-12.035946	0	T:4.0(7.69%),B:5.9(0.26%),P:1e-5	Tpos:119.4,Tstd:62.5,Bpos:45.1,Bstd:32.3,StrandBias:2.0,Multiplicity:3.25
0.001	0.001	0.001	0.997
0.923	0.001	0.075	0.001
0.001	0.001	0.001	0.997
0.582	0.266	0.076	0.076
0.681	0.242	0.001	0.076
0.152	0.846	0.001	0.001
0.997	0.001	0.001	0.001
0.001	0.001	0.001	0.997
0.090	0.325	0.509	0.076
0.152	0.001	0.166	0.681
>GTCTAACCCA	13-GTCTAACCCA	6.978782	-11.352462	0	T:12.0(23.08%),B:118.4(5.23%),P:1e-4	Tpos:129.2,Tstd:72.4,Bpos:113.2,Bstd:81.2,StrandBias:2.5,Multiplicity:1.67
0.001	0.001	0.997	0.001
0.192	0.192	0.001	0.615
0.151	0.564	0.004	0.281
0.088	0.001	0.088	0.823
0.848	0.088	0.001	0.063
0.823	0.001	0.001	0.175
0.001	0.823	0.175	0.001
0.001	0.818	0.088	0.093
0.092	0.906	0.001	0.001
0.802	0.196	0.001	0.001
>AATACTCATC	14-AATACTCATC	11.455437	-10.723923	0	T:4.0(7.69%),B:7.9(0.35%),P:1e-4	Tpos:115.6,Tstd:82.5,Bpos:122.4,Bstd:118.1,StrandBias:2.6,Multiplicity:1.75
0.997	0.001	0.001	0.001
0.997	0.001	0.001	0.001
0.001	0.001	0.001	0.997
0.997	0.001	0.001	0.001
0.115	0.883	0.001	0.001
0.001	0.001	0.001	0.997
0.001	0.997	0.001	0.001
0.802	0.001	0.001	0.196
0.001	0.001	0.001	0.997
0.001	0.997	0.001	0.001
>TGTGGATGGY	15-TGTGGATGGY	9.770750	-10.640046	0	T:6.0(11.54%),B:25.1(1.11%),P:1e-4	Tpos:138.7,Tstd:70.0,Bpos:131.2,Bstd:82.6,StrandBias:0.9,Multiplicity:3.33
0.001	0.348	0.001	0.650
0.001	0.001	0.996	0.002
0.001	0.001	0.002	0.996
0.002	0.001	0.996	0.001
0.003	0.118	0.639	0.240
0.997	0.001	0.001	0.001
0.001	0.001	0.001	0.997
0.361	0.001	0.637	0.001
0.001	0.115	0.653	0.231
0.001	0.491	0.001	0.507
>CTTTGCGCGT	16-CTTTGCGCGT	10.828751	-9.922835	0	T:3.0(5.77%),B:3.9(0.17%),P:1e-4	Tpos:134.8,Tstd:48.3,Bpos:85.5,Bstd:49.9,StrandBias:-2.3,Multiplicity:2.00
0.001	0.776	0.001	0.222
0.001	0.001	0.001	0.997
0.001	0.001	0.001	0.997
0.001	0.001	0.001	0.997
0.001	0.001	0.997	0.001
0.001	0.997	0.001	0.001
0.001	0.001	0.997	0.001
0.001	0.997	0.001	0.001
0.001	0.222	0.776	0.001
0.001	0.001	0.001	0.997
>TGTGKATDGT	17-TGTGKATDGT	9.851687	-9.075986	0	T:3.0(5.77%),B:4.7(0.21%),P:1e-3	Tpos:143.6,Tstd:67.3,Bpos:168.8,Bstd:58.3,StrandBias:0.0,Multiplicity:4.00
0.036	0.106	0.106	0.752
0.035	0.070	0.841	0.054
0.039	0.018	0.053	0.890
0.070	0.070	0.769	0.091
0.036	0.053	0.391	0.520
0.630	0.243	0.053	0.074
0.109	0.088	0.018	0.785
0.306	0.001	0.376	0.317
0.070	0.070	0.807	0.053
0.126	0.237	0.001	0.636
>TGWCGATGTK	18-TGWCGATGTK	7.692022	-8.682963	0	T:8.0(15.38%),B:69.3(3.06%),P:1e-3	Tpos:130.5,Tstd:63.9,Bpos:115.2,Bstd:83.0,StrandBias:0.5,Multiplicity:2.12
0.001	0.098	0.001	0.900
0.001	0.098	0.803	0.098
0.421	0.098	0.001	0.480
0.001	0.900	0.098	0.001
0.001	0.098	0.900	0.001
0.900	0.001	0.001	0.098
0.001	0.001	0.200	0.798
0.001	0.001	0.997	0.001
0.098	0.001	0.001	0.900
0.001	0.001	0.479	0.519
>ACCAGAGGGT	19-ACCAGAGGGT	11.337992	-8.376044	0	T:5.0(9.62%),B:24.9(1.10%),P:1e-3	Tpos:115.1,Tstd:61.5,Bpos:113.8,Bstd:62.9,StrandBias:1.2,Multiplicity:2.00
0.997	0.001	0.001	0.001
0.001	0.997	0.001	0.001
0.001	0.997	0.001	0.001
0.997	0.001	0.001	0.001
0.001	0.303	0.695	0.001
0.997	0.001	0.001	0.001
0.001	0.001	0.997	0.001
0.001	0.001	0.997	0.001
0.001	0.118	0.880	0.001
0.001	0.001	0.001	0.997
>TCTTGTGAGT	20-TCTTGTGAGT	13.417876	-8.273690	0	T:2.0(3.85%),B:1.8(0.08%),P:1e-3	Tpos:139.9,Tstd:70.9,Bpos:231.1,Bstd:4.8,StrandBias:2.6,Multiplicity:3.50
0.001	0.001	0.001	0.997
0.001	0.997	0.001	0.001
0.001	0.001	0.001	0.997
0.001	0.080	0.001	0.918
0.001	0.001	0.997	0.001
0.001	0.001	0.001	0.997
0.001	0.001	0.997	0.001
0.997	0.001	0.001	0.001
0.001	0.001	0.997	0.001
0.001	0.283	0.001	0.715
>ATCGACCTAA	21-ATCGACCTAA	10.458823	-8.273690	0	T:2.0(3.85%),B:0.3(0.01%),P:1e-3	Tpos:47.5,Tstd:13.5,Bpos:177.0,Bstd:0.0,StrandBias:0.0,Multiplicity:1.00
0.997	0.001	0.001	0.001
0.001	0.001	0.001	0.997
0.001	0.997	0.001	0.001
0.001	0.001	0.997	0.001
0.997	0.001	0.001	0.001
0.001	0.997	0.001	0.001
0.208	0.790	0.001	0.001
0.005	0.001	0.005	0.989
0.791	0.165	0.043	0.001
0.997	0.001	0.001	0.001
>TGTGGCTTGT	22-TGTGGCTTGT	12.383468	-4.217204	0	T:2.0(3.85%),B:8.5(0.37%),P:1e-1	Tpos:116.0,Tstd:72.8,Bpos:78.6,Bstd:43.3,StrandBias:10.0,Multiplicity:5.50
0.234	0.001	0.001	0.764
0.001	0.001	0.997	0.001
0.001	0.001	0.001	0.997
0.001	0.001	0.997	0.001
0.001	0.001	0.997	0.001
0.001	0.997	0.001	0.001
0.001	0.001	0.001	0.997
0.001	0.001	0.001	0.997
0.001	0.001	0.997	0.001
0.001	0.001	0.001	0.997
>CAACAGGTCA	23-CAACAGGTCA	10.296193	-3.784452	0	T:1.0(1.92%),B:0.3(0.01%),P:1e-1	Tpos:135.0,Tstd:74.0,Bpos:19.0,Bstd:0.0,StrandBias:10.0,Multiplicity:7.00
0.100	0.700	0.100	0.100
0.700	0.100	0.100	0.100
0.700	0.100	0.100	0.100
0.100	0.700	0.100	0.100
0.700	0.100	0.100	0.100
0.100	0.100	0.700	0.100
0.100	0.100	0.700	0.100
0.100	0.100	0.100	0.700
0.100	0.700	0.100	0.100
0.700	0.100	0.100	0.100
>TCTTGTGAGC	24-TCTTGTGAGC	10.296193	-3.784452	0	T:1.0(1.92%),B:0.8(0.03%),P:1e-1	Tpos:95.0,Tstd:53.7,Bpos:22.0,Bstd:0.0,StrandBias:-10.0,Multiplicity:4.00
0.100	0.100	0.100	0.700
0.100	0.700	0.100	0.100
0.100	0.100	0.100	0.700
0.100	0.100	0.100	0.700
0.100	0.100	0.700	0.100
0.100	0.100	0.100	0.700
0.100	0.100	0.700	0.100
0.700	0.100	0.100	0.100
0.100	0.100	0.700	0.100
0.100	0.700	0.100	0.100
>GGTGTTTTAG	25-GGTGTTTTAG	10.296193	-3.784452	0	T:1.0(1.92%),B:1.0(0.04%),P:1e-1	Tpos:144.5,Tstd:70.4,Bpos:162.8,Bstd:17.0,StrandBias:10.0,Multiplicity:4.00
0.100	0.100	0.700	0.100
0.100	0.100	0.700	0.100
0.100	0.100	0.100	0.700
0.100	0.100	0.700	0.100
0.100	0.100	0.100	0.700
0.100	0.100	0.100	0.700
0.100	0.100	0.100	0.700
0.100	0.100	0.100	0.700
0.700	0.100	0.100	0.100
0.100	0.100	0.700	0.100
