>GATGGGGAACAM	23-GATGGGGAACAM,BestGuess:ARF39/MA1696.1/Jaspar(0.796)	7.701935	-6.902092	0	T:2.0(3.85%),B:2.6(0.11%),P:1e-2
0.217	0.184	0.392	0.208
0.593	0.147	0.111	0.149
0.119	0.117	0.152	0.612
0.132	0.111	0.634	0.123
0.156	0.059	0.651	0.134
0.101	0.114	0.645	0.140
0.156	0.101	0.646	0.097
0.638	0.082	0.141	0.139
0.636	0.125	0.128	0.111
0.208	0.536	0.120	0.136
0.629	0.117	0.134	0.120
0.338	0.389	0.155	0.119
