>GGTATCTATTCC	3-GGAATAGATACC	8.076428	-22.935052	0	T:14.0(26.92%),B:63.1(2.79%),P:1e-9
0.001	0.097	0.805	0.097
0.097	0.097	0.709	0.097
0.097	0.097	0.001	0.805
0.805	0.097	0.097	0.001
0.096	0.001	0.001	0.902
0.001	0.902	0.096	0.001
0.097	0.097	0.097	0.709
0.805	0.097	0.001	0.097
0.195	0.001	0.097	0.707
0.389	0.001	0.001	0.609
0.292	0.694	0.001	0.013
0.097	0.610	0.001	0.292
