>KTGTTCCCCATC	23-GATGGGGAACAM	7.701935	-6.902092	0	T:2.0(3.85%),B:2.6(0.11%),P:1e-2
0.119	0.155	0.389	0.338
0.120	0.134	0.117	0.629
0.136	0.120	0.536	0.208
0.111	0.128	0.125	0.636
0.139	0.141	0.082	0.638
0.097	0.646	0.101	0.156
0.140	0.645	0.114	0.101
0.134	0.651	0.059	0.156
0.123	0.634	0.111	0.132
0.612	0.152	0.117	0.119
0.149	0.111	0.147	0.593
0.208	0.392	0.184	0.217
