>TACTGGTGGCCG	2-TACTGGTGGCCG	8.108554	-150.048324	0	T:70.0(5.86%),B:4.6(0.33%),P:1e-65
0.145	0.059	0.067	0.729
0.680	0.054	0.152	0.114
0.099	0.768	0.066	0.067
0.192	0.040	0.087	0.681
0.040	0.034	0.799	0.127
0.020	0.033	0.907	0.040
0.073	0.040	0.026	0.861
0.067	0.053	0.846	0.034
0.093	0.047	0.807	0.053
0.066	0.740	0.073	0.121
0.180	0.602	0.125	0.093
0.191	0.106	0.590	0.113
