>CCCGCAACCCGC	10-CCCGCAACCCGC,BestGuess:ACE2(MacIsaac)/Yeast(0.660)	8.867796	-57.836151	0	T:29.0(2.43%),B:2.9(0.20%),P:1e-25
0.063	0.811	0.063	0.063
0.093	0.814	0.092	0.001
0.001	0.986	0.012	0.001
0.268	0.126	0.605	0.001
0.063	0.858	0.001	0.078
0.935	0.063	0.001	0.001
0.935	0.063	0.001	0.001
0.253	0.588	0.127	0.032
0.063	0.806	0.063	0.068
0.029	0.829	0.001	0.141
0.001	0.001	0.858	0.140
0.015	0.859	0.063	0.063
