>TAAATTATTAAT	4-TAAATTATTAAT,BestGuess:POU4F1/MA0790.1/Jaspar(0.895)	8.990256	-87.798120	0	T:201.0(16.82%),B:85.3(6.06%),P:1e-38
0.001	0.015	0.008	0.976
0.510	0.144	0.152	0.194
0.883	0.069	0.001	0.047
0.842	0.047	0.008	0.103
0.119	0.001	0.015	0.865
0.334	0.016	0.038	0.612
0.824	0.001	0.001	0.174
0.082	0.008	0.001	0.909
0.080	0.024	0.031	0.865
0.568	0.114	0.121	0.197
0.975	0.008	0.001	0.016
0.085	0.112	0.024	0.779
