>ACCCRCAAATGT	11-ACCCRCAAATGT	9.474442	-54.451459	0	T:32.0(2.68%),B:3.5(0.25%),P:1e-23
0.582	0.001	0.165	0.252
0.211	0.659	0.001	0.129
0.031	0.937	0.001	0.031
0.095	0.673	0.001	0.231
0.512	0.007	0.480	0.001
0.140	0.828	0.001	0.031
0.937	0.031	0.001	0.031
0.967	0.031	0.001	0.001
0.604	0.063	0.035	0.298
0.001	0.062	0.001	0.936
0.063	0.063	0.842	0.032
0.063	0.207	0.001	0.729
