>CCAGGTACCGTA	14-CCAGGTACCGTA	6.785989	-49.369519	0	T:30.0(2.51%),B:3.8(0.27%),P:1e-21
0.198	0.508	0.153	0.141
0.161	0.635	0.089	0.115
0.760	0.040	0.045	0.155
0.191	0.089	0.555	0.165
0.158	0.123	0.545	0.174
0.150	0.102	0.100	0.648
0.600	0.112	0.144	0.144
0.171	0.522	0.122	0.185
0.167	0.539	0.110	0.184
0.198	0.148	0.478	0.175
0.165	0.151	0.094	0.590
0.598	0.110	0.134	0.158
