>CTGCACAATGAT	15-ATCATTGTGCAG	9.550006	-46.608816	0	T:25.0(2.09%),B:2.5(0.18%),P:1e-20
0.134	0.798	0.001	0.067
0.001	0.033	0.001	0.965
0.082	0.001	0.817	0.100
0.067	0.798	0.101	0.034
0.866	0.001	0.100	0.033
0.048	0.851	0.001	0.100
0.750	0.034	0.082	0.134
0.899	0.033	0.067	0.001
0.067	0.034	0.034	0.865
0.100	0.001	0.832	0.067
0.832	0.067	0.034	0.067
0.067	0.001	0.134	0.798
