>GCGGGTTGCGGG	10-CCCGCAACCCGC	8.867796	-57.836151	0	T:29.0(2.43%),B:2.9(0.20%),P:1e-25
0.063	0.063	0.859	0.015
0.140	0.858	0.001	0.001
0.141	0.001	0.829	0.029
0.068	0.063	0.806	0.063
0.032	0.127	0.588	0.253
0.001	0.001	0.063	0.935
0.001	0.001	0.063	0.935
0.078	0.001	0.858	0.063
0.001	0.605	0.126	0.268
0.001	0.012	0.986	0.001
0.001	0.092	0.814	0.093
0.063	0.063	0.811	0.063
