>ATTAATAATTTA	4-TAAATTATTAAT	8.990256	-87.798120	0	T:201.0(16.82%),B:85.3(6.06%),P:1e-38
0.779	0.024	0.112	0.085
0.016	0.001	0.008	0.975
0.197	0.121	0.114	0.568
0.865	0.031	0.024	0.080
0.909	0.001	0.008	0.082
0.174	0.001	0.001	0.824
0.612	0.038	0.016	0.334
0.865	0.015	0.001	0.119
0.103	0.008	0.047	0.842
0.047	0.001	0.069	0.883
0.194	0.152	0.144	0.510
0.976	0.008	0.015	0.001
