>CCAAAAGCTCCG	8-CCAAAAGCTCCG,BestGuess:Sf3b4(RRM)/Danio_rerio-RNCMPT00224-PBM/HughesRNA(0.745)	9.125929	-63.138589	0	T:25.0(2.09%),B:1.3(0.09%),P:1e-27
0.042	0.873	0.084	0.001
0.042	0.790	0.084	0.084
0.932	0.042	0.001	0.025
0.957	0.041	0.001	0.001
0.957	0.001	0.041	0.001
0.957	0.001	0.041	0.001
0.084	0.042	0.748	0.126
0.126	0.748	0.084	0.042
0.084	0.084	0.001	0.831
0.084	0.765	0.067	0.084
0.001	0.915	0.001	0.083
0.168	0.210	0.621	0.001
