>TGAATAACAAAA	21-TGAATAACAAAA	10.555012	-37.270576	0	T:25.0(2.09%),B:3.4(0.24%),P:1e-16
0.129	0.049	0.018	0.804
0.099	0.113	0.722	0.066
0.854	0.065	0.032	0.049
0.887	0.032	0.049	0.032
0.113	0.001	0.048	0.838
0.805	0.065	0.049	0.081
0.914	0.049	0.032	0.005
0.066	0.738	0.162	0.034
0.884	0.032	0.018	0.066
0.887	0.048	0.064	0.001
0.870	0.048	0.001	0.081
0.835	0.050	0.016	0.099
