>AWKCTWTTGTTT	4-AWKCTWTTGTTT	7.374435	-31.682853	0	T:54.0(59.34%),B:538.0(22.06%),P:1e-13
0.540	0.054	0.027	0.379
0.351	0.027	0.218	0.404
0.027	0.163	0.405	0.405
0.054	0.650	0.054	0.242
0.001	0.296	0.028	0.675
0.512	0.001	0.081	0.406
0.001	0.001	0.079	0.919
0.001	0.001	0.053	0.945
0.107	0.216	0.676	0.001
0.053	0.053	0.001	0.893
0.107	0.053	0.001	0.839
0.027	0.324	0.001	0.648
