>CAAATGAACCAT	8-ATGGTTCATTTG	11.194196	-21.368996	0	T:5.0(5.49%),B:0.4(0.01%),P:1e-9
0.169	0.717	0.005	0.109
0.781	0.054	0.001	0.164
0.781	0.055	0.055	0.109
0.563	0.164	0.164	0.109
0.109	0.109	0.060	0.722
0.164	0.055	0.671	0.110
0.944	0.054	0.001	0.001
0.890	0.001	0.001	0.108
0.109	0.672	0.164	0.055
0.229	0.661	0.055	0.055
0.885	0.001	0.109	0.005
0.110	0.055	0.109	0.726
