>GGGCCATTTATC	5-GGGCCATTTATC	9.070811	-44.886492	0	T:34.0(7.01%),B:20.5(0.89%),P:1e-19
0.103	0.097	0.703	0.097
0.146	0.194	0.563	0.097
0.001	0.048	0.854	0.097
0.005	0.752	0.001	0.242
0.048	0.946	0.001	0.005
0.903	0.048	0.048	0.001
0.001	0.048	0.048	0.903
0.001	0.048	0.001	0.950
0.096	0.001	0.001	0.902
0.854	0.048	0.097	0.001
0.001	0.001	0.096	0.902
0.048	0.800	0.001	0.151
