>GTTGCCTGGCAA	7-GTTGCCTGGCAA	10.608182	-39.329938	0	T:20.0(4.12%),B:6.9(0.30%),P:1e-17
0.003	0.001	0.919	0.077
0.001	0.038	0.077	0.884
0.001	0.038	0.001	0.960
0.041	0.001	0.867	0.091
0.041	0.766	0.001	0.192
0.039	0.801	0.080	0.080
0.234	0.001	0.077	0.688
0.287	0.039	0.635	0.039
0.077	0.039	0.845	0.039
0.077	0.845	0.001	0.077
0.884	0.077	0.038	0.001
0.923	0.038	0.038	0.001
