>TGATTWADACCC	20-TGATTWADACCC	9.924858	-16.172989	0	T:6.0(1.24%),B:0.6(0.03%),P:1e-7
0.106	0.027	0.325	0.542
0.053	0.106	0.761	0.080
0.649	0.297	0.027	0.027
0.353	0.001	0.001	0.645
0.002	0.348	0.080	0.570
0.432	0.053	0.032	0.483
0.727	0.001	0.244	0.028
0.299	0.027	0.405	0.270
0.863	0.027	0.080	0.030
0.053	0.812	0.029	0.106
0.245	0.539	0.054	0.162
0.002	0.702	0.243	0.053
