>ACAGAAGAAGAA	15-ACAGAAGAAGAA,BestGuess:TRA2(RRM)/Drosophila_melanogaster-RNCMPT00078-PBM/HughesRNA(0.716)	10.359093	-21.086037	0	T:9.0(1.86%),B:2.4(0.10%),P:1e-9
0.798	0.067	0.074	0.061
0.142	0.649	0.101	0.108
0.784	0.054	0.061	0.101
0.169	0.094	0.676	0.061
0.764	0.074	0.068	0.094
0.811	0.061	0.054	0.074
0.169	0.115	0.588	0.128
0.838	0.047	0.027	0.088
0.791	0.074	0.074	0.061
0.149	0.075	0.675	0.101
0.797	0.088	0.061	0.054
0.831	0.054	0.061	0.054
