>AGGTAATCAATC	14-AGGTAATCAATC	10.982956	-24.281584	0	T:10.0(2.06%),B:2.2(0.10%),P:1e-10
0.792	0.055	0.051	0.102
0.106	0.051	0.792	0.051
0.004	0.204	0.741	0.051
0.102	0.051	0.055	0.792
0.795	0.203	0.001	0.001
0.897	0.001	0.051	0.051
0.004	0.051	0.051	0.894
0.152	0.846	0.001	0.001
0.897	0.001	0.051	0.051
0.847	0.051	0.051	0.051
0.051	0.004	0.102	0.843
0.105	0.893	0.001	0.001
