>AGGCTATTGATT	18-AGGCTATTGATT,BestGuess:ONECUT1/MA0679.2/Jaspar(0.794)	9.362816	-17.997067	0	T:8.0(1.65%),B:2.4(0.10%),P:1e-7
0.680	0.095	0.088	0.137
0.186	0.093	0.527	0.194
0.133	0.091	0.646	0.130
0.141	0.588	0.115	0.156
0.143	0.110	0.100	0.647
0.708	0.081	0.076	0.135
0.128	0.081	0.073	0.718
0.083	0.092	0.080	0.745
0.172	0.105	0.568	0.155
0.723	0.081	0.076	0.120
0.115	0.070	0.060	0.755
0.115	0.085	0.103	0.697
