>TTCTTCTTCTGT	15-ACAGAAGAAGAA	10.359093	-21.086037	0	T:9.0(1.86%),B:2.4(0.10%),P:1e-9
0.054	0.061	0.054	0.831
0.054	0.061	0.088	0.797
0.101	0.675	0.075	0.149
0.061	0.074	0.074	0.791
0.088	0.027	0.047	0.838
0.128	0.588	0.115	0.169
0.074	0.054	0.061	0.811
0.094	0.068	0.074	0.764
0.061	0.676	0.094	0.169
0.101	0.061	0.054	0.784
0.108	0.101	0.649	0.142
0.061	0.074	0.067	0.798
