>AATCAATAGCCT	18-AGGCTATTGATT	9.362816	-17.997067	0	T:8.0(1.65%),B:2.4(0.10%),P:1e-7
0.697	0.103	0.085	0.115
0.755	0.060	0.070	0.115
0.120	0.076	0.081	0.723
0.155	0.568	0.105	0.172
0.745	0.080	0.092	0.083
0.718	0.073	0.081	0.128
0.135	0.076	0.081	0.708
0.647	0.100	0.110	0.143
0.156	0.115	0.588	0.141
0.130	0.646	0.091	0.133
0.194	0.527	0.093	0.186
0.137	0.088	0.095	0.680
