>TTACCATGGCAA	1-TTACCATGGCAA	7.458493	-63.827346	0	T:120.0(24.74%),B:188.4(8.13%),P:1e-27
0.070	0.157	0.052	0.721
0.244	0.211	0.001	0.544
0.631	0.089	0.052	0.228
0.017	0.965	0.001	0.017
0.034	0.598	0.001	0.367
0.895	0.052	0.001	0.052
0.191	0.035	0.018	0.756
0.140	0.034	0.825	0.001
0.245	0.052	0.634	0.069
0.088	0.720	0.105	0.087
0.719	0.035	0.019	0.227
0.913	0.017	0.018	0.052
