>RRGSAGGGTRTT	17-RRGSAGGGTRTT,BestGuess:TRP2(MYBrelated)/colamp-TRP2-DAP-Seq(GSE60143)/Homer(0.591)	9.317010	-19.699042	0	T:7.0(1.44%),B:1.1(0.05%),P:1e-8
0.454	0.001	0.475	0.071
0.404	0.024	0.502	0.070
0.217	0.072	0.448	0.263
0.165	0.430	0.404	0.001
0.714	0.023	0.047	0.216
0.025	0.380	0.594	0.001
0.071	0.309	0.596	0.024
0.286	0.166	0.547	0.001
0.236	0.047	0.023	0.694
0.453	0.168	0.332	0.048
0.023	0.001	0.001	0.975
0.023	0.047	0.023	0.907
