>TCGGCACTATTC	24-TCGGCACTATTC	8.908505	-12.801894	0	T:5.0(1.03%),B:1.4(0.06%),P:1e-5
0.134	0.047	0.060	0.759
0.107	0.602	0.102	0.189
0.180	0.099	0.597	0.124
0.118	0.112	0.586	0.184
0.142	0.687	0.077	0.094
0.725	0.072	0.104	0.099
0.127	0.608	0.109	0.156
0.104	0.083	0.072	0.741
0.665	0.087	0.072	0.176
0.112	0.072	0.114	0.702
0.082	0.080	0.102	0.736
0.124	0.596	0.109	0.171
