>ACTAATGACCTT	8-ACTAATGACCTT	10.152486	-35.673400	0	T:15.0(3.09%),B:3.3(0.14%),P:1e-15
0.818	0.035	0.077	0.070
0.112	0.559	0.091	0.238
0.147	0.021	0.077	0.755
0.825	0.035	0.091	0.049
0.902	0.021	0.035	0.042
0.077	0.063	0.035	0.825
0.126	0.098	0.671	0.105
0.783	0.098	0.091	0.028
0.091	0.734	0.091	0.084
0.084	0.622	0.133	0.161
0.091	0.063	0.077	0.769
0.091	0.105	0.070	0.734
