>GTACTTAGGC	1-GTACTTAGGC	11.873576	-21.324892	0	T:4.0(30.77%),B:2.8(0.13%),P:1e-9	Tpos:150.8,Tstd:39.1,Bpos:116.6,Bstd:71.1,StrandBias:1.6,Multiplicity:1.00
0.001	0.249	0.749	0.001
0.001	0.001	0.001	0.997
0.997	0.001	0.001	0.001
0.001	0.997	0.001	0.001
0.001	0.001	0.001	0.997
0.001	0.001	0.001	0.997
0.749	0.001	0.249	0.001
0.001	0.001	0.997	0.001
0.001	0.001	0.749	0.249
0.001	0.997	0.001	0.001
>TGCCTATTGT	2-TGCCTATTGT	9.462020	-15.152725	0	T:5.0(38.46%),B:25.7(1.20%),P:1e-6	Tpos:152.7,Tstd:44.9,Bpos:107.9,Bstd:86.7,StrandBias:2.3,Multiplicity:1.20
0.001	0.237	0.001	0.761
0.237	0.001	0.761	0.001
0.237	0.761	0.001	0.001
0.001	0.997	0.001	0.001
0.001	0.001	0.001	0.997
0.952	0.001	0.046	0.001
0.001	0.001	0.001	0.997
0.001	0.237	0.001	0.761
0.238	0.238	0.523	0.001
0.238	0.238	0.001	0.523
>ATCATTTGTG	3-ATCATTTGTG	12.035722	-14.055977	0	T:3.0(23.08%),B:3.9(0.18%),P:1e-6	Tpos:82.3,Tstd:37.0,Bpos:192.5,Bstd:56.2,StrandBias:1.0,Multiplicity:1.00
0.997	0.001	0.001	0.001
0.001	0.001	0.001	0.997
0.001	0.997	0.001	0.001
0.640	0.358	0.001	0.001
0.001	0.001	0.001	0.997
0.358	0.001	0.001	0.640
0.001	0.001	0.001	0.997
0.001	0.001	0.997	0.001
0.001	0.281	0.001	0.717
0.001	0.001	0.997	0.001
>AAGAAAACAA	4-AAGAAAACAA	7.610033	-13.959095	0	T:9.0(69.23%),B:228.9(10.73%),P:1e-6	Tpos:149.9,Tstd:61.2,Bpos:124.5,Bstd:90.4,StrandBias:-1.2,Multiplicity:1.25
0.643	0.178	0.001	0.178
0.642	0.356	0.001	0.001
0.089	0.091	0.731	0.089
0.545	0.089	0.187	0.179
0.643	0.178	0.178	0.001
0.910	0.088	0.001	0.001
0.634	0.276	0.089	0.001
0.001	0.813	0.178	0.008
0.553	0.001	0.357	0.089
0.902	0.096	0.001	0.001
>CGCGCATTGC	5-CGCGCATTGC	12.329821	-10.978234	0	T:2.0(15.38%),B:1.0(0.05%),P:1e-4	Tpos:95.2,Tstd:66.2,Bpos:112.5,Bstd:16.4,StrandBias:1.6,Multiplicity:2.00
0.001	0.997	0.001	0.001
0.001	0.001	0.997	0.001
0.001	0.666	0.332	0.001
0.001	0.001	0.997	0.001
0.001	0.666	0.001	0.332
0.997	0.001	0.001	0.001
0.001	0.001	0.001	0.997
0.001	0.001	0.001	0.997
0.001	0.001	0.997	0.001
0.001	0.997	0.001	0.001
>GTGTTTGATT	6-GTGTTTGATT	10.296193	-5.103615	0	T:1.0(7.69%),B:0.0(0.00%),P:1e-2	Tpos:144.5,Tstd:68.2,Bpos:0.0,Bstd:0.0,StrandBias:10.0,Multiplicity:4.00
0.100	0.100	0.700	0.100
0.100	0.100	0.100	0.700
0.100	0.100	0.700	0.100
0.100	0.100	0.100	0.700
0.100	0.100	0.100	0.700
0.100	0.100	0.100	0.700
0.100	0.100	0.700	0.100
0.700	0.100	0.100	0.100
0.100	0.100	0.100	0.700
0.100	0.100	0.100	0.700
>TTGATGACGA	7-TTGATGACGA	13.073455	-5.103615	0	T:1.0(7.69%),B:0.9(0.04%),P:1e-2	Tpos:104.0,Tstd:49.8,Bpos:129.2,Bstd:47.6,StrandBias:10.0,Multiplicity:3.00
0.001	0.001	0.001	0.997
0.001	0.001	0.001	0.997
0.001	0.001	0.997	0.001
0.682	0.001	0.001	0.316
0.001	0.001	0.001	0.997
0.001	0.001	0.997	0.001
0.997	0.001	0.001	0.001
0.001	0.682	0.001	0.316
0.001	0.001	0.997	0.001
0.997	0.001	0.001	0.001
>CGTACAATCC	8-CGTACAATCC	12.974862	-5.103615	0	T:1.0(7.69%),B:0.0(0.00%),P:1e-2	Tpos:152.0,Tstd:0.0,Bpos:0.0,Bstd:0.0,StrandBias:10.0,Multiplicity:1.00
0.001	0.749	0.001	0.249
0.001	0.001	0.997	0.001
0.001	0.249	0.001	0.749
0.997	0.001	0.001	0.001
0.001	0.997	0.001	0.001
0.997	0.001	0.001	0.001
0.997	0.001	0.001	0.001
0.001	0.249	0.001	0.749
0.001	0.997	0.001	0.001
0.001	0.997	0.001	0.001
