>TGCCTATT	1-TGCCTATT	8.744278	-15.152725	0	T:5.0(38.46%),B:25.9(1.21%),P:1e-6	Tpos:136.6,Tstd:54.1,Bpos:98.7,Bstd:98.5,StrandBias:2.0,Multiplicity:1.00
0.001	0.120	0.116	0.763
0.164	0.001	0.834	0.001
0.001	0.997	0.001	0.001
0.001	0.997	0.001	0.001
0.001	0.001	0.001	0.997
0.878	0.001	0.120	0.001
0.001	0.001	0.001	0.997
0.001	0.116	0.001	0.882
>ACAAAAGA	2-ACAAAAGA	8.959014	-11.088949	0	T:6.0(46.15%),B:102.1(4.78%),P:1e-4	Tpos:113.0,Tstd:67.9,Bpos:126.5,Bstd:92.5,StrandBias:-10.0,Multiplicity:1.00
0.997	0.001	0.001	0.001
0.001	0.997	0.001	0.001
0.997	0.001	0.001	0.001
0.689	0.141	0.169	0.001
0.997	0.001	0.001	0.001
0.857	0.001	0.141	0.001
0.001	0.001	0.997	0.001
0.997	0.001	0.001	0.001
>GCACAACT	3-GCACAACT	8.236954	-9.692151	0	T:3.0(23.08%),B:13.8(0.65%),P:1e-4	Tpos:165.7,Tstd:9.8,Bpos:123.1,Bstd:68.2,StrandBias:10.0,Multiplicity:1.00
0.100	0.100	0.700	0.100
0.100	0.700	0.100	0.100
0.700	0.100	0.100	0.100
0.100	0.700	0.100	0.100
0.700	0.100	0.100	0.100
0.700	0.100	0.100	0.100
0.100	0.700	0.100	0.100
0.100	0.100	0.100	0.700
>CGTCATCA	4-CGTCATCA	3.438482	-7.905280	0	T:8.0(61.54%),B:359.9(16.87%),P:1e-3	Tpos:115.1,Tstd:52.4,Bpos:119.5,Bstd:81.7,StrandBias:-0.5,Multiplicity:1.50
0.001	0.762	0.001	0.236
0.001	0.001	0.997	0.001
0.001	0.001	0.001	0.997
0.129	0.869	0.001	0.001
0.997	0.001	0.001	0.001
0.236	0.001	0.130	0.633
0.001	0.997	0.001	0.001
0.997	0.001	0.001	0.001
>GTTGATTA	5-GTTGATTA	6.613181	-6.110004	0	T:9.0(69.23%),B:592.4(27.76%),P:1e-2	Tpos:120.8,Tstd:73.5,Bpos:123.5,Bstd:87.1,StrandBias:0.9,Multiplicity:1.89
0.001	0.001	0.605	0.393
0.001	0.001	0.001	0.997
0.001	0.001	0.001	0.997
0.001	0.001	0.751	0.247
0.769	0.001	0.001	0.229
0.001	0.001	0.247	0.751
0.001	0.001	0.376	0.622
0.997	0.001	0.001	0.001
