>RAAAAGTGAA	1-RAAAAGTGAA	9.607826	-31.618232	0	T:23.0(8.88%),B:25.2(1.08%),P:1e-13	Tpos:126.4,Tstd:72.8,Bpos:100.9,Bstd:82.1,StrandBias:0.1,Multiplicity:1.00
0.513	0.001	0.485	0.001
0.967	0.031	0.001	0.001
0.923	0.001	0.001	0.075
0.745	0.253	0.001	0.001
0.848	0.001	0.150	0.001
0.001	0.075	0.923	0.001
0.001	0.001	0.218	0.780
0.076	0.194	0.520	0.210
0.923	0.001	0.075	0.001
0.849	0.075	0.075	0.001
>AAGCTAAGTT	2-AAGCTAAGTT	9.600097	-30.548831	0	T:10.0(3.86%),B:2.9(0.12%),P:1e-13	Tpos:141.7,Tstd:74.2,Bpos:185.0,Bstd:62.9,StrandBias:-0.6,Multiplicity:1.00
0.765	0.233	0.001	0.001
0.713	0.057	0.115	0.115
0.137	0.057	0.805	0.001
0.001	0.633	0.057	0.309
0.001	0.114	0.001	0.884
0.884	0.001	0.001	0.114
0.750	0.057	0.001	0.192
0.115	0.057	0.713	0.115
0.057	0.057	0.001	0.885
0.057	0.001	0.137	0.805
>CATAGAGGAT	3-CATAGAGGAT	9.635991	-28.414324	0	T:8.0(3.09%),B:1.3(0.06%),P:1e-12	Tpos:119.9,Tstd:57.7,Bpos:218.1,Bstd:6.9,StrandBias:2.2,Multiplicity:1.38
0.001	0.626	0.136	0.237
0.880	0.001	0.118	0.001
0.118	0.001	0.001	0.880
0.762	0.236	0.001	0.001
0.001	0.118	0.880	0.001
0.997	0.001	0.001	0.001
0.001	0.001	0.997	0.001
0.118	0.001	0.880	0.001
0.997	0.001	0.001	0.001
0.136	0.118	0.001	0.745
>GACGCCATCG	4-GACGCCATCG	8.352426	-24.209569	0	T:26.0(10.04%),B:47.5(2.03%),P:1e-10	Tpos:132.8,Tstd:58.0,Bpos:117.0,Bstd:65.7,StrandBias:0.8,Multiplicity:1.27
0.035	0.001	0.963	0.001
0.855	0.001	0.143	0.001
0.001	0.816	0.111	0.072
0.001	0.001	0.997	0.001
0.119	0.729	0.039	0.113
0.001	0.726	0.272	0.001
0.824	0.174	0.001	0.001
0.072	0.036	0.254	0.638
0.001	0.593	0.001	0.405
0.143	0.001	0.855	0.001
>ACTCGGCACA	5-ACTCGGCACA	11.014793	-24.105702	0	T:7.0(2.70%),B:0.7(0.03%),P:1e-10	Tpos:130.8,Tstd:53.9,Bpos:158.0,Bstd:0.0,StrandBias:1.6,Multiplicity:1.71
0.897	0.001	0.001	0.101
0.101	0.897	0.001	0.001
0.001	0.001	0.001	0.997
0.001	0.897	0.001	0.101
0.001	0.001	0.997	0.001
0.001	0.001	0.997	0.001
0.001	0.897	0.001	0.101
0.897	0.101	0.001	0.001
0.001	0.997	0.001	0.001
0.897	0.001	0.101	0.001
>TATACAGGTA	6-TATACAGGTA	7.086582	-23.014986	0	T:58.0(22.39%),B:212.8(9.10%),P:1e-9	Tpos:115.7,Tstd:67.5,Bpos:128.2,Bstd:77.3,StrandBias:-0.1,Multiplicity:1.32
0.196	0.001	0.048	0.755
0.929	0.047	0.023	0.001
0.061	0.176	0.001	0.762
0.975	0.023	0.001	0.001
0.211	0.669	0.071	0.049
0.751	0.024	0.024	0.201
0.001	0.001	0.997	0.001
0.152	0.024	0.525	0.299
0.049	0.072	0.153	0.726
0.535	0.001	0.321	0.143
>TGGGAGTCCT	7-TGGGAGTCCT	10.163292	-22.742000	0	T:14.0(5.41%),B:12.1(0.52%),P:1e-9	Tpos:86.1,Tstd:50.4,Bpos:114.7,Bstd:57.2,StrandBias:0.9,Multiplicity:1.21
0.001	0.001	0.070	0.928
0.001	0.001	0.997	0.001
0.001	0.001	0.997	0.001
0.001	0.001	0.997	0.001
0.835	0.001	0.163	0.001
0.164	0.071	0.560	0.205
0.071	0.040	0.001	0.888
0.001	0.997	0.001	0.001
0.070	0.928	0.001	0.001
0.001	0.001	0.070	0.928
>CATGGAAACG	8-CATGGAAACG	10.413510	-22.168390	0	T:15.0(5.79%),B:15.0(0.64%),P:1e-9	Tpos:132.6,Tstd:54.2,Bpos:115.5,Bstd:84.1,StrandBias:-0.5,Multiplicity:1.13
0.080	0.918	0.001	0.001
0.997	0.001	0.001	0.001
0.001	0.001	0.080	0.918
0.080	0.001	0.918	0.001
0.001	0.001	0.918	0.080
0.997	0.001	0.001	0.001
0.918	0.080	0.001	0.001
0.918	0.001	0.001	0.080
0.081	0.837	0.001	0.081
0.001	0.081	0.732	0.186
>AATGTGTTGT	9-AATGTGTTGT	10.510551	-21.199351	0	T:11.0(4.25%),B:7.2(0.31%),P:1e-9	Tpos:104.5,Tstd:56.1,Bpos:127.5,Bstd:62.6,StrandBias:1.6,Multiplicity:1.09
0.774	0.224	0.001	0.001
0.997	0.001	0.001	0.001
0.001	0.001	0.001	0.997
0.001	0.001	0.997	0.001
0.001	0.224	0.001	0.774
0.001	0.001	0.899	0.099
0.001	0.001	0.001	0.997
0.001	0.224	0.001	0.774
0.001	0.224	0.774	0.001
0.001	0.001	0.001	0.997
>TAAWCACGTG	10-TAAWCACGTG	9.286441	-18.058712	0	T:20.0(7.72%),B:38.1(1.63%),P:1e-7	Tpos:131.7,Tstd:51.1,Bpos:130.9,Bstd:65.2,StrandBias:0.5,Multiplicity:1.35
0.001	0.205	0.102	0.692
0.651	0.214	0.134	0.001
0.763	0.235	0.001	0.001
0.547	0.001	0.001	0.451
0.001	0.997	0.001	0.001
0.997	0.001	0.001	0.001
0.001	0.997	0.001	0.001
0.001	0.001	0.997	0.001
0.001	0.001	0.001	0.997
0.001	0.205	0.692	0.102
>GACCACCCGT	11-GACCACCCGT	10.164095	-18.003038	0	T:12.0(4.63%),B:12.4(0.53%),P:1e-7	Tpos:131.9,Tstd:67.5,Bpos:109.2,Bstd:65.2,StrandBias:0.5,Multiplicity:1.00
0.090	0.090	0.819	0.001
0.997	0.001	0.001	0.001
0.001	0.997	0.001	0.001
0.090	0.908	0.001	0.001
0.997	0.001	0.001	0.001
0.001	0.908	0.001	0.090
0.064	0.934	0.001	0.001
0.090	0.701	0.001	0.208
0.001	0.090	0.908	0.001
0.001	0.090	0.001	0.908
>TTAAATTACC	12-TTAAATTACC	7.456016	-17.198495	0	T:9.0(3.47%),B:6.8(0.29%),P:1e-7	Tpos:123.6,Tstd:61.1,Bpos:141.3,Bstd:73.4,StrandBias:-1.4,Multiplicity:1.22
0.001	0.001	0.001	0.997
0.001	0.001	0.001	0.997
0.997	0.001	0.001	0.001
0.879	0.001	0.119	0.001
0.997	0.001	0.001	0.001
0.001	0.001	0.001	0.997
0.001	0.119	0.001	0.879
0.997	0.001	0.001	0.001
0.001	0.879	0.001	0.119
0.001	0.997	0.001	0.001
>ATATAATTGC	13-ATATAATTGC	8.110457	-16.901140	0	T:18.0(6.95%),B:33.8(1.45%),P:1e-7	Tpos:168.8,Tstd:66.5,Bpos:103.0,Bstd:65.4,StrandBias:-0.8,Multiplicity:1.06
0.646	0.029	0.070	0.255
0.281	0.016	0.030	0.673
0.530	0.052	0.150	0.268
0.038	0.232	0.016	0.714
0.699	0.022	0.054	0.225
0.724	0.076	0.024	0.176
0.058	0.172	0.136	0.634
0.222	0.024	0.024	0.730
0.038	0.081	0.669	0.212
0.082	0.617	0.221	0.080
>TCGGAACTCG	14-TCGGAACTCG	10.711248	-16.603526	0	T:7.0(2.70%),B:3.4(0.15%),P:1e-7	Tpos:122.7,Tstd:69.7,Bpos:100.9,Bstd:43.6,StrandBias:3.0,Multiplicity:1.29
0.001	0.001	0.001	0.997
0.001	0.815	0.001	0.183
0.183	0.001	0.815	0.001
0.001	0.183	0.815	0.001
0.808	0.008	0.183	0.001
0.587	0.001	0.229	0.183
0.247	0.751	0.001	0.001
0.001	0.001	0.001	0.997
0.001	0.997	0.001	0.001
0.001	0.001	0.997	0.001
>TCCTTATAAT	15-TCCTTATAAT	10.985680	-16.603526	0	T:7.0(2.70%),B:3.8(0.16%),P:1e-7	Tpos:144.4,Tstd:73.9,Bpos:126.2,Bstd:45.9,StrandBias:2.5,Multiplicity:1.86
0.001	0.001	0.001	0.997
0.001	0.997	0.001	0.001
0.082	0.916	0.001	0.001
0.001	0.001	0.001	0.997
0.001	0.001	0.001	0.997
0.997	0.001	0.001	0.001
0.001	0.001	0.001	0.997
0.916	0.001	0.082	0.001
0.833	0.001	0.083	0.083
0.001	0.082	0.001	0.916
>CCCCTAYTAA	16-CCCCTAYTAA	10.497297	-15.919974	0	T:5.0(1.93%),B:1.5(0.06%),P:1e-6	Tpos:154.1,Tstd:52.4,Bpos:128.2,Bstd:36.8,StrandBias:1.8,Multiplicity:1.80
0.001	0.997	0.001	0.001
0.238	0.760	0.001	0.001
0.001	0.997	0.001	0.001
0.224	0.774	0.001	0.001
0.001	0.238	0.001	0.760
0.774	0.224	0.001	0.001
0.001	0.449	0.001	0.549
0.001	0.001	0.001	0.997
0.549	0.225	0.001	0.225
0.997	0.001	0.001	0.001
>CCAGCTCTAT	17-CCAGCTCTAT	10.885880	-15.919405	0	T:8.0(3.09%),B:5.1(0.22%),P:1e-6	Tpos:141.9,Tstd:57.1,Bpos:144.6,Bstd:50.9,StrandBias:-1.4,Multiplicity:1.38
0.001	0.878	0.120	0.001
0.120	0.878	0.001	0.001
0.723	0.001	0.001	0.275
0.001	0.001	0.878	0.120
0.001	0.878	0.001	0.120
0.001	0.001	0.001	0.997
0.001	0.997	0.001	0.001
0.001	0.001	0.001	0.997
0.878	0.120	0.001	0.001
0.001	0.001	0.001	0.997
>TSGGTTTGGT	18-TSGGTTTGGT	9.642037	-15.226545	0	T:10.0(3.86%),B:10.3(0.44%),P:1e-6	Tpos:143.5,Tstd:69.2,Bpos:147.6,Bstd:66.4,StrandBias:1.3,Multiplicity:1.40
0.001	0.001	0.118	0.880
0.001	0.503	0.495	0.001
0.001	0.118	0.763	0.118
0.118	0.118	0.763	0.001
0.001	0.001	0.133	0.865
0.118	0.001	0.001	0.880
0.001	0.001	0.001	0.997
0.118	0.001	0.880	0.001
0.001	0.119	0.627	0.253
0.001	0.001	0.118	0.880
>TGGGTAATTG	19-TGGGTAATTG	10.418916	-13.527287	0	T:6.0(2.32%),B:3.6(0.15%),P:1e-5	Tpos:125.1,Tstd:66.7,Bpos:84.5,Bstd:101.3,StrandBias:0.6,Multiplicity:1.67
0.001	0.183	0.001	0.815
0.183	0.001	0.815	0.001
0.001	0.001	0.584	0.414
0.001	0.033	0.933	0.033
0.183	0.001	0.001	0.815
0.997	0.001	0.001	0.001
0.997	0.001	0.001	0.001
0.001	0.033	0.369	0.597
0.001	0.001	0.001	0.997
0.183	0.183	0.633	0.001
>MGGGCGCGAG	20-MGGGCGCGAG	10.738931	-13.215404	0	T:7.0(2.70%),B:5.4(0.23%),P:1e-5	Tpos:144.2,Tstd:62.8,Bpos:156.4,Bstd:59.7,StrandBias:-0.6,Multiplicity:1.43
0.428	0.570	0.001	0.001
0.001	0.001	0.997	0.001
0.113	0.001	0.885	0.001
0.001	0.001	0.997	0.001
0.001	0.997	0.001	0.001
0.001	0.113	0.885	0.001
0.001	0.997	0.001	0.001
0.001	0.001	0.997	0.001
0.885	0.001	0.001	0.113
0.113	0.001	0.885	0.001
>CAGTGATTGG	21-CAGTGATTGG	8.360404	-12.544426	0	T:5.0(1.93%),B:2.0(0.09%),P:1e-5	Tpos:97.1,Tstd:47.4,Bpos:114.8,Bstd:16.8,StrandBias:-3.7,Multiplicity:2.80
0.409	0.589	0.001	0.001
0.997	0.001	0.001	0.001
0.001	0.001	0.997	0.001
0.001	0.001	0.001	0.997
0.001	0.001	0.997	0.001
0.997	0.001	0.001	0.001
0.001	0.012	0.012	0.975
0.001	0.001	0.001	0.997
0.409	0.001	0.589	0.001
0.001	0.001	0.997	0.001
>TCGGAGATCG	22-TCGGAGATCG	9.238990	-12.544426	0	T:5.0(1.93%),B:2.8(0.12%),P:1e-5	Tpos:94.5,Tstd:42.1,Bpos:152.9,Bstd:13.2,StrandBias:3.3,Multiplicity:2.20
0.001	0.001	0.001	0.997
0.001	0.997	0.001	0.001
0.106	0.001	0.787	0.106
0.106	0.001	0.892	0.001
0.997	0.001	0.001	0.001
0.001	0.001	0.997	0.001
0.997	0.001	0.001	0.001
0.001	0.001	0.106	0.892
0.001	0.997	0.001	0.001
0.001	0.001	0.997	0.001
>CATTAGTATT	23-CATTAGTATT	11.978003	-12.544426	0	T:5.0(1.93%),B:2.4(0.10%),P:1e-5	Tpos:120.3,Tstd:55.4,Bpos:111.6,Bstd:73.0,StrandBias:2.3,Multiplicity:1.20
0.001	0.997	0.001	0.001
0.997	0.001	0.001	0.001
0.001	0.001	0.001	0.997
0.001	0.001	0.001	0.997
0.997	0.001	0.001	0.001
0.001	0.001	0.997	0.001
0.001	0.001	0.001	0.997
0.997	0.001	0.001	0.001
0.001	0.001	0.001	0.997
0.156	0.001	0.001	0.842
>AAGGGAGTTT	24-AAGGGAGTTT	11.344398	-6.489209	0	T:3.0(1.16%),B:2.6(0.11%),P:1e-2	Tpos:130.3,Tstd:74.0,Bpos:147.6,Bstd:74.4,StrandBias:-1.8,Multiplicity:3.00
0.997	0.001	0.001	0.001
0.997	0.001	0.001	0.001
0.091	0.001	0.907	0.001
0.001	0.001	0.997	0.001
0.001	0.001	0.997	0.001
0.997	0.001	0.001	0.001
0.001	0.001	0.997	0.001
0.091	0.001	0.001	0.907
0.001	0.001	0.001	0.997
0.001	0.001	0.001	0.997
>ATTTTACACT	25-ATTTTACACT	10.296193	-1.615810	0	T:1.0(0.39%),B:2.4(0.10%),P:1e0	Tpos:202.5,Tstd:25.6,Bpos:131.0,Bstd:60.2,StrandBias:10.0,Multiplicity:6.00
0.700	0.100	0.100	0.100
0.100	0.100	0.100	0.700
0.100	0.100	0.100	0.700
0.100	0.100	0.100	0.700
0.100	0.100	0.100	0.700
0.700	0.100	0.100	0.100
0.100	0.700	0.100	0.100
0.700	0.100	0.100	0.100
0.100	0.700	0.100	0.100
0.100	0.100	0.100	0.700
>WATCGACTTCRT	1-WATCGACTTCRT	9.370653	-37.940636	0	T:18.0(6.95%),B:9.7(0.42%),P:1e-16	Tpos:156.6,Tstd:67.6,Bpos:145.8,Bstd:73.0,StrandBias:0.7,Multiplicity:1.00
0.445	0.134	0.001	0.420
0.553	0.177	0.269	0.001
0.001	0.002	0.150	0.847
0.001	0.865	0.133	0.001
0.419	0.001	0.579	0.001
0.997	0.001	0.001	0.001
0.001	0.865	0.133	0.001
0.001	0.275	0.001	0.723
0.001	0.001	0.001	0.997
0.001	0.720	0.001	0.278
0.312	0.134	0.418	0.135
0.001	0.182	0.001	0.816
>AAATATTTTTGT	2-AAATATTTTTGT	13.418741	-30.407933	0	T:12.0(4.63%),B:4.2(0.18%),P:1e-13	Tpos:100.4,Tstd:85.0,Bpos:95.6,Bstd:59.6,StrandBias:0.5,Multiplicity:1.00
0.799	0.100	0.100	0.001
0.799	0.100	0.001	0.100
0.997	0.001	0.001	0.001
0.001	0.001	0.001	0.997
0.997	0.001	0.001	0.001
0.001	0.001	0.001	0.997
0.001	0.099	0.001	0.899
0.001	0.001	0.099	0.899
0.001	0.001	0.001	0.997
0.100	0.001	0.100	0.799
0.001	0.001	0.997	0.001
0.001	0.001	0.099	0.899
>TGGGAGTCCTGW	3-TGGGAGTCCTGW	11.331498	-30.131463	0	T:11.0(4.25%),B:4.0(0.17%),P:1e-13	Tpos:100.4,Tstd:49.3,Bpos:119.7,Bstd:37.5,StrandBias:0.4,Multiplicity:1.27
0.001	0.001	0.133	0.865
0.001	0.001	0.997	0.001
0.001	0.001	0.997	0.001
0.001	0.001	0.997	0.001
0.722	0.001	0.276	0.001
0.288	0.001	0.688	0.023
0.001	0.001	0.001	0.997
0.001	0.730	0.001	0.268
0.268	0.730	0.001	0.001
0.001	0.001	0.133	0.865
0.402	0.001	0.596	0.001
0.411	0.001	0.134	0.454
>TATCAATYAATA	4-TATCAATYAATA	12.700643	-28.414324	0	T:8.0(3.09%),B:1.4(0.06%),P:1e-12	Tpos:97.1,Tstd:45.0,Bpos:166.0,Bstd:0.0,StrandBias:-1.6,Multiplicity:1.00
0.134	0.001	0.134	0.731
0.865	0.001	0.133	0.001
0.001	0.001	0.268	0.730
0.001	0.997	0.001	0.001
0.997	0.001	0.001	0.001
0.997	0.001	0.001	0.001
0.133	0.001	0.001	0.865
0.134	0.432	0.001	0.432
0.997	0.001	0.001	0.001
0.865	0.001	0.001	0.133
0.001	0.133	0.001	0.865
0.997	0.001	0.001	0.001
>TACGACCACCTG	5-TACGACCACCTG	11.600845	-28.414324	0	T:8.0(3.09%),B:1.8(0.08%),P:1e-12	Tpos:107.3,Tstd:39.0,Bpos:179.2,Bstd:9.8,StrandBias:0.3,Multiplicity:1.12
0.001	0.007	0.001	0.991
0.879	0.007	0.113	0.001
0.212	0.575	0.001	0.212
0.114	0.106	0.674	0.106
0.780	0.001	0.113	0.106
0.212	0.681	0.106	0.001
0.001	0.893	0.105	0.001
0.997	0.001	0.001	0.001
0.001	0.997	0.001	0.001
0.105	0.893	0.001	0.001
0.317	0.001	0.001	0.681
0.001	0.001	0.997	0.001
>AGCGATGWCATC	6-AGCGATGWCATC	10.943701	-28.414324	0	T:8.0(3.09%),B:1.4(0.06%),P:1e-12	Tpos:150.2,Tstd:39.4,Bpos:145.0,Bstd:82.8,StrandBias:-0.3,Multiplicity:1.00
0.997	0.001	0.001	0.001
0.001	0.183	0.551	0.265
0.183	0.562	0.001	0.254
0.006	0.001	0.992	0.001
0.815	0.183	0.001	0.001
0.001	0.001	0.001	0.997
0.032	0.001	0.966	0.001
0.438	0.001	0.194	0.367
0.001	0.996	0.002	0.001
0.559	0.190	0.067	0.184
0.001	0.001	0.002	0.996
0.001	0.782	0.001	0.216
>AYTCCCTTTTCC	7-AYTCCCTTTTCC	12.042239	-24.105702	0	T:7.0(2.70%),B:1.2(0.05%),P:1e-10	Tpos:98.2,Tstd:63.8,Bpos:236.0,Bstd:0.0,StrandBias:0.0,Multiplicity:1.14
0.815	0.183	0.001	0.001
0.184	0.254	0.184	0.378
0.001	0.001	0.001	0.997
0.183	0.815	0.001	0.001
0.001	0.997	0.001	0.001
0.001	0.631	0.001	0.367
0.001	0.001	0.001	0.997
0.001	0.001	0.001	0.997
0.001	0.058	0.001	0.940
0.001	0.001	0.001	0.997
0.001	0.997	0.001	0.001
0.183	0.633	0.001	0.183
>ATCACTGTGAAG	8-ATCACTGTGAAG	11.377262	-24.105702	0	T:7.0(2.70%),B:1.3(0.05%),P:1e-10	Tpos:103.6,Tstd:74.2,Bpos:94.0,Bstd:0.0,StrandBias:0.8,Multiplicity:1.57
0.912	0.001	0.086	0.001
0.087	0.001	0.174	0.738
0.001	0.825	0.087	0.087
0.997	0.001	0.001	0.001
0.087	0.738	0.001	0.174
0.001	0.001	0.001	0.997
0.087	0.001	0.825	0.087
0.001	0.095	0.001	0.903
0.175	0.262	0.554	0.009
0.825	0.087	0.087	0.001
0.825	0.087	0.001	0.087
0.001	0.001	0.912	0.086
>CTCTTAGAACAG	9-CTCTTAGAACAG	9.326716	-24.105702	0	T:7.0(2.70%),B:1.5(0.06%),P:1e-10	Tpos:101.0,Tstd:69.3,Bpos:135.7,Bstd:54.3,StrandBias:0.6,Multiplicity:1.43
0.001	0.997	0.001	0.001
0.001	0.001	0.001	0.997
0.196	0.802	0.001	0.001
0.001	0.001	0.001	0.997
0.001	0.001	0.001	0.997
0.997	0.001	0.001	0.001
0.197	0.001	0.784	0.018
0.997	0.001	0.001	0.001
0.997	0.001	0.001	0.001
0.232	0.606	0.161	0.001
0.838	0.001	0.001	0.160
0.001	0.001	0.997	0.001
>ACTCGCGCHCTG	10-ACTCGCGCHCTG	10.511572	-24.105702	0	T:7.0(2.70%),B:1.2(0.05%),P:1e-10	Tpos:121.0,Tstd:55.2,Bpos:136.0,Bstd:0.8,StrandBias:1.2,Multiplicity:1.43
0.997	0.001	0.001	0.001
0.001	0.534	0.155	0.310
0.001	0.001	0.157	0.841
0.155	0.669	0.001	0.175
0.001	0.001	0.844	0.154
0.310	0.688	0.001	0.001
0.001	0.001	0.979	0.019
0.155	0.689	0.001	0.155
0.330	0.356	0.001	0.313
0.001	0.844	0.001	0.154
0.001	0.001	0.001	0.997
0.329	0.001	0.669	0.001
>TTCCATATTATC	11-TTCCATATTATC	10.612595	-23.984645	0	T:12.0(4.63%),B:7.1(0.30%),P:1e-10	Tpos:99.5,Tstd:69.6,Bpos:118.6,Bstd:75.4,StrandBias:0.7,Multiplicity:1.18
0.001	0.001	0.001	0.997
0.001	0.001	0.001	0.997
0.106	0.777	0.001	0.116
0.010	0.988	0.001	0.001
0.777	0.001	0.106	0.116
0.001	0.105	0.001	0.893
0.566	0.106	0.106	0.222
0.001	0.105	0.001	0.893
0.212	0.106	0.116	0.566
0.893	0.001	0.105	0.001
0.213	0.001	0.001	0.785
0.001	0.893	0.105	0.001
>CATMGAGGATKA	12-CATMGAGGATKA	9.162446	-22.479589	0	T:12.0(4.63%),B:8.7(0.37%),P:1e-9	Tpos:142.9,Tstd:63.2,Bpos:100.4,Bstd:43.3,StrandBias:2.9,Multiplicity:1.42
0.001	0.667	0.268	0.064
0.667	0.001	0.069	0.263
0.078	0.130	0.001	0.791
0.473	0.389	0.130	0.009
0.064	0.084	0.851	0.001
0.736	0.198	0.001	0.065
0.194	0.001	0.740	0.065
0.194	0.064	0.741	0.001
0.991	0.001	0.004	0.004
0.286	0.001	0.001	0.712
0.064	0.001	0.402	0.533
0.528	0.001	0.203	0.268
>WCTCGGCACAAA	13-WCTCGGCACAAA	10.110275	-19.934126	0	T:6.0(2.32%),B:1.8(0.08%),P:1e-8	Tpos:140.0,Tstd:64.4,Bpos:98.9,Bstd:67.5,StrandBias:2.0,Multiplicity:1.67
0.516	0.001	0.074	0.409
0.005	0.993	0.001	0.001
0.001	0.001	0.001	0.997
0.074	0.914	0.006	0.006
0.001	0.001	0.997	0.001
0.001	0.001	0.997	0.001
0.001	0.989	0.001	0.009
0.997	0.001	0.001	0.001
0.001	0.920	0.001	0.078
0.920	0.005	0.074	0.001
0.580	0.409	0.001	0.010
0.994	0.001	0.004	0.001
>AATTGTTATCGG	14-AATTGTTATCGG	11.251108	-19.934126	0	T:6.0(2.32%),B:1.3(0.06%),P:1e-8	Tpos:116.5,Tstd:69.3,Bpos:220.2,Bstd:11.9,StrandBias:1.4,Multiplicity:1.83
0.844	0.001	0.001	0.154
0.844	0.001	0.154	0.001
0.010	0.001	0.001	0.988
0.001	0.011	0.155	0.833
0.001	0.001	0.844	0.154
0.001	0.001	0.001	0.997
0.179	0.001	0.001	0.819
0.997	0.001	0.001	0.001
0.155	0.001	0.155	0.689
0.001	0.688	0.001	0.310
0.155	0.001	0.689	0.155
0.001	0.165	0.833	0.001
>CAACTAAACTTA	15-CAACTAAACTTA	8.955843	-19.347782	0	T:7.0(2.70%),B:2.1(0.09%),P:1e-8	Tpos:97.8,Tstd:68.6,Bpos:199.3,Bstd:26.7,StrandBias:0.0,Multiplicity:1.43
0.001	0.997	0.001	0.001
0.997	0.001	0.001	0.001
0.997	0.001	0.001	0.001
0.001	0.997	0.001	0.001
0.125	0.055	0.001	0.819
0.747	0.001	0.251	0.001
0.997	0.001	0.001	0.001
0.997	0.001	0.001	0.001
0.001	0.873	0.125	0.001
0.001	0.043	0.001	0.955
0.001	0.306	0.001	0.692
0.997	0.001	0.001	0.001
>TAATTTGGCGGT	16-TAATTTGGCGGT	11.424357	-19.347782	0	T:7.0(2.70%),B:2.4(0.10%),P:1e-8	Tpos:81.7,Tstd:54.0,Bpos:149.7,Bstd:81.3,StrandBias:1.4,Multiplicity:1.57
0.183	0.001	0.001	0.815
0.800	0.001	0.001	0.198
0.997	0.001	0.001	0.001
0.001	0.001	0.001	0.997
0.001	0.001	0.001	0.997
0.001	0.183	0.001	0.815
0.001	0.001	0.997	0.001
0.183	0.001	0.815	0.001
0.001	0.815	0.001	0.183
0.001	0.183	0.617	0.199
0.001	0.183	0.617	0.199
0.001	0.183	0.001	0.815
>CACGTGAYHATS	17-CACGTGAYHATS	9.109245	-18.003038	0	T:12.0(4.63%),B:12.9(0.55%),P:1e-7	Tpos:153.3,Tstd:46.0,Bpos:132.3,Bstd:48.1,StrandBias:0.3,Multiplicity:1.42
0.297	0.499	0.029	0.175
0.880	0.001	0.118	0.001
0.088	0.882	0.001	0.029
0.058	0.029	0.675	0.238
0.001	0.001	0.001	0.997
0.001	0.293	0.530	0.176
0.882	0.030	0.029	0.059
0.176	0.323	0.029	0.472
0.323	0.322	0.146	0.209
0.646	0.059	0.090	0.205
0.264	0.207	0.058	0.472
0.147	0.268	0.381	0.204
>TCGGAGATCGTC	18-TCGGAGATCGTC	12.454218	-15.919974	0	T:5.0(1.93%),B:1.5(0.06%),P:1e-6	Tpos:84.1,Tstd:37.4,Bpos:147.0,Bstd:0.0,StrandBias:2.6,Multiplicity:1.40
0.001	0.001	0.001	0.997
0.001	0.997	0.001	0.001
0.305	0.001	0.679	0.015
0.014	0.001	0.984	0.001
0.708	0.001	0.290	0.001
0.033	0.001	0.965	0.001
0.708	0.001	0.290	0.001
0.001	0.001	0.290	0.708
0.001	0.997	0.001	0.001
0.001	0.001	0.997	0.001
0.015	0.001	0.404	0.580
0.001	0.997	0.001	0.001
>CTTCGGTATTCG	19-CTTCGGTATTCG	8.818802	-15.919974	0	T:5.0(1.93%),B:1.9(0.08%),P:1e-6	Tpos:86.9,Tstd:81.1,Bpos:13.0,Bstd:0.0,StrandBias:1.6,Multiplicity:1.60
0.001	0.997	0.001	0.001
0.001	0.001	0.001	0.997
0.001	0.001	0.001	0.997
0.001	0.997	0.001	0.001
0.001	0.001	0.997	0.001
0.001	0.071	0.927	0.001
0.306	0.001	0.001	0.692
0.927	0.001	0.071	0.001
0.306	0.001	0.001	0.692
0.001	0.001	0.001	0.997
0.001	0.997	0.001	0.001
0.001	0.001	0.997	0.001
>CTAAACTGTTTT	20-CTAAACTGTTTT	10.409522	-15.867736	0	T:6.0(2.32%),B:2.7(0.12%),P:1e-6	Tpos:127.9,Tstd:89.4,Bpos:42.9,Bstd:14.1,StrandBias:0.4,Multiplicity:1.17
0.100	0.700	0.100	0.100
0.100	0.100	0.100	0.700
0.700	0.100	0.100	0.100
0.700	0.100	0.100	0.100
0.700	0.100	0.100	0.100
0.100	0.700	0.100	0.100
0.100	0.100	0.100	0.700
0.100	0.100	0.700	0.100
0.100	0.100	0.100	0.700
0.100	0.100	0.100	0.700
0.100	0.100	0.100	0.700
0.100	0.100	0.100	0.700
>CACTATGACGAC	21-CACTATGACGAC	9.666251	-15.647536	0	T:13.0(5.02%),B:18.2(0.78%),P:1e-6	Tpos:96.0,Tstd:55.4,Bpos:109.0,Bstd:76.5,StrandBias:0.7,Multiplicity:1.23
0.170	0.719	0.085	0.026
0.997	0.001	0.001	0.001
0.170	0.550	0.085	0.195
0.170	0.085	0.001	0.744
0.829	0.085	0.001	0.085
0.001	0.001	0.001	0.997
0.001	0.169	0.829	0.001
0.997	0.001	0.001	0.001
0.001	0.997	0.001	0.001
0.169	0.001	0.829	0.001
0.829	0.085	0.001	0.085
0.084	0.914	0.001	0.001
>ATATATTTGCAG	22-ATATATTTGCAG	10.409522	-13.527287	0	T:6.0(2.32%),B:3.0(0.13%),P:1e-5	Tpos:203.3,Tstd:39.2,Bpos:103.5,Bstd:62.8,StrandBias:1.0,Multiplicity:1.00
0.700	0.100	0.100	0.100
0.100	0.100	0.100	0.700
0.700	0.100	0.100	0.100
0.100	0.100	0.100	0.700
0.700	0.100	0.100	0.100
0.100	0.100	0.100	0.700
0.100	0.100	0.100	0.700
0.100	0.100	0.100	0.700
0.100	0.100	0.700	0.100
0.100	0.700	0.100	0.100
0.700	0.100	0.100	0.100
0.100	0.100	0.700	0.100
>TAATGGTCCAHC	23-TAATGGTCCAHC	12.173816	-12.544426	0	T:5.0(1.93%),B:2.8(0.12%),P:1e-5	Tpos:137.6,Tstd:61.8,Bpos:161.8,Bstd:59.7,StrandBias:0.4,Multiplicity:1.40
0.001	0.001	0.290	0.708
0.997	0.001	0.001	0.001
0.708	0.290	0.001	0.001
0.001	0.019	0.001	0.979
0.001	0.001	0.997	0.001
0.001	0.001	0.997	0.001
0.001	0.020	0.290	0.689
0.019	0.979	0.001	0.001
0.001	0.997	0.001	0.001
0.689	0.001	0.290	0.020
0.290	0.419	0.001	0.290
0.001	0.997	0.001	0.001
>ATTTTACNCTCC	24-ATTTTACNCTCC	11.646965	-12.544426	0	T:5.0(1.93%),B:2.7(0.11%),P:1e-5	Tpos:168.2,Tstd:75.4,Bpos:115.9,Bstd:71.5,StrandBias:1.0,Multiplicity:1.80
0.774	0.001	0.224	0.001
0.001	0.001	0.001	0.997
0.001	0.001	0.001	0.997
0.001	0.001	0.001	0.997
0.001	0.001	0.001	0.997
0.549	0.225	0.001	0.225
0.001	0.997	0.001	0.001
0.325	0.225	0.225	0.225
0.001	0.774	0.224	0.001
0.001	0.001	0.001	0.997
0.225	0.759	0.001	0.015
0.001	0.997	0.001	0.001
>CTGGGTTAACAC	25-CTGGGTTAACAC	9.993812	-12.091000	0	T:4.0(1.54%),B:1.2(0.05%),P:1e-5	Tpos:120.9,Tstd:63.7,Bpos:95.0,Bstd:43.2,StrandBias:3.2,Multiplicity:2.25
0.034	0.964	0.001	0.001
0.034	0.001	0.001	0.964
0.001	0.034	0.964	0.001
0.001	0.001	0.727	0.271
0.001	0.001	0.997	0.001
0.001	0.001	0.001	0.997
0.001	0.001	0.001	0.997
0.727	0.262	0.001	0.010
0.994	0.001	0.001	0.004
0.001	0.812	0.186	0.001
0.697	0.301	0.001	0.001
0.001	0.964	0.001	0.034
>GGCCCA	1-GGCCCA	6.541198	-8.594903	0	T:60.0(23.17%),B:343.7(14.69%),P:1e-3	Tpos:118.3,Tstd:68.0,Bpos:128.5,Bstd:75.2,StrandBias:-0.3,Multiplicity:1.17
0.001	0.256	0.742	0.001
0.001	0.001	0.997	0.001
0.304	0.669	0.001	0.026
0.001	0.997	0.001	0.001
0.001	0.997	0.001	0.001
0.997	0.001	0.001	0.001
>CTCTAT	2-CTCTAT	5.518589	-8.373559	0	T:109.0(42.08%),B:738.4(31.56%),P:1e-3	Tpos:118.5,Tstd:67.9,Bpos:122.8,Bstd:76.6,StrandBias:0.0,Multiplicity:1.38
0.001	0.997	0.001	0.001
0.001	0.001	0.001	0.997
0.001	0.737	0.261	0.001
0.001	0.001	0.236	0.762
0.997	0.001	0.001	0.001
0.001	0.001	0.001	0.997
>ATCGTA	3-ATCGTA	6.177716	-6.207914	0	T:33.0(12.74%),B:175.3(7.50%),P:1e-2	Tpos:119.2,Tstd:72.9,Bpos:132.6,Bstd:70.6,StrandBias:0.3,Multiplicity:1.15
0.700	0.100	0.100	0.100
0.100	0.100	0.100	0.700
0.100	0.700	0.100	0.100
0.100	0.100	0.700	0.100
0.100	0.100	0.100	0.700
0.700	0.100	0.100	0.100
>CATGCA	4-CATGCA	5.403505	-4.452174	0	T:112.0(43.24%),B:847.6(36.23%),P:1e-1	Tpos:133.4,Tstd:61.2,Bpos:124.5,Bstd:73.0,StrandBias:-0.2,Multiplicity:1.47
0.001	0.997	0.001	0.001
0.773	0.225	0.001	0.001
0.001	0.001	0.001	0.997
0.001	0.001	0.997	0.001
0.001	0.754	0.001	0.244
0.997	0.001	0.001	0.001
>ACGTGA	5-ACGTGA	7.220987	-3.413462	0	T:70.0(27.03%),B:515.4(22.03%),P:1e-1	Tpos:125.0,Tstd:61.7,Bpos:123.7,Bstd:73.3,StrandBias:-0.0,Multiplicity:1.70
0.997	0.001	0.001	0.001
0.001	0.659	0.339	0.001
0.001	0.001	0.997	0.001
0.001	0.001	0.001	0.997
0.001	0.001	0.997	0.001
0.997	0.001	0.001	0.001
>ACACGAGG	1-ACACGAGG	6.843321	-22.710840	0	T:38.0(14.67%),B:104.3(4.46%),P:1e-9	Tpos:105.0,Tstd:63.7,Bpos:128.9,Bstd:74.5,StrandBias:0.0,Multiplicity:1.06
0.950	0.023	0.026	0.001
0.283	0.460	0.171	0.087
0.922	0.023	0.054	0.001
0.001	0.952	0.046	0.001
0.093	0.032	0.851	0.024
0.936	0.001	0.062	0.001
0.001	0.001	0.972	0.026
0.001	0.001	0.997	0.001
>CCCKRCGA	2-CCCKRCGA	7.315955	-22.215336	0	T:21.0(8.11%),B:33.2(1.42%),P:1e-9	Tpos:130.3,Tstd:57.5,Bpos:114.5,Bstd:63.8,StrandBias:-0.1,Multiplicity:1.11
0.001	0.896	0.102	0.001
0.001	0.867	0.001	0.131
0.003	0.812	0.184	0.001
0.001	0.031	0.536	0.432
0.539	0.001	0.459	0.001
0.031	0.751	0.213	0.005
0.001	0.001	0.892	0.106
0.521	0.002	0.188	0.289
>GAACTTAG	3-GAACTTAG	9.232532	-18.353967	0	T:14.0(5.41%),B:17.1(0.73%),P:1e-7	Tpos:156.5,Tstd:73.7,Bpos:126.2,Bstd:68.8,StrandBias:0.0,Multiplicity:1.00
0.001	0.001	0.997	0.001
0.997	0.001	0.001	0.001
0.997	0.001	0.001	0.001
0.001	0.997	0.001	0.001
0.001	0.001	0.001	0.997
0.001	0.292	0.001	0.706
0.997	0.001	0.001	0.001
0.225	0.001	0.773	0.001
>CGCCCAAT	4-CGCCCAAT	6.388227	-17.658993	0	T:50.0(19.31%),B:195.7(8.36%),P:1e-7	Tpos:107.6,Tstd:69.7,Bpos:127.7,Bstd:67.9,StrandBias:-0.9,Multiplicity:1.14
0.246	0.752	0.001	0.001
0.001	0.001	0.824	0.174
0.044	0.907	0.001	0.048
0.001	0.944	0.054	0.001
0.300	0.671	0.001	0.028
0.826	0.069	0.104	0.001
0.657	0.080	0.058	0.205
0.001	0.212	0.074	0.713
>CCCTTCTC	5-CCCTTCTC	7.360968	-17.124599	0	T:36.0(13.90%),B:117.2(5.01%),P:1e-7	Tpos:116.6,Tstd:67.0,Bpos:140.8,Bstd:75.6,StrandBias:0.4,Multiplicity:1.29
0.057	0.941	0.001	0.001
0.001	0.997	0.001	0.001
0.001	0.947	0.001	0.051
0.001	0.018	0.001	0.980
0.031	0.071	0.001	0.897
0.161	0.635	0.105	0.099
0.001	0.155	0.001	0.843
0.001	0.948	0.025	0.026
>CAGGTCST	6-CAGGTCST	7.169940	-16.113222	0	T:31.0(11.97%),B:96.0(4.10%),P:1e-6	Tpos:145.8,Tstd:54.1,Bpos:138.5,Bstd:69.2,StrandBias:0.1,Multiplicity:1.07
0.001	0.721	0.001	0.277
0.611	0.001	0.133	0.255
0.030	0.001	0.968	0.001
0.184	0.275	0.444	0.097
0.121	0.001	0.001	0.877
0.167	0.495	0.334	0.003
0.001	0.453	0.545	0.001
0.138	0.001	0.001	0.860
>TTTGTGCC	7-TTTGTGCC	8.227489	-15.807842	0	T:33.0(12.74%),B:107.1(4.58%),P:1e-6	Tpos:125.6,Tstd:69.0,Bpos:127.7,Bstd:76.5,StrandBias:-0.9,Multiplicity:1.15
0.001	0.001	0.001	0.997
0.001	0.001	0.119	0.879
0.136	0.001	0.001	0.862
0.142	0.001	0.856	0.001
0.001	0.001	0.001	0.997
0.001	0.001	0.997	0.001
0.127	0.871	0.001	0.001
0.102	0.896	0.001	0.001
>AATTCCGA	8-AATTCCGA	4.888760	-15.550923	0	T:122.0(47.10%),B:742.9(31.76%),P:1e-6	Tpos:131.9,Tstd:73.2,Bpos:122.8,Bstd:78.4,StrandBias:0.1,Multiplicity:1.40
0.743	0.065	0.047	0.145
0.769	0.071	0.146	0.014
0.026	0.065	0.091	0.818
0.083	0.083	0.122	0.712
0.072	0.747	0.130	0.051
0.041	0.655	0.114	0.190
0.120	0.071	0.762	0.047
0.805	0.039	0.074	0.082
>GGGTCGAG	9-GGGTCGAG	8.940691	-14.800884	0	T:9.0(3.47%),B:8.6(0.37%),P:1e-6	Tpos:96.3,Tstd:29.3,Bpos:150.6,Bstd:40.0,StrandBias:-1.0,Multiplicity:1.00
0.001	0.001	0.997	0.001
0.001	0.119	0.879	0.001
0.001	0.001	0.997	0.001
0.001	0.001	0.001	0.997
0.001	0.997	0.001	0.001
0.001	0.001	0.997	0.001
0.997	0.001	0.001	0.001
0.001	0.001	0.997	0.001
>GAGATCGA	10-GAGATCGA	5.607129	-14.160055	0	T:54.0(20.85%),B:245.3(10.49%),P:1e-6	Tpos:126.2,Tstd:69.2,Bpos:127.8,Bstd:81.8,StrandBias:0.2,Multiplicity:1.30
0.001	0.001	0.997	0.001
0.897	0.058	0.001	0.044
0.170	0.158	0.671	0.001
0.894	0.001	0.001	0.104
0.021	0.001	0.038	0.940
0.001	0.997	0.001	0.001
0.001	0.019	0.979	0.001
0.731	0.001	0.267	0.001
>AGAAAAGT	11-AGAAAAGT	8.792755	-14.140291	0	T:34.0(13.13%),B:121.2(5.18%),P:1e-6	Tpos:161.4,Tstd:74.7,Bpos:130.5,Bstd:88.5,StrandBias:-0.2,Multiplicity:1.00
0.845	0.001	0.001	0.153
0.001	0.001	0.997	0.001
0.921	0.077	0.001	0.001
0.997	0.001	0.001	0.001
0.997	0.001	0.001	0.001
0.997	0.001	0.001	0.001
0.274	0.001	0.724	0.001
0.001	0.001	0.001	0.997
>AASCACTG	12-AASCACTG	7.571614	-12.831860	0	T:44.0(16.99%),B:190.5(8.14%),P:1e-5	Tpos:106.0,Tstd:62.9,Bpos:120.8,Bstd:78.8,StrandBias:1.1,Multiplicity:1.27
0.577	0.421	0.001	0.001
0.976	0.001	0.022	0.001
0.199	0.262	0.371	0.168
0.085	0.602	0.312	0.001
0.956	0.001	0.042	0.001
0.001	0.947	0.001	0.051
0.111	0.064	0.001	0.824
0.001	0.001	0.956	0.042
>TGCATGCA	13-TGCATGCA	7.286185	-12.258491	0	T:33.0(12.74%),B:126.8(5.42%),P:1e-5	Tpos:117.3,Tstd:62.1,Bpos:124.5,Bstd:72.2,StrandBias:0.3,Multiplicity:1.19
0.001	0.001	0.014	0.984
0.015	0.080	0.653	0.252
0.001	0.895	0.001	0.103
0.946	0.052	0.001	0.001
0.114	0.080	0.001	0.805
0.001	0.001	0.997	0.001
0.001	0.997	0.001	0.001
0.931	0.001	0.067	0.001
>TCCTAACT	14-TCCTAACT	8.236954	-11.893381	0	T:6.0(2.32%),B:4.5(0.19%),P:1e-5	Tpos:139.8,Tstd:66.8,Bpos:121.4,Bstd:79.0,StrandBias:-2.0,Multiplicity:1.00
0.100	0.100	0.100	0.700
0.100	0.700	0.100	0.100
0.100	0.700	0.100	0.100
0.100	0.100	0.100	0.700
0.700	0.100	0.100	0.100
0.700	0.100	0.100	0.100
0.100	0.700	0.100	0.100
0.100	0.100	0.100	0.700
>GKCGCATC	15-GKCGCATC	8.237911	-10.876093	0	T:13.0(5.02%),B:28.3(1.21%),P:1e-4	Tpos:99.9,Tstd:57.9,Bpos:127.4,Bstd:78.2,StrandBias:1.9,Multiplicity:1.08
0.001	0.001	0.997	0.001
0.001	0.001	0.522	0.476
0.001	0.858	0.001	0.140
0.001	0.001	0.997	0.001
0.119	0.879	0.001	0.001
0.997	0.001	0.001	0.001
0.001	0.001	0.001	0.997
0.001	0.997	0.001	0.001
>ATCAGTAG	16-ATCAGTAG	7.043039	-10.471444	0	T:15.0(5.79%),B:38.4(1.64%),P:1e-4	Tpos:115.8,Tstd:70.4,Bpos:120.2,Bstd:76.3,StrandBias:0.7,Multiplicity:1.07
0.997	0.001	0.001	0.001
0.363	0.001	0.001	0.635
0.001	0.997	0.001	0.001
0.949	0.049	0.001	0.001
0.001	0.001	0.997	0.001
0.001	0.001	0.001	0.997
0.997	0.001	0.001	0.001
0.001	0.001	0.997	0.001
>TKCCAACG	17-TKCCAACG	7.735093	-9.895106	0	T:28.0(10.81%),B:111.7(4.78%),P:1e-4	Tpos:112.7,Tstd:68.6,Bpos:133.4,Bstd:67.8,StrandBias:0.0,Multiplicity:1.08
0.001	0.001	0.001	0.997
0.164	0.001	0.377	0.458
0.385	0.613	0.001	0.001
0.001	0.834	0.001	0.164
0.997	0.001	0.001	0.001
0.622	0.001	0.001	0.376
0.001	0.613	0.385	0.001
0.001	0.001	0.997	0.001
>GGCAGCCA	18-GGCAGCCA	7.648036	-9.138609	0	T:14.0(5.41%),B:38.7(1.65%),P:1e-3	Tpos:133.5,Tstd:66.0,Bpos:124.4,Bstd:73.3,StrandBias:0.0,Multiplicity:1.00
0.001	0.108	0.890	0.001
0.001	0.001	0.997	0.001
0.075	0.923	0.001	0.001
0.665	0.001	0.037	0.297
0.048	0.001	0.950	0.001
0.001	0.997	0.001	0.001
0.001	0.895	0.056	0.048
0.571	0.258	0.001	0.170
>ATAGAGGA	19-ATAGAGGA	10.698114	-8.075549	0	T:8.0(3.09%),B:15.6(0.67%),P:1e-3	Tpos:120.9,Tstd:57.3,Bpos:154.0,Bstd:70.5,StrandBias:1.0,Multiplicity:1.12
0.925	0.001	0.073	0.001
0.001	0.001	0.001	0.997
0.997	0.001	0.001	0.001
0.001	0.001	0.997	0.001
0.890	0.001	0.108	0.001
0.001	0.001	0.997	0.001
0.165	0.001	0.833	0.001
0.997	0.001	0.001	0.001
>GCTGAACA	20-GCTGAACA	8.236954	-6.945296	0	T:6.0(2.32%),B:10.8(0.46%),P:1e-3	Tpos:123.8,Tstd:73.3,Bpos:106.5,Bstd:59.0,StrandBias:-1.2,Multiplicity:1.67
0.100	0.100	0.700	0.100
0.100	0.700	0.100	0.100
0.100	0.100	0.100	0.700
0.100	0.100	0.700	0.100
0.700	0.100	0.100	0.100
0.700	0.100	0.100	0.100
0.100	0.700	0.100	0.100
0.700	0.100	0.100	0.100
>CACGTGTK	21-CACGTGTK	7.401461	-6.735720	0	T:29.0(11.20%),B:142.9(6.11%),P:1e-2	Tpos:128.6,Tstd:49.7,Bpos:128.9,Bstd:73.0,StrandBias:-0.1,Multiplicity:1.45
0.090	0.908	0.001	0.001
0.655	0.343	0.001	0.001
0.001	0.997	0.001	0.001
0.001	0.001	0.997	0.001
0.001	0.001	0.001	0.997
0.001	0.001	0.997	0.001
0.143	0.001	0.001	0.855
0.001	0.001	0.502	0.496
>GCAGCTCG	22-GCAGCTCG	8.236954	-5.998549	0	T:4.0(1.54%),B:5.5(0.23%),P:1e-2	Tpos:195.0,Tstd:26.2,Bpos:166.3,Bstd:10.2,StrandBias:-1.6,Multiplicity:1.00
0.100	0.100	0.700	0.100
0.100	0.700	0.100	0.100
0.700	0.100	0.100	0.100
0.100	0.100	0.700	0.100
0.100	0.700	0.100	0.100
0.100	0.100	0.100	0.700
0.100	0.700	0.100	0.100
0.100	0.100	0.700	0.100
