>TATAATAGCATG	16-TATAATAGCATG,BestGuess:GAT3(MacIsaac)/Yeast(0.732)	9.362584	-22.529005	0	T:19.0(6.07%),B:22.5(0.93%),P:1e-9
0.097	0.001	0.049	0.853
0.804	0.049	0.001	0.146
0.049	0.146	0.001	0.804
0.853	0.001	0.049	0.097
0.901	0.001	0.001	0.097
0.001	0.049	0.049	0.901
0.804	0.001	0.146	0.049
0.098	0.098	0.706	0.098
0.049	0.853	0.049	0.049
0.894	0.049	0.008	0.049
0.146	0.001	0.001	0.852
0.049	0.049	0.797	0.105
