>HTTTCATTTCCT	15-HTTTCATTTCCT	7.308601	-29.695228	0	T:44.0(12.29%),B:72.2(3.31%),P:1e-12
0.247	0.383	0.106	0.264
0.218	0.027	0.171	0.584
0.166	0.244	0.110	0.480
0.129	0.022	0.178	0.671
0.242	0.465	0.019	0.274
0.444	0.178	0.153	0.225
0.026	0.249	0.106	0.619
0.019	0.173	0.190	0.618
0.017	0.134	0.151	0.698
0.015	0.544	0.276	0.165
0.194	0.561	0.019	0.226
0.033	0.123	0.175	0.669
