>AAAYASDATTTA	19-TAAATHSTRTTT	12.043727	-18.993383	0	T:6.0(1.92%),B:0.8(0.03%),P:1e-8
0.861	0.046	0.001	0.092
0.883	0.046	0.046	0.025
0.906	0.024	0.024	0.046
0.163	0.445	0.046	0.345
0.837	0.047	0.047	0.069
0.161	0.425	0.299	0.115
0.276	0.023	0.276	0.425
0.790	0.069	0.047	0.094
0.046	0.070	0.047	0.837
0.093	0.024	0.069	0.814
0.138	0.001	0.069	0.792
0.790	0.001	0.070	0.139
