>AGGCTTTTACCG	11-AGGCTTTTACCG	6.917949	-26.194105	0	T:69.0(22.04%),B:219.6(9.10%),P:1e-11
0.668	0.037	0.165	0.130
0.129	0.055	0.779	0.037
0.038	0.074	0.647	0.241
0.111	0.703	0.131	0.055
0.075	0.073	0.018	0.834
0.110	0.055	0.018	0.817
0.001	0.036	0.001	0.962
0.037	0.018	0.074	0.871
0.742	0.129	0.037	0.092
0.092	0.481	0.258	0.168
0.111	0.722	0.092	0.075
0.166	0.019	0.723	0.092
