>TCTTCTTAGCGA	13-TCTTCTTAGCGA,BestGuess:PABPN1(RRM)/Homo_sapiens-RNCMPT00157-PBM/HughesRNA(0.709)	9.157858	-23.003421	0	T:7.0(2.24%),B:1.6(0.06%),P:1e-9
0.074	0.101	0.124	0.701
0.116	0.584	0.114	0.186
0.126	0.064	0.092	0.718
0.094	0.106	0.087	0.713
0.149	0.554	0.106	0.191
0.109	0.079	0.069	0.743
0.094	0.069	0.089	0.748
0.656	0.099	0.126	0.119
0.119	0.091	0.634	0.156
0.131	0.624	0.094	0.151
0.114	0.119	0.626	0.141
0.700	0.124	0.084	0.092
