>GCGATAAGACTA	2-GCGATAAGACTA	10.488948	-40.581468	0	T:13.0(4.15%),B:2.7(0.11%),P:1e-17
0.001	0.001	0.925	0.073
0.148	0.777	0.001	0.074
0.001	0.073	0.925	0.001
0.925	0.001	0.073	0.001
0.001	0.073	0.001	0.925
0.777	0.001	0.148	0.074
0.833	0.001	0.001	0.165
0.148	0.297	0.554	0.001
0.925	0.001	0.001	0.073
0.073	0.925	0.001	0.001
0.074	0.074	0.223	0.629
0.925	0.001	0.001	0.073
