>ACAGTGCGCACT	25-ACAGTGCGCACT	6.475967	-9.528239	0	T:47.0(15.02%),B:203.0(8.41%),P:1e-4
0.603	0.059	0.161	0.177
0.249	0.589	0.103	0.059
0.795	0.073	0.029	0.103
0.147	0.146	0.590	0.117
0.176	0.074	0.029	0.721
0.044	0.073	0.766	0.117
0.175	0.649	0.044	0.132
0.088	0.030	0.750	0.132
0.030	0.911	0.015	0.044
0.794	0.015	0.161	0.030
0.191	0.573	0.030	0.206
0.118	0.059	0.162	0.661
