>TAAATHSTRTTT	19-TAAATHSTRTTT,BestGuess:CES-1(Homeobox)/cElegans-L1-CES1-ChIP-Seq(modEncode)/Homer(0.697)	12.043727	-18.993383	0	T:6.0(1.92%),B:0.8(0.03%),P:1e-8
0.139	0.070	0.001	0.790
0.792	0.069	0.001	0.138
0.814	0.069	0.024	0.093
0.837	0.047	0.070	0.046
0.094	0.047	0.069	0.790
0.425	0.276	0.023	0.276
0.115	0.299	0.425	0.161
0.069	0.047	0.047	0.837
0.345	0.046	0.445	0.163
0.046	0.024	0.024	0.906
0.025	0.046	0.046	0.883
0.092	0.001	0.046	0.861
