>WATCGACTTCRT	1-WATCGACTTCRT	9.370653	-37.940636	0	T:18.0(6.95%),B:9.7(0.42%),P:1e-16	Tpos:156.6,Tstd:67.6,Bpos:145.8,Bstd:73.0,StrandBias:0.7,Multiplicity:1.00
0.445	0.134	0.001	0.420
0.553	0.177	0.269	0.001
0.001	0.002	0.150	0.847
0.001	0.865	0.133	0.001
0.419	0.001	0.579	0.001
0.997	0.001	0.001	0.001
0.001	0.865	0.133	0.001
0.001	0.275	0.001	0.723
0.001	0.001	0.001	0.997
0.001	0.720	0.001	0.278
0.312	0.134	0.418	0.135
0.001	0.182	0.001	0.816
>AAATATTTTTGT	2-AAATATTTTTGT	13.418741	-30.407933	0	T:12.0(4.63%),B:4.2(0.18%),P:1e-13	Tpos:100.4,Tstd:85.0,Bpos:95.6,Bstd:59.6,StrandBias:0.5,Multiplicity:1.00
0.799	0.100	0.100	0.001
0.799	0.100	0.001	0.100
0.997	0.001	0.001	0.001
0.001	0.001	0.001	0.997
0.997	0.001	0.001	0.001
0.001	0.001	0.001	0.997
0.001	0.099	0.001	0.899
0.001	0.001	0.099	0.899
0.001	0.001	0.001	0.997
0.100	0.001	0.100	0.799
0.001	0.001	0.997	0.001
0.001	0.001	0.099	0.899
>TGGGAGTCCTGW	3-TGGGAGTCCTGW	11.331498	-30.131463	0	T:11.0(4.25%),B:4.0(0.17%),P:1e-13	Tpos:100.4,Tstd:49.3,Bpos:119.7,Bstd:37.5,StrandBias:0.4,Multiplicity:1.27
0.001	0.001	0.133	0.865
0.001	0.001	0.997	0.001
0.001	0.001	0.997	0.001
0.001	0.001	0.997	0.001
0.722	0.001	0.276	0.001
0.288	0.001	0.688	0.023
0.001	0.001	0.001	0.997
0.001	0.730	0.001	0.268
0.268	0.730	0.001	0.001
0.001	0.001	0.133	0.865
0.402	0.001	0.596	0.001
0.411	0.001	0.134	0.454
>TATCAATYAATA	4-TATCAATYAATA	12.700643	-28.414324	0	T:8.0(3.09%),B:1.4(0.06%),P:1e-12	Tpos:97.1,Tstd:45.0,Bpos:166.0,Bstd:0.0,StrandBias:-1.6,Multiplicity:1.00
0.134	0.001	0.134	0.731
0.865	0.001	0.133	0.001
0.001	0.001	0.268	0.730
0.001	0.997	0.001	0.001
0.997	0.001	0.001	0.001
0.997	0.001	0.001	0.001
0.133	0.001	0.001	0.865
0.134	0.432	0.001	0.432
0.997	0.001	0.001	0.001
0.865	0.001	0.001	0.133
0.001	0.133	0.001	0.865
0.997	0.001	0.001	0.001
>TACGACCACCTG	5-TACGACCACCTG	11.600845	-28.414324	0	T:8.0(3.09%),B:1.8(0.08%),P:1e-12	Tpos:107.3,Tstd:39.0,Bpos:179.2,Bstd:9.8,StrandBias:0.3,Multiplicity:1.12
0.001	0.007	0.001	0.991
0.879	0.007	0.113	0.001
0.212	0.575	0.001	0.212
0.114	0.106	0.674	0.106
0.780	0.001	0.113	0.106
0.212	0.681	0.106	0.001
0.001	0.893	0.105	0.001
0.997	0.001	0.001	0.001
0.001	0.997	0.001	0.001
0.105	0.893	0.001	0.001
0.317	0.001	0.001	0.681
0.001	0.001	0.997	0.001
>AGCGATGWCATC	6-AGCGATGWCATC	10.943701	-28.414324	0	T:8.0(3.09%),B:1.4(0.06%),P:1e-12	Tpos:150.2,Tstd:39.4,Bpos:145.0,Bstd:82.8,StrandBias:-0.3,Multiplicity:1.00
0.997	0.001	0.001	0.001
0.001	0.183	0.551	0.265
0.183	0.562	0.001	0.254
0.006	0.001	0.992	0.001
0.815	0.183	0.001	0.001
0.001	0.001	0.001	0.997
0.032	0.001	0.966	0.001
0.438	0.001	0.194	0.367
0.001	0.996	0.002	0.001
0.559	0.190	0.067	0.184
0.001	0.001	0.002	0.996
0.001	0.782	0.001	0.216
>AYTCCCTTTTCC	7-AYTCCCTTTTCC	12.042239	-24.105702	0	T:7.0(2.70%),B:1.2(0.05%),P:1e-10	Tpos:98.2,Tstd:63.8,Bpos:236.0,Bstd:0.0,StrandBias:0.0,Multiplicity:1.14
0.815	0.183	0.001	0.001
0.184	0.254	0.184	0.378
0.001	0.001	0.001	0.997
0.183	0.815	0.001	0.001
0.001	0.997	0.001	0.001
0.001	0.631	0.001	0.367
0.001	0.001	0.001	0.997
0.001	0.001	0.001	0.997
0.001	0.058	0.001	0.940
0.001	0.001	0.001	0.997
0.001	0.997	0.001	0.001
0.183	0.633	0.001	0.183
>ATCACTGTGAAG	8-ATCACTGTGAAG	11.377262	-24.105702	0	T:7.0(2.70%),B:1.3(0.05%),P:1e-10	Tpos:103.6,Tstd:74.2,Bpos:94.0,Bstd:0.0,StrandBias:0.8,Multiplicity:1.57
0.912	0.001	0.086	0.001
0.087	0.001	0.174	0.738
0.001	0.825	0.087	0.087
0.997	0.001	0.001	0.001
0.087	0.738	0.001	0.174
0.001	0.001	0.001	0.997
0.087	0.001	0.825	0.087
0.001	0.095	0.001	0.903
0.175	0.262	0.554	0.009
0.825	0.087	0.087	0.001
0.825	0.087	0.001	0.087
0.001	0.001	0.912	0.086
>CTCTTAGAACAG	9-CTCTTAGAACAG	9.326716	-24.105702	0	T:7.0(2.70%),B:1.5(0.06%),P:1e-10	Tpos:101.0,Tstd:69.3,Bpos:135.7,Bstd:54.3,StrandBias:0.6,Multiplicity:1.43
0.001	0.997	0.001	0.001
0.001	0.001	0.001	0.997
0.196	0.802	0.001	0.001
0.001	0.001	0.001	0.997
0.001	0.001	0.001	0.997
0.997	0.001	0.001	0.001
0.197	0.001	0.784	0.018
0.997	0.001	0.001	0.001
0.997	0.001	0.001	0.001
0.232	0.606	0.161	0.001
0.838	0.001	0.001	0.160
0.001	0.001	0.997	0.001
>ACTCGCGCHCTG	10-ACTCGCGCHCTG	10.511572	-24.105702	0	T:7.0(2.70%),B:1.2(0.05%),P:1e-10	Tpos:121.0,Tstd:55.2,Bpos:136.0,Bstd:0.8,StrandBias:1.2,Multiplicity:1.43
0.997	0.001	0.001	0.001
0.001	0.534	0.155	0.310
0.001	0.001	0.157	0.841
0.155	0.669	0.001	0.175
0.001	0.001	0.844	0.154
0.310	0.688	0.001	0.001
0.001	0.001	0.979	0.019
0.155	0.689	0.001	0.155
0.330	0.356	0.001	0.313
0.001	0.844	0.001	0.154
0.001	0.001	0.001	0.997
0.329	0.001	0.669	0.001
>TTCCATATTATC	11-TTCCATATTATC	10.612595	-23.984645	0	T:12.0(4.63%),B:7.1(0.30%),P:1e-10	Tpos:99.5,Tstd:69.6,Bpos:118.6,Bstd:75.4,StrandBias:0.7,Multiplicity:1.18
0.001	0.001	0.001	0.997
0.001	0.001	0.001	0.997
0.106	0.777	0.001	0.116
0.010	0.988	0.001	0.001
0.777	0.001	0.106	0.116
0.001	0.105	0.001	0.893
0.566	0.106	0.106	0.222
0.001	0.105	0.001	0.893
0.212	0.106	0.116	0.566
0.893	0.001	0.105	0.001
0.213	0.001	0.001	0.785
0.001	0.893	0.105	0.001
>CATMGAGGATKA	12-CATMGAGGATKA	9.162446	-22.479589	0	T:12.0(4.63%),B:8.7(0.37%),P:1e-9	Tpos:142.9,Tstd:63.2,Bpos:100.4,Bstd:43.3,StrandBias:2.9,Multiplicity:1.42
0.001	0.667	0.268	0.064
0.667	0.001	0.069	0.263
0.078	0.130	0.001	0.791
0.473	0.389	0.130	0.009
0.064	0.084	0.851	0.001
0.736	0.198	0.001	0.065
0.194	0.001	0.740	0.065
0.194	0.064	0.741	0.001
0.991	0.001	0.004	0.004
0.286	0.001	0.001	0.712
0.064	0.001	0.402	0.533
0.528	0.001	0.203	0.268
>WCTCGGCACAAA	13-WCTCGGCACAAA	10.110275	-19.934126	0	T:6.0(2.32%),B:1.8(0.08%),P:1e-8	Tpos:140.0,Tstd:64.4,Bpos:98.9,Bstd:67.5,StrandBias:2.0,Multiplicity:1.67
0.516	0.001	0.074	0.409
0.005	0.993	0.001	0.001
0.001	0.001	0.001	0.997
0.074	0.914	0.006	0.006
0.001	0.001	0.997	0.001
0.001	0.001	0.997	0.001
0.001	0.989	0.001	0.009
0.997	0.001	0.001	0.001
0.001	0.920	0.001	0.078
0.920	0.005	0.074	0.001
0.580	0.409	0.001	0.010
0.994	0.001	0.004	0.001
>AATTGTTATCGG	14-AATTGTTATCGG	11.251108	-19.934126	0	T:6.0(2.32%),B:1.3(0.06%),P:1e-8	Tpos:116.5,Tstd:69.3,Bpos:220.2,Bstd:11.9,StrandBias:1.4,Multiplicity:1.83
0.844	0.001	0.001	0.154
0.844	0.001	0.154	0.001
0.010	0.001	0.001	0.988
0.001	0.011	0.155	0.833
0.001	0.001	0.844	0.154
0.001	0.001	0.001	0.997
0.179	0.001	0.001	0.819
0.997	0.001	0.001	0.001
0.155	0.001	0.155	0.689
0.001	0.688	0.001	0.310
0.155	0.001	0.689	0.155
0.001	0.165	0.833	0.001
>CAACTAAACTTA	15-CAACTAAACTTA	8.955843	-19.347782	0	T:7.0(2.70%),B:2.1(0.09%),P:1e-8	Tpos:97.8,Tstd:68.6,Bpos:199.3,Bstd:26.7,StrandBias:0.0,Multiplicity:1.43
0.001	0.997	0.001	0.001
0.997	0.001	0.001	0.001
0.997	0.001	0.001	0.001
0.001	0.997	0.001	0.001
0.125	0.055	0.001	0.819
0.747	0.001	0.251	0.001
0.997	0.001	0.001	0.001
0.997	0.001	0.001	0.001
0.001	0.873	0.125	0.001
0.001	0.043	0.001	0.955
0.001	0.306	0.001	0.692
0.997	0.001	0.001	0.001
>TAATTTGGCGGT	16-TAATTTGGCGGT	11.424357	-19.347782	0	T:7.0(2.70%),B:2.4(0.10%),P:1e-8	Tpos:81.7,Tstd:54.0,Bpos:149.7,Bstd:81.3,StrandBias:1.4,Multiplicity:1.57
0.183	0.001	0.001	0.815
0.800	0.001	0.001	0.198
0.997	0.001	0.001	0.001
0.001	0.001	0.001	0.997
0.001	0.001	0.001	0.997
0.001	0.183	0.001	0.815
0.001	0.001	0.997	0.001
0.183	0.001	0.815	0.001
0.001	0.815	0.001	0.183
0.001	0.183	0.617	0.199
0.001	0.183	0.617	0.199
0.001	0.183	0.001	0.815
>CACGTGAYHATS	17-CACGTGAYHATS	9.109245	-18.003038	0	T:12.0(4.63%),B:12.9(0.55%),P:1e-7	Tpos:153.3,Tstd:46.0,Bpos:132.3,Bstd:48.1,StrandBias:0.3,Multiplicity:1.42
0.297	0.499	0.029	0.175
0.880	0.001	0.118	0.001
0.088	0.882	0.001	0.029
0.058	0.029	0.675	0.238
0.001	0.001	0.001	0.997
0.001	0.293	0.530	0.176
0.882	0.030	0.029	0.059
0.176	0.323	0.029	0.472
0.323	0.322	0.146	0.209
0.646	0.059	0.090	0.205
0.264	0.207	0.058	0.472
0.147	0.268	0.381	0.204
>TCGGAGATCGTC	18-TCGGAGATCGTC	12.454218	-15.919974	0	T:5.0(1.93%),B:1.5(0.06%),P:1e-6	Tpos:84.1,Tstd:37.4,Bpos:147.0,Bstd:0.0,StrandBias:2.6,Multiplicity:1.40
0.001	0.001	0.001	0.997
0.001	0.997	0.001	0.001
0.305	0.001	0.679	0.015
0.014	0.001	0.984	0.001
0.708	0.001	0.290	0.001
0.033	0.001	0.965	0.001
0.708	0.001	0.290	0.001
0.001	0.001	0.290	0.708
0.001	0.997	0.001	0.001
0.001	0.001	0.997	0.001
0.015	0.001	0.404	0.580
0.001	0.997	0.001	0.001
>CTTCGGTATTCG	19-CTTCGGTATTCG	8.818802	-15.919974	0	T:5.0(1.93%),B:1.9(0.08%),P:1e-6	Tpos:86.9,Tstd:81.1,Bpos:13.0,Bstd:0.0,StrandBias:1.6,Multiplicity:1.60
0.001	0.997	0.001	0.001
0.001	0.001	0.001	0.997
0.001	0.001	0.001	0.997
0.001	0.997	0.001	0.001
0.001	0.001	0.997	0.001
0.001	0.071	0.927	0.001
0.306	0.001	0.001	0.692
0.927	0.001	0.071	0.001
0.306	0.001	0.001	0.692
0.001	0.001	0.001	0.997
0.001	0.997	0.001	0.001
0.001	0.001	0.997	0.001
>CTAAACTGTTTT	20-CTAAACTGTTTT	10.409522	-15.867736	0	T:6.0(2.32%),B:2.7(0.12%),P:1e-6	Tpos:127.9,Tstd:89.4,Bpos:42.9,Bstd:14.1,StrandBias:0.4,Multiplicity:1.17
0.100	0.700	0.100	0.100
0.100	0.100	0.100	0.700
0.700	0.100	0.100	0.100
0.700	0.100	0.100	0.100
0.700	0.100	0.100	0.100
0.100	0.700	0.100	0.100
0.100	0.100	0.100	0.700
0.100	0.100	0.700	0.100
0.100	0.100	0.100	0.700
0.100	0.100	0.100	0.700
0.100	0.100	0.100	0.700
0.100	0.100	0.100	0.700
>CACTATGACGAC	21-CACTATGACGAC	9.666251	-15.647536	0	T:13.0(5.02%),B:18.2(0.78%),P:1e-6	Tpos:96.0,Tstd:55.4,Bpos:109.0,Bstd:76.5,StrandBias:0.7,Multiplicity:1.23
0.170	0.719	0.085	0.026
0.997	0.001	0.001	0.001
0.170	0.550	0.085	0.195
0.170	0.085	0.001	0.744
0.829	0.085	0.001	0.085
0.001	0.001	0.001	0.997
0.001	0.169	0.829	0.001
0.997	0.001	0.001	0.001
0.001	0.997	0.001	0.001
0.169	0.001	0.829	0.001
0.829	0.085	0.001	0.085
0.084	0.914	0.001	0.001
>ATATATTTGCAG	22-ATATATTTGCAG	10.409522	-13.527287	0	T:6.0(2.32%),B:3.0(0.13%),P:1e-5	Tpos:203.3,Tstd:39.2,Bpos:103.5,Bstd:62.8,StrandBias:1.0,Multiplicity:1.00
0.700	0.100	0.100	0.100
0.100	0.100	0.100	0.700
0.700	0.100	0.100	0.100
0.100	0.100	0.100	0.700
0.700	0.100	0.100	0.100
0.100	0.100	0.100	0.700
0.100	0.100	0.100	0.700
0.100	0.100	0.100	0.700
0.100	0.100	0.700	0.100
0.100	0.700	0.100	0.100
0.700	0.100	0.100	0.100
0.100	0.100	0.700	0.100
>TAATGGTCCAHC	23-TAATGGTCCAHC	12.173816	-12.544426	0	T:5.0(1.93%),B:2.8(0.12%),P:1e-5	Tpos:137.6,Tstd:61.8,Bpos:161.8,Bstd:59.7,StrandBias:0.4,Multiplicity:1.40
0.001	0.001	0.290	0.708
0.997	0.001	0.001	0.001
0.708	0.290	0.001	0.001
0.001	0.019	0.001	0.979
0.001	0.001	0.997	0.001
0.001	0.001	0.997	0.001
0.001	0.020	0.290	0.689
0.019	0.979	0.001	0.001
0.001	0.997	0.001	0.001
0.689	0.001	0.290	0.020
0.290	0.419	0.001	0.290
0.001	0.997	0.001	0.001
>ATTTTACNCTCC	24-ATTTTACNCTCC	11.646965	-12.544426	0	T:5.0(1.93%),B:2.7(0.11%),P:1e-5	Tpos:168.2,Tstd:75.4,Bpos:115.9,Bstd:71.5,StrandBias:1.0,Multiplicity:1.80
0.774	0.001	0.224	0.001
0.001	0.001	0.001	0.997
0.001	0.001	0.001	0.997
0.001	0.001	0.001	0.997
0.001	0.001	0.001	0.997
0.549	0.225	0.001	0.225
0.001	0.997	0.001	0.001
0.325	0.225	0.225	0.225
0.001	0.774	0.224	0.001
0.001	0.001	0.001	0.997
0.225	0.759	0.001	0.015
0.001	0.997	0.001	0.001
>CTGGGTTAACAC	25-CTGGGTTAACAC	9.993812	-12.091000	0	T:4.0(1.54%),B:1.2(0.05%),P:1e-5	Tpos:120.9,Tstd:63.7,Bpos:95.0,Bstd:43.2,StrandBias:3.2,Multiplicity:2.25
0.034	0.964	0.001	0.001
0.034	0.001	0.001	0.964
0.001	0.034	0.964	0.001
0.001	0.001	0.727	0.271
0.001	0.001	0.997	0.001
0.001	0.001	0.001	0.997
0.001	0.001	0.001	0.997
0.727	0.262	0.001	0.010
0.994	0.001	0.001	0.004
0.001	0.812	0.186	0.001
0.697	0.301	0.001	0.001
0.001	0.964	0.001	0.034
