>RAAAAGTGAA	1-RAAAAGTGAA	9.607826	-31.618232	0	T:23.0(8.88%),B:25.2(1.08%),P:1e-13	Tpos:126.4,Tstd:72.8,Bpos:100.9,Bstd:82.1,StrandBias:0.1,Multiplicity:1.00
0.513	0.001	0.485	0.001
0.967	0.031	0.001	0.001
0.923	0.001	0.001	0.075
0.745	0.253	0.001	0.001
0.848	0.001	0.150	0.001
0.001	0.075	0.923	0.001
0.001	0.001	0.218	0.780
0.076	0.194	0.520	0.210
0.923	0.001	0.075	0.001
0.849	0.075	0.075	0.001
>AAGCTAAGTT	2-AAGCTAAGTT	9.600097	-30.548831	0	T:10.0(3.86%),B:2.9(0.12%),P:1e-13	Tpos:141.7,Tstd:74.2,Bpos:185.0,Bstd:62.9,StrandBias:-0.6,Multiplicity:1.00
0.765	0.233	0.001	0.001
0.713	0.057	0.115	0.115
0.137	0.057	0.805	0.001
0.001	0.633	0.057	0.309
0.001	0.114	0.001	0.884
0.884	0.001	0.001	0.114
0.750	0.057	0.001	0.192
0.115	0.057	0.713	0.115
0.057	0.057	0.001	0.885
0.057	0.001	0.137	0.805
>CATAGAGGAT	3-CATAGAGGAT	9.635991	-28.414324	0	T:8.0(3.09%),B:1.3(0.06%),P:1e-12	Tpos:119.9,Tstd:57.7,Bpos:218.1,Bstd:6.9,StrandBias:2.2,Multiplicity:1.38
0.001	0.626	0.136	0.237
0.880	0.001	0.118	0.001
0.118	0.001	0.001	0.880
0.762	0.236	0.001	0.001
0.001	0.118	0.880	0.001
0.997	0.001	0.001	0.001
0.001	0.001	0.997	0.001
0.118	0.001	0.880	0.001
0.997	0.001	0.001	0.001
0.136	0.118	0.001	0.745
>GACGCCATCG	4-GACGCCATCG	8.352426	-24.209569	0	T:26.0(10.04%),B:47.5(2.03%),P:1e-10	Tpos:132.8,Tstd:58.0,Bpos:117.0,Bstd:65.7,StrandBias:0.8,Multiplicity:1.27
0.035	0.001	0.963	0.001
0.855	0.001	0.143	0.001
0.001	0.816	0.111	0.072
0.001	0.001	0.997	0.001
0.119	0.729	0.039	0.113
0.001	0.726	0.272	0.001
0.824	0.174	0.001	0.001
0.072	0.036	0.254	0.638
0.001	0.593	0.001	0.405
0.143	0.001	0.855	0.001
>ACTCGGCACA	5-ACTCGGCACA	11.014793	-24.105702	0	T:7.0(2.70%),B:0.7(0.03%),P:1e-10	Tpos:130.8,Tstd:53.9,Bpos:158.0,Bstd:0.0,StrandBias:1.6,Multiplicity:1.71
0.897	0.001	0.001	0.101
0.101	0.897	0.001	0.001
0.001	0.001	0.001	0.997
0.001	0.897	0.001	0.101
0.001	0.001	0.997	0.001
0.001	0.001	0.997	0.001
0.001	0.897	0.001	0.101
0.897	0.101	0.001	0.001
0.001	0.997	0.001	0.001
0.897	0.001	0.101	0.001
>TATACAGGTA	6-TATACAGGTA	7.086582	-23.014986	0	T:58.0(22.39%),B:212.8(9.10%),P:1e-9	Tpos:115.7,Tstd:67.5,Bpos:128.2,Bstd:77.3,StrandBias:-0.1,Multiplicity:1.32
0.196	0.001	0.048	0.755
0.929	0.047	0.023	0.001
0.061	0.176	0.001	0.762
0.975	0.023	0.001	0.001
0.211	0.669	0.071	0.049
0.751	0.024	0.024	0.201
0.001	0.001	0.997	0.001
0.152	0.024	0.525	0.299
0.049	0.072	0.153	0.726
0.535	0.001	0.321	0.143
>TGGGAGTCCT	7-TGGGAGTCCT	10.163292	-22.742000	0	T:14.0(5.41%),B:12.1(0.52%),P:1e-9	Tpos:86.1,Tstd:50.4,Bpos:114.7,Bstd:57.2,StrandBias:0.9,Multiplicity:1.21
0.001	0.001	0.070	0.928
0.001	0.001	0.997	0.001
0.001	0.001	0.997	0.001
0.001	0.001	0.997	0.001
0.835	0.001	0.163	0.001
0.164	0.071	0.560	0.205
0.071	0.040	0.001	0.888
0.001	0.997	0.001	0.001
0.070	0.928	0.001	0.001
0.001	0.001	0.070	0.928
>CATGGAAACG	8-CATGGAAACG	10.413510	-22.168390	0	T:15.0(5.79%),B:15.0(0.64%),P:1e-9	Tpos:132.6,Tstd:54.2,Bpos:115.5,Bstd:84.1,StrandBias:-0.5,Multiplicity:1.13
0.080	0.918	0.001	0.001
0.997	0.001	0.001	0.001
0.001	0.001	0.080	0.918
0.080	0.001	0.918	0.001
0.001	0.001	0.918	0.080
0.997	0.001	0.001	0.001
0.918	0.080	0.001	0.001
0.918	0.001	0.001	0.080
0.081	0.837	0.001	0.081
0.001	0.081	0.732	0.186
>AATGTGTTGT	9-AATGTGTTGT	10.510551	-21.199351	0	T:11.0(4.25%),B:7.2(0.31%),P:1e-9	Tpos:104.5,Tstd:56.1,Bpos:127.5,Bstd:62.6,StrandBias:1.6,Multiplicity:1.09
0.774	0.224	0.001	0.001
0.997	0.001	0.001	0.001
0.001	0.001	0.001	0.997
0.001	0.001	0.997	0.001
0.001	0.224	0.001	0.774
0.001	0.001	0.899	0.099
0.001	0.001	0.001	0.997
0.001	0.224	0.001	0.774
0.001	0.224	0.774	0.001
0.001	0.001	0.001	0.997
>TAAWCACGTG	10-TAAWCACGTG	9.286441	-18.058712	0	T:20.0(7.72%),B:38.1(1.63%),P:1e-7	Tpos:131.7,Tstd:51.1,Bpos:130.9,Bstd:65.2,StrandBias:0.5,Multiplicity:1.35
0.001	0.205	0.102	0.692
0.651	0.214	0.134	0.001
0.763	0.235	0.001	0.001
0.547	0.001	0.001	0.451
0.001	0.997	0.001	0.001
0.997	0.001	0.001	0.001
0.001	0.997	0.001	0.001
0.001	0.001	0.997	0.001
0.001	0.001	0.001	0.997
0.001	0.205	0.692	0.102
>GACCACCCGT	11-GACCACCCGT	10.164095	-18.003038	0	T:12.0(4.63%),B:12.4(0.53%),P:1e-7	Tpos:131.9,Tstd:67.5,Bpos:109.2,Bstd:65.2,StrandBias:0.5,Multiplicity:1.00
0.090	0.090	0.819	0.001
0.997	0.001	0.001	0.001
0.001	0.997	0.001	0.001
0.090	0.908	0.001	0.001
0.997	0.001	0.001	0.001
0.001	0.908	0.001	0.090
0.064	0.934	0.001	0.001
0.090	0.701	0.001	0.208
0.001	0.090	0.908	0.001
0.001	0.090	0.001	0.908
>TTAAATTACC	12-TTAAATTACC	7.456016	-17.198495	0	T:9.0(3.47%),B:6.8(0.29%),P:1e-7	Tpos:123.6,Tstd:61.1,Bpos:141.3,Bstd:73.4,StrandBias:-1.4,Multiplicity:1.22
0.001	0.001	0.001	0.997
0.001	0.001	0.001	0.997
0.997	0.001	0.001	0.001
0.879	0.001	0.119	0.001
0.997	0.001	0.001	0.001
0.001	0.001	0.001	0.997
0.001	0.119	0.001	0.879
0.997	0.001	0.001	0.001
0.001	0.879	0.001	0.119
0.001	0.997	0.001	0.001
>ATATAATTGC	13-ATATAATTGC	8.110457	-16.901140	0	T:18.0(6.95%),B:33.8(1.45%),P:1e-7	Tpos:168.8,Tstd:66.5,Bpos:103.0,Bstd:65.4,StrandBias:-0.8,Multiplicity:1.06
0.646	0.029	0.070	0.255
0.281	0.016	0.030	0.673
0.530	0.052	0.150	0.268
0.038	0.232	0.016	0.714
0.699	0.022	0.054	0.225
0.724	0.076	0.024	0.176
0.058	0.172	0.136	0.634
0.222	0.024	0.024	0.730
0.038	0.081	0.669	0.212
0.082	0.617	0.221	0.080
>TCGGAACTCG	14-TCGGAACTCG	10.711248	-16.603526	0	T:7.0(2.70%),B:3.4(0.15%),P:1e-7	Tpos:122.7,Tstd:69.7,Bpos:100.9,Bstd:43.6,StrandBias:3.0,Multiplicity:1.29
0.001	0.001	0.001	0.997
0.001	0.815	0.001	0.183
0.183	0.001	0.815	0.001
0.001	0.183	0.815	0.001
0.808	0.008	0.183	0.001
0.587	0.001	0.229	0.183
0.247	0.751	0.001	0.001
0.001	0.001	0.001	0.997
0.001	0.997	0.001	0.001
0.001	0.001	0.997	0.001
>TCCTTATAAT	15-TCCTTATAAT	10.985680	-16.603526	0	T:7.0(2.70%),B:3.8(0.16%),P:1e-7	Tpos:144.4,Tstd:73.9,Bpos:126.2,Bstd:45.9,StrandBias:2.5,Multiplicity:1.86
0.001	0.001	0.001	0.997
0.001	0.997	0.001	0.001
0.082	0.916	0.001	0.001
0.001	0.001	0.001	0.997
0.001	0.001	0.001	0.997
0.997	0.001	0.001	0.001
0.001	0.001	0.001	0.997
0.916	0.001	0.082	0.001
0.833	0.001	0.083	0.083
0.001	0.082	0.001	0.916
>CCCCTAYTAA	16-CCCCTAYTAA	10.497297	-15.919974	0	T:5.0(1.93%),B:1.5(0.06%),P:1e-6	Tpos:154.1,Tstd:52.4,Bpos:128.2,Bstd:36.8,StrandBias:1.8,Multiplicity:1.80
0.001	0.997	0.001	0.001
0.238	0.760	0.001	0.001
0.001	0.997	0.001	0.001
0.224	0.774	0.001	0.001
0.001	0.238	0.001	0.760
0.774	0.224	0.001	0.001
0.001	0.449	0.001	0.549
0.001	0.001	0.001	0.997
0.549	0.225	0.001	0.225
0.997	0.001	0.001	0.001
>CCAGCTCTAT	17-CCAGCTCTAT	10.885880	-15.919405	0	T:8.0(3.09%),B:5.1(0.22%),P:1e-6	Tpos:141.9,Tstd:57.1,Bpos:144.6,Bstd:50.9,StrandBias:-1.4,Multiplicity:1.38
0.001	0.878	0.120	0.001
0.120	0.878	0.001	0.001
0.723	0.001	0.001	0.275
0.001	0.001	0.878	0.120
0.001	0.878	0.001	0.120
0.001	0.001	0.001	0.997
0.001	0.997	0.001	0.001
0.001	0.001	0.001	0.997
0.878	0.120	0.001	0.001
0.001	0.001	0.001	0.997
>TSGGTTTGGT	18-TSGGTTTGGT	9.642037	-15.226545	0	T:10.0(3.86%),B:10.3(0.44%),P:1e-6	Tpos:143.5,Tstd:69.2,Bpos:147.6,Bstd:66.4,StrandBias:1.3,Multiplicity:1.40
0.001	0.001	0.118	0.880
0.001	0.503	0.495	0.001
0.001	0.118	0.763	0.118
0.118	0.118	0.763	0.001
0.001	0.001	0.133	0.865
0.118	0.001	0.001	0.880
0.001	0.001	0.001	0.997
0.118	0.001	0.880	0.001
0.001	0.119	0.627	0.253
0.001	0.001	0.118	0.880
>TGGGTAATTG	19-TGGGTAATTG	10.418916	-13.527287	0	T:6.0(2.32%),B:3.6(0.15%),P:1e-5	Tpos:125.1,Tstd:66.7,Bpos:84.5,Bstd:101.3,StrandBias:0.6,Multiplicity:1.67
0.001	0.183	0.001	0.815
0.183	0.001	0.815	0.001
0.001	0.001	0.584	0.414
0.001	0.033	0.933	0.033
0.183	0.001	0.001	0.815
0.997	0.001	0.001	0.001
0.997	0.001	0.001	0.001
0.001	0.033	0.369	0.597
0.001	0.001	0.001	0.997
0.183	0.183	0.633	0.001
>MGGGCGCGAG	20-MGGGCGCGAG	10.738931	-13.215404	0	T:7.0(2.70%),B:5.4(0.23%),P:1e-5	Tpos:144.2,Tstd:62.8,Bpos:156.4,Bstd:59.7,StrandBias:-0.6,Multiplicity:1.43
0.428	0.570	0.001	0.001
0.001	0.001	0.997	0.001
0.113	0.001	0.885	0.001
0.001	0.001	0.997	0.001
0.001	0.997	0.001	0.001
0.001	0.113	0.885	0.001
0.001	0.997	0.001	0.001
0.001	0.001	0.997	0.001
0.885	0.001	0.001	0.113
0.113	0.001	0.885	0.001
>CAGTGATTGG	21-CAGTGATTGG	8.360404	-12.544426	0	T:5.0(1.93%),B:2.0(0.09%),P:1e-5	Tpos:97.1,Tstd:47.4,Bpos:114.8,Bstd:16.8,StrandBias:-3.7,Multiplicity:2.80
0.409	0.589	0.001	0.001
0.997	0.001	0.001	0.001
0.001	0.001	0.997	0.001
0.001	0.001	0.001	0.997
0.001	0.001	0.997	0.001
0.997	0.001	0.001	0.001
0.001	0.012	0.012	0.975
0.001	0.001	0.001	0.997
0.409	0.001	0.589	0.001
0.001	0.001	0.997	0.001
>TCGGAGATCG	22-TCGGAGATCG	9.238990	-12.544426	0	T:5.0(1.93%),B:2.8(0.12%),P:1e-5	Tpos:94.5,Tstd:42.1,Bpos:152.9,Bstd:13.2,StrandBias:3.3,Multiplicity:2.20
0.001	0.001	0.001	0.997
0.001	0.997	0.001	0.001
0.106	0.001	0.787	0.106
0.106	0.001	0.892	0.001
0.997	0.001	0.001	0.001
0.001	0.001	0.997	0.001
0.997	0.001	0.001	0.001
0.001	0.001	0.106	0.892
0.001	0.997	0.001	0.001
0.001	0.001	0.997	0.001
>CATTAGTATT	23-CATTAGTATT	11.978003	-12.544426	0	T:5.0(1.93%),B:2.4(0.10%),P:1e-5	Tpos:120.3,Tstd:55.4,Bpos:111.6,Bstd:73.0,StrandBias:2.3,Multiplicity:1.20
0.001	0.997	0.001	0.001
0.997	0.001	0.001	0.001
0.001	0.001	0.001	0.997
0.001	0.001	0.001	0.997
0.997	0.001	0.001	0.001
0.001	0.001	0.997	0.001
0.001	0.001	0.001	0.997
0.997	0.001	0.001	0.001
0.001	0.001	0.001	0.997
0.156	0.001	0.001	0.842
>AAGGGAGTTT	24-AAGGGAGTTT	11.344398	-6.489209	0	T:3.0(1.16%),B:2.6(0.11%),P:1e-2	Tpos:130.3,Tstd:74.0,Bpos:147.6,Bstd:74.4,StrandBias:-1.8,Multiplicity:3.00
0.997	0.001	0.001	0.001
0.997	0.001	0.001	0.001
0.091	0.001	0.907	0.001
0.001	0.001	0.997	0.001
0.001	0.001	0.997	0.001
0.997	0.001	0.001	0.001
0.001	0.001	0.997	0.001
0.091	0.001	0.001	0.907
0.001	0.001	0.001	0.997
0.001	0.001	0.001	0.997
>ATTTTACACT	25-ATTTTACACT	10.296193	-1.615810	0	T:1.0(0.39%),B:2.4(0.10%),P:1e0	Tpos:202.5,Tstd:25.6,Bpos:131.0,Bstd:60.2,StrandBias:10.0,Multiplicity:6.00
0.700	0.100	0.100	0.100
0.100	0.100	0.100	0.700
0.100	0.100	0.100	0.700
0.100	0.100	0.100	0.700
0.100	0.100	0.100	0.700
0.700	0.100	0.100	0.100
0.100	0.700	0.100	0.100
0.700	0.100	0.100	0.100
0.100	0.700	0.100	0.100
0.100	0.100	0.100	0.700
