>ACACGAGG	1-ACACGAGG	6.843321	-22.710840	0	T:38.0(14.67%),B:104.3(4.46%),P:1e-9	Tpos:105.0,Tstd:63.7,Bpos:128.9,Bstd:74.5,StrandBias:0.0,Multiplicity:1.06
0.950	0.023	0.026	0.001
0.283	0.460	0.171	0.087
0.922	0.023	0.054	0.001
0.001	0.952	0.046	0.001
0.093	0.032	0.851	0.024
0.936	0.001	0.062	0.001
0.001	0.001	0.972	0.026
0.001	0.001	0.997	0.001
>CCCKRCGA	2-CCCKRCGA	7.315955	-22.215336	0	T:21.0(8.11%),B:33.2(1.42%),P:1e-9	Tpos:130.3,Tstd:57.5,Bpos:114.5,Bstd:63.8,StrandBias:-0.1,Multiplicity:1.11
0.001	0.896	0.102	0.001
0.001	0.867	0.001	0.131
0.003	0.812	0.184	0.001
0.001	0.031	0.536	0.432
0.539	0.001	0.459	0.001
0.031	0.751	0.213	0.005
0.001	0.001	0.892	0.106
0.521	0.002	0.188	0.289
>GAACTTAG	3-GAACTTAG	9.232532	-18.353967	0	T:14.0(5.41%),B:17.1(0.73%),P:1e-7	Tpos:156.5,Tstd:73.7,Bpos:126.2,Bstd:68.8,StrandBias:0.0,Multiplicity:1.00
0.001	0.001	0.997	0.001
0.997	0.001	0.001	0.001
0.997	0.001	0.001	0.001
0.001	0.997	0.001	0.001
0.001	0.001	0.001	0.997
0.001	0.292	0.001	0.706
0.997	0.001	0.001	0.001
0.225	0.001	0.773	0.001
>CGCCCAAT	4-CGCCCAAT	6.388227	-17.658993	0	T:50.0(19.31%),B:195.7(8.36%),P:1e-7	Tpos:107.6,Tstd:69.7,Bpos:127.7,Bstd:67.9,StrandBias:-0.9,Multiplicity:1.14
0.246	0.752	0.001	0.001
0.001	0.001	0.824	0.174
0.044	0.907	0.001	0.048
0.001	0.944	0.054	0.001
0.300	0.671	0.001	0.028
0.826	0.069	0.104	0.001
0.657	0.080	0.058	0.205
0.001	0.212	0.074	0.713
>CCCTTCTC	5-CCCTTCTC	7.360968	-17.124599	0	T:36.0(13.90%),B:117.2(5.01%),P:1e-7	Tpos:116.6,Tstd:67.0,Bpos:140.8,Bstd:75.6,StrandBias:0.4,Multiplicity:1.29
0.057	0.941	0.001	0.001
0.001	0.997	0.001	0.001
0.001	0.947	0.001	0.051
0.001	0.018	0.001	0.980
0.031	0.071	0.001	0.897
0.161	0.635	0.105	0.099
0.001	0.155	0.001	0.843
0.001	0.948	0.025	0.026
>CAGGTCST	6-CAGGTCST	7.169940	-16.113222	0	T:31.0(11.97%),B:96.0(4.10%),P:1e-6	Tpos:145.8,Tstd:54.1,Bpos:138.5,Bstd:69.2,StrandBias:0.1,Multiplicity:1.07
0.001	0.721	0.001	0.277
0.611	0.001	0.133	0.255
0.030	0.001	0.968	0.001
0.184	0.275	0.444	0.097
0.121	0.001	0.001	0.877
0.167	0.495	0.334	0.003
0.001	0.453	0.545	0.001
0.138	0.001	0.001	0.860
>TTTGTGCC	7-TTTGTGCC	8.227489	-15.807842	0	T:33.0(12.74%),B:107.1(4.58%),P:1e-6	Tpos:125.6,Tstd:69.0,Bpos:127.7,Bstd:76.5,StrandBias:-0.9,Multiplicity:1.15
0.001	0.001	0.001	0.997
0.001	0.001	0.119	0.879
0.136	0.001	0.001	0.862
0.142	0.001	0.856	0.001
0.001	0.001	0.001	0.997
0.001	0.001	0.997	0.001
0.127	0.871	0.001	0.001
0.102	0.896	0.001	0.001
>AATTCCGA	8-AATTCCGA	4.888760	-15.550923	0	T:122.0(47.10%),B:742.9(31.76%),P:1e-6	Tpos:131.9,Tstd:73.2,Bpos:122.8,Bstd:78.4,StrandBias:0.1,Multiplicity:1.40
0.743	0.065	0.047	0.145
0.769	0.071	0.146	0.014
0.026	0.065	0.091	0.818
0.083	0.083	0.122	0.712
0.072	0.747	0.130	0.051
0.041	0.655	0.114	0.190
0.120	0.071	0.762	0.047
0.805	0.039	0.074	0.082
>GGGTCGAG	9-GGGTCGAG	8.940691	-14.800884	0	T:9.0(3.47%),B:8.6(0.37%),P:1e-6	Tpos:96.3,Tstd:29.3,Bpos:150.6,Bstd:40.0,StrandBias:-1.0,Multiplicity:1.00
0.001	0.001	0.997	0.001
0.001	0.119	0.879	0.001
0.001	0.001	0.997	0.001
0.001	0.001	0.001	0.997
0.001	0.997	0.001	0.001
0.001	0.001	0.997	0.001
0.997	0.001	0.001	0.001
0.001	0.001	0.997	0.001
>GAGATCGA	10-GAGATCGA	5.607129	-14.160055	0	T:54.0(20.85%),B:245.3(10.49%),P:1e-6	Tpos:126.2,Tstd:69.2,Bpos:127.8,Bstd:81.8,StrandBias:0.2,Multiplicity:1.30
0.001	0.001	0.997	0.001
0.897	0.058	0.001	0.044
0.170	0.158	0.671	0.001
0.894	0.001	0.001	0.104
0.021	0.001	0.038	0.940
0.001	0.997	0.001	0.001
0.001	0.019	0.979	0.001
0.731	0.001	0.267	0.001
>AGAAAAGT	11-AGAAAAGT	8.792755	-14.140291	0	T:34.0(13.13%),B:121.2(5.18%),P:1e-6	Tpos:161.4,Tstd:74.7,Bpos:130.5,Bstd:88.5,StrandBias:-0.2,Multiplicity:1.00
0.845	0.001	0.001	0.153
0.001	0.001	0.997	0.001
0.921	0.077	0.001	0.001
0.997	0.001	0.001	0.001
0.997	0.001	0.001	0.001
0.997	0.001	0.001	0.001
0.274	0.001	0.724	0.001
0.001	0.001	0.001	0.997
>AASCACTG	12-AASCACTG	7.571614	-12.831860	0	T:44.0(16.99%),B:190.5(8.14%),P:1e-5	Tpos:106.0,Tstd:62.9,Bpos:120.8,Bstd:78.8,StrandBias:1.1,Multiplicity:1.27
0.577	0.421	0.001	0.001
0.976	0.001	0.022	0.001
0.199	0.262	0.371	0.168
0.085	0.602	0.312	0.001
0.956	0.001	0.042	0.001
0.001	0.947	0.001	0.051
0.111	0.064	0.001	0.824
0.001	0.001	0.956	0.042
>TGCATGCA	13-TGCATGCA	7.286185	-12.258491	0	T:33.0(12.74%),B:126.8(5.42%),P:1e-5	Tpos:117.3,Tstd:62.1,Bpos:124.5,Bstd:72.2,StrandBias:0.3,Multiplicity:1.19
0.001	0.001	0.014	0.984
0.015	0.080	0.653	0.252
0.001	0.895	0.001	0.103
0.946	0.052	0.001	0.001
0.114	0.080	0.001	0.805
0.001	0.001	0.997	0.001
0.001	0.997	0.001	0.001
0.931	0.001	0.067	0.001
>TCCTAACT	14-TCCTAACT	8.236954	-11.893381	0	T:6.0(2.32%),B:4.5(0.19%),P:1e-5	Tpos:139.8,Tstd:66.8,Bpos:121.4,Bstd:79.0,StrandBias:-2.0,Multiplicity:1.00
0.100	0.100	0.100	0.700
0.100	0.700	0.100	0.100
0.100	0.700	0.100	0.100
0.100	0.100	0.100	0.700
0.700	0.100	0.100	0.100
0.700	0.100	0.100	0.100
0.100	0.700	0.100	0.100
0.100	0.100	0.100	0.700
>GKCGCATC	15-GKCGCATC	8.237911	-10.876093	0	T:13.0(5.02%),B:28.3(1.21%),P:1e-4	Tpos:99.9,Tstd:57.9,Bpos:127.4,Bstd:78.2,StrandBias:1.9,Multiplicity:1.08
0.001	0.001	0.997	0.001
0.001	0.001	0.522	0.476
0.001	0.858	0.001	0.140
0.001	0.001	0.997	0.001
0.119	0.879	0.001	0.001
0.997	0.001	0.001	0.001
0.001	0.001	0.001	0.997
0.001	0.997	0.001	0.001
>ATCAGTAG	16-ATCAGTAG	7.043039	-10.471444	0	T:15.0(5.79%),B:38.4(1.64%),P:1e-4	Tpos:115.8,Tstd:70.4,Bpos:120.2,Bstd:76.3,StrandBias:0.7,Multiplicity:1.07
0.997	0.001	0.001	0.001
0.363	0.001	0.001	0.635
0.001	0.997	0.001	0.001
0.949	0.049	0.001	0.001
0.001	0.001	0.997	0.001
0.001	0.001	0.001	0.997
0.997	0.001	0.001	0.001
0.001	0.001	0.997	0.001
>TKCCAACG	17-TKCCAACG	7.735093	-9.895106	0	T:28.0(10.81%),B:111.7(4.78%),P:1e-4	Tpos:112.7,Tstd:68.6,Bpos:133.4,Bstd:67.8,StrandBias:0.0,Multiplicity:1.08
0.001	0.001	0.001	0.997
0.164	0.001	0.377	0.458
0.385	0.613	0.001	0.001
0.001	0.834	0.001	0.164
0.997	0.001	0.001	0.001
0.622	0.001	0.001	0.376
0.001	0.613	0.385	0.001
0.001	0.001	0.997	0.001
>GGCAGCCA	18-GGCAGCCA	7.648036	-9.138609	0	T:14.0(5.41%),B:38.7(1.65%),P:1e-3	Tpos:133.5,Tstd:66.0,Bpos:124.4,Bstd:73.3,StrandBias:0.0,Multiplicity:1.00
0.001	0.108	0.890	0.001
0.001	0.001	0.997	0.001
0.075	0.923	0.001	0.001
0.665	0.001	0.037	0.297
0.048	0.001	0.950	0.001
0.001	0.997	0.001	0.001
0.001	0.895	0.056	0.048
0.571	0.258	0.001	0.170
>ATAGAGGA	19-ATAGAGGA	10.698114	-8.075549	0	T:8.0(3.09%),B:15.6(0.67%),P:1e-3	Tpos:120.9,Tstd:57.3,Bpos:154.0,Bstd:70.5,StrandBias:1.0,Multiplicity:1.12
0.925	0.001	0.073	0.001
0.001	0.001	0.001	0.997
0.997	0.001	0.001	0.001
0.001	0.001	0.997	0.001
0.890	0.001	0.108	0.001
0.001	0.001	0.997	0.001
0.165	0.001	0.833	0.001
0.997	0.001	0.001	0.001
>GCTGAACA	20-GCTGAACA	8.236954	-6.945296	0	T:6.0(2.32%),B:10.8(0.46%),P:1e-3	Tpos:123.8,Tstd:73.3,Bpos:106.5,Bstd:59.0,StrandBias:-1.2,Multiplicity:1.67
0.100	0.100	0.700	0.100
0.100	0.700	0.100	0.100
0.100	0.100	0.100	0.700
0.100	0.100	0.700	0.100
0.700	0.100	0.100	0.100
0.700	0.100	0.100	0.100
0.100	0.700	0.100	0.100
0.700	0.100	0.100	0.100
>CACGTGTK	21-CACGTGTK	7.401461	-6.735720	0	T:29.0(11.20%),B:142.9(6.11%),P:1e-2	Tpos:128.6,Tstd:49.7,Bpos:128.9,Bstd:73.0,StrandBias:-0.1,Multiplicity:1.45
0.090	0.908	0.001	0.001
0.655	0.343	0.001	0.001
0.001	0.997	0.001	0.001
0.001	0.001	0.997	0.001
0.001	0.001	0.001	0.997
0.001	0.001	0.997	0.001
0.143	0.001	0.001	0.855
0.001	0.001	0.502	0.496
>GCAGCTCG	22-GCAGCTCG	8.236954	-5.998549	0	T:4.0(1.54%),B:5.5(0.23%),P:1e-2	Tpos:195.0,Tstd:26.2,Bpos:166.3,Bstd:10.2,StrandBias:-1.6,Multiplicity:1.00
0.100	0.100	0.700	0.100
0.100	0.700	0.100	0.100
0.700	0.100	0.100	0.100
0.100	0.100	0.700	0.100
0.100	0.700	0.100	0.100
0.100	0.100	0.100	0.700
0.100	0.700	0.100	0.100
0.100	0.100	0.700	0.100
