>RTACAATAGC	1-RTACAATAGC	9.326897	-41.487102	0	T:17.0(18.68%),B:19.2(0.79%),P:1e-18	Tpos:138.7,Tstd:69.5,Bpos:139.9,Bstd:79.3,StrandBias:-0.5,Multiplicity:1.12
0.480	0.001	0.518	0.001
0.001	0.308	0.001	0.690
0.603	0.198	0.001	0.198
0.001	0.997	0.001	0.001
0.997	0.001	0.001	0.001
0.997	0.001	0.001	0.001
0.001	0.001	0.001	0.997
0.801	0.001	0.197	0.001
0.203	0.001	0.697	0.099
0.177	0.821	0.001	0.001
>CTTTTGTYTY	2-CTTTTGTYTY	9.319576	-36.066619	0	T:26.0(28.57%),B:90.7(3.72%),P:1e-15	Tpos:109.2,Tstd:65.5,Bpos:149.1,Bstd:93.3,StrandBias:0.0,Multiplicity:1.08
0.001	0.891	0.056	0.052
0.001	0.104	0.001	0.894
0.001	0.010	0.001	0.988
0.001	0.001	0.001	0.997
0.016	0.001	0.001	0.982
0.001	0.208	0.733	0.058
0.001	0.001	0.001	0.997
0.001	0.500	0.001	0.498
0.104	0.095	0.024	0.777
0.001	0.450	0.132	0.418
>AACAATGGTT	3-AACAATGGTT	10.869397	-33.006331	0	T:9.0(9.89%),B:3.9(0.16%),P:1e-14	Tpos:137.6,Tstd:60.4,Bpos:106.3,Bstd:64.1,StrandBias:-0.3,Multiplicity:1.00
0.789	0.001	0.105	0.105
0.894	0.001	0.001	0.104
0.001	0.997	0.001	0.001
0.997	0.001	0.001	0.001
0.894	0.001	0.104	0.001
0.104	0.001	0.001	0.894
0.001	0.001	0.997	0.001
0.001	0.071	0.865	0.063
0.104	0.001	0.001	0.894
0.001	0.001	0.001	0.997
>CAAAGGAGTT	4-CAAAGGAGTT	7.693334	-26.465305	0	T:25.0(27.47%),B:125.2(5.13%),P:1e-11	Tpos:110.2,Tstd:62.3,Bpos:128.2,Bstd:84.8,StrandBias:0.3,Multiplicity:1.23
0.051	0.804	0.097	0.048
0.903	0.048	0.048	0.001
0.902	0.001	0.096	0.001
0.900	0.001	0.001	0.098
0.242	0.001	0.709	0.048
0.097	0.172	0.692	0.039
0.805	0.001	0.193	0.001
0.184	0.001	0.718	0.097
0.099	0.220	0.001	0.680
0.001	0.001	0.096	0.902
>GMTGTGGGGC	5-GMTGTGGGGC	7.557588	-24.461219	0	T:17.0(18.68%),B:56.0(2.29%),P:1e-10	Tpos:151.5,Tstd:50.3,Bpos:113.1,Bstd:67.8,StrandBias:0.5,Multiplicity:1.06
0.215	0.108	0.569	0.108
0.322	0.461	0.001	0.216
0.001	0.005	0.001	0.993
0.005	0.001	0.993	0.001
0.215	0.107	0.001	0.677
0.113	0.001	0.880	0.006
0.108	0.120	0.664	0.108
0.108	0.006	0.772	0.114
0.006	0.006	0.987	0.001
0.001	0.968	0.001	0.030
>AGAGAATAGS	6-AGAGAATAGS	9.913211	-24.283619	0	T:11.0(12.09%),B:16.2(0.66%),P:1e-10	Tpos:117.5,Tstd:58.9,Bpos:118.6,Bstd:75.1,StrandBias:-1.4,Multiplicity:1.00
0.997	0.001	0.001	0.001
0.278	0.001	0.720	0.001
0.829	0.001	0.169	0.001
0.001	0.278	0.524	0.197
0.997	0.001	0.001	0.001
0.829	0.001	0.169	0.001
0.001	0.001	0.001	0.997
0.829	0.169	0.001	0.001
0.169	0.001	0.829	0.001
0.001	0.463	0.535	0.001
>TCGACACAAA	7-TCGACACAAA	11.547168	-24.178287	0	T:7.0(7.69%),B:3.7(0.15%),P:1e-10	Tpos:144.6,Tstd:62.3,Bpos:220.3,Bstd:16.7,StrandBias:-0.4,Multiplicity:1.00
0.001	0.001	0.001	0.997
0.001	0.916	0.082	0.001
0.001	0.001	0.997	0.001
0.997	0.001	0.001	0.001
0.001	0.997	0.001	0.001
0.844	0.154	0.001	0.001
0.001	0.844	0.001	0.154
0.997	0.001	0.001	0.001
0.997	0.001	0.001	0.001
0.844	0.154	0.001	0.001
>CAATGAAGCG	8-CAATGAAGCG	7.550169	-23.708669	0	T:19.0(20.88%),B:76.6(3.14%),P:1e-10	Tpos:118.6,Tstd:61.7,Bpos:136.6,Bstd:77.1,StrandBias:-0.1,Multiplicity:1.11
0.127	0.568	0.001	0.304
0.772	0.091	0.046	0.091
0.731	0.095	0.036	0.138
0.127	0.091	0.001	0.781
0.047	0.129	0.778	0.046
0.832	0.046	0.091	0.031
0.935	0.001	0.001	0.063
0.046	0.047	0.843	0.064
0.001	0.908	0.090	0.001
0.046	0.046	0.862	0.046
>ATTCAGTCGA	9-ATTCAGTCGA	6.919602	-22.852746	0	T:26.0(28.57%),B:161.7(6.63%),P:1e-9	Tpos:132.0,Tstd:63.1,Bpos:125.7,Bstd:81.0,StrandBias:0.4,Multiplicity:1.09
0.831	0.042	0.085	0.042
0.001	0.001	0.042	0.956
0.044	0.001	0.044	0.911
0.084	0.873	0.001	0.042
0.831	0.084	0.001	0.084
0.113	0.085	0.675	0.127
0.042	0.127	0.086	0.745
0.127	0.589	0.169	0.115
0.155	0.042	0.730	0.073
0.874	0.042	0.042	0.042
>GGCTGATGCG	10-GGCTGATGCG	9.306792	-22.376822	0	T:6.0(6.59%),B:2.4(0.10%),P:1e-9	Tpos:101.2,Tstd:54.6,Bpos:147.6,Bstd:44.4,StrandBias:0.0,Multiplicity:1.00
0.009	0.001	0.832	0.158
0.001	0.001	0.840	0.158
0.317	0.524	0.001	0.158
0.001	0.001	0.158	0.840
0.001	0.009	0.989	0.001
0.514	0.317	0.001	0.168
0.001	0.001	0.001	0.997
0.001	0.001	0.831	0.167
0.001	0.840	0.001	0.158
0.001	0.158	0.840	0.001
>ATTAACATTG	11-ATTAACATTG	9.945068	-20.961647	0	T:11.0(12.09%),B:22.4(0.92%),P:1e-9	Tpos:111.4,Tstd:56.8,Bpos:135.8,Bstd:91.4,StrandBias:-1.0,Multiplicity:1.00
0.870	0.128	0.001	0.001
0.128	0.001	0.001	0.870
0.001	0.001	0.001	0.997
0.742	0.001	0.256	0.001
0.912	0.001	0.086	0.001
0.001	0.997	0.001	0.001
0.997	0.001	0.001	0.001
0.128	0.001	0.001	0.870
0.102	0.001	0.150	0.747
0.001	0.128	0.870	0.001
>TGATCGGAAT	12-TGATCGGAAT	11.418612	-17.932634	0	T:5.0(5.49%),B:2.7(0.11%),P:1e-7	Tpos:107.3,Tstd:61.6,Bpos:173.1,Bstd:49.3,StrandBias:2.6,Multiplicity:1.40
0.001	0.001	0.001	0.997
0.001	0.001	0.997	0.001
0.997	0.001	0.001	0.001
0.001	0.001	0.001	0.997
0.001	0.807	0.191	0.001
0.001	0.001	0.575	0.423
0.001	0.191	0.807	0.001
0.997	0.001	0.001	0.001
0.997	0.001	0.001	0.001
0.001	0.001	0.001	0.997
>TTATGCATCA	13-TTATGCATCA	8.882934	-17.065218	0	T:10.0(10.99%),B:25.5(1.05%),P:1e-7	Tpos:148.2,Tstd:51.6,Bpos:116.8,Bstd:76.4,StrandBias:1.0,Multiplicity:1.20
0.001	0.001	0.001	0.997
0.144	0.001	0.001	0.854
0.678	0.320	0.001	0.001
0.001	0.001	0.001	0.997
0.001	0.001	0.997	0.001
0.001	0.997	0.001	0.001
0.854	0.001	0.001	0.144
0.001	0.001	0.144	0.854
0.001	0.900	0.098	0.001
0.997	0.001	0.001	0.001
>SCTGACGTGT	14-SCTGACGTGT	8.971311	-16.878519	0	T:9.0(9.89%),B:19.8(0.81%),P:1e-7	Tpos:111.8,Tstd:52.7,Bpos:150.5,Bstd:81.9,StrandBias:-1.2,Multiplicity:1.11
0.001	0.519	0.479	0.001
0.232	0.465	0.001	0.302
0.001	0.001	0.001	0.997
0.001	0.001	0.997	0.001
0.997	0.001	0.001	0.001
0.001	0.766	0.232	0.001
0.069	0.001	0.929	0.001
0.001	0.001	0.001	0.997
0.001	0.001	0.997	0.001
0.001	0.001	0.001	0.997
>TTATGCAATG	15-TTATGCAATG	8.350283	-16.738486	0	T:14.0(15.38%),B:61.0(2.50%),P:1e-7	Tpos:132.9,Tstd:62.8,Bpos:154.5,Bstd:86.0,StrandBias:0.4,Multiplicity:1.00
0.100	0.100	0.100	0.700
0.100	0.100	0.100	0.700
0.700	0.100	0.100	0.100
0.100	0.100	0.100	0.700
0.100	0.100	0.700	0.100
0.100	0.700	0.100	0.100
0.700	0.100	0.100	0.100
0.700	0.100	0.100	0.100
0.100	0.100	0.100	0.700
0.100	0.100	0.700	0.100
>WCTATCGATA	16-WCTATCGATA	11.034435	-13.681603	0	T:4.0(4.40%),B:2.5(0.10%),P:1e-5	Tpos:160.3,Tstd:60.1,Bpos:106.6,Bstd:40.3,StrandBias:0.0,Multiplicity:1.50
0.456	0.001	0.001	0.542
0.001	0.870	0.128	0.001
0.001	0.001	0.001	0.997
0.997	0.001	0.001	0.001
0.001	0.001	0.001	0.997
0.001	0.870	0.128	0.001
0.001	0.001	0.997	0.001
0.997	0.001	0.001	0.001
0.001	0.001	0.001	0.997
0.997	0.001	0.001	0.001
>TGCTTACATG	17-TGCTTACATG	7.714622	-13.212654	0	T:20.0(21.98%),B:162.8(6.68%),P:1e-5	Tpos:122.6,Tstd:75.9,Bpos:126.0,Bstd:86.0,StrandBias:-0.1,Multiplicity:1.15
0.130	0.046	0.001	0.823
0.001	0.001	0.906	0.092
0.140	0.720	0.047	0.093
0.037	0.001	0.046	0.916
0.001	0.046	0.046	0.907
0.544	0.093	0.270	0.093
0.001	0.830	0.039	0.130
0.859	0.001	0.139	0.001
0.132	0.001	0.001	0.866
0.214	0.047	0.646	0.093
>AAGAATAAGA	18-AAGAATAAGA	13.706932	-11.716305	0	T:3.0(3.30%),B:1.2(0.05%),P:1e-5	Tpos:122.2,Tstd:60.6,Bpos:34.5,Bstd:0.5,StrandBias:-0.6,Multiplicity:1.67
0.997	0.001	0.001	0.001
0.997	0.001	0.001	0.001
0.001	0.001	0.997	0.001
0.997	0.001	0.001	0.001
0.997	0.001	0.001	0.001
0.001	0.001	0.001	0.997
0.997	0.001	0.001	0.001
0.997	0.001	0.001	0.001
0.119	0.001	0.879	0.001
0.997	0.001	0.001	0.001
>CTTTTTTTTT	19-CTTTTTTTTT	10.694865	-10.073565	0	T:11.0(12.09%),B:67.0(2.75%),P:1e-4	Tpos:98.5,Tstd:83.6,Bpos:111.6,Bstd:98.9,StrandBias:-0.5,Multiplicity:1.00
0.001	0.910	0.001	0.088
0.001	0.158	0.115	0.726
0.001	0.001	0.144	0.854
0.001	0.001	0.001	0.997
0.001	0.221	0.001	0.777
0.001	0.001	0.001	0.997
0.168	0.001	0.001	0.830
0.001	0.259	0.001	0.739
0.001	0.001	0.001	0.997
0.001	0.001	0.001	0.997
>GTTTGATTAT	20-GTTTGATTAT	12.206261	-8.812732	0	T:4.0(4.40%),B:7.8(0.32%),P:1e-3	Tpos:138.3,Tstd:63.5,Bpos:112.5,Bstd:62.7,StrandBias:10.0,Multiplicity:1.75
0.001	0.001	0.997	0.001
0.001	0.001	0.001	0.997
0.001	0.001	0.001	0.997
0.001	0.001	0.001	0.997
0.001	0.001	0.997	0.001
0.997	0.001	0.001	0.001
0.196	0.001	0.001	0.802
0.001	0.001	0.001	0.997
0.997	0.001	0.001	0.001
0.001	0.001	0.001	0.997
>AGAGGGTAGT	21-AGAGGGTAGT	10.296193	-7.304648	0	T:2.0(2.20%),B:0.6(0.02%),P:1e-3	Tpos:150.8,Tstd:40.5,Bpos:195.0,Bstd:0.0,StrandBias:2.0,Multiplicity:2.50
0.700	0.100	0.100	0.100
0.100	0.100	0.700	0.100
0.700	0.100	0.100	0.100
0.100	0.100	0.700	0.100
0.100	0.100	0.700	0.100
0.100	0.100	0.700	0.100
0.100	0.100	0.100	0.700
0.700	0.100	0.100	0.100
0.100	0.100	0.700	0.100
0.100	0.100	0.100	0.700
>GTGTAACTAC	22-GTGTAACTAC	7.699598	-5.155829	0	T:2.0(2.20%),B:3.7(0.15%),P:1e-2	Tpos:122.9,Tstd:87.1,Bpos:121.6,Bstd:59.9,StrandBias:0.0,Multiplicity:2.50
0.001	0.173	0.825	0.001
0.001	0.001	0.001	0.997
0.001	0.001	0.997	0.001
0.057	0.001	0.001	0.941
0.997	0.001	0.001	0.001
0.767	0.001	0.231	0.001
0.001	0.941	0.001	0.057
0.001	0.001	0.001	0.997
0.997	0.001	0.001	0.001
0.001	0.997	0.001	0.001
>AAGAACTCCTTT	1-AAGAACTCCTTT	10.653330	-43.686173	0	T:12.0(13.19%),B:5.0(0.20%),P:1e-18	Tpos:106.7,Tstd:70.0,Bpos:158.6,Bstd:74.7,StrandBias:-0.8,Multiplicity:1.00
0.997	0.001	0.001	0.001
0.862	0.001	0.001	0.136
0.137	0.001	0.725	0.137
0.862	0.136	0.001	0.001
0.862	0.001	0.136	0.001
0.136	0.862	0.001	0.001
0.137	0.137	0.137	0.589
0.001	0.862	0.136	0.001
0.001	0.588	0.137	0.274
0.008	0.001	0.001	0.990
0.001	0.001	0.001	0.997
0.001	0.001	0.136	0.862
>ACGCTCGATTGC	2-ACGCTCGATTGC	11.016288	-31.808291	0	T:7.0(7.69%),B:1.1(0.05%),P:1e-13	Tpos:93.4,Tstd:44.8,Bpos:166.9,Bstd:34.7,StrandBias:-1.3,Multiplicity:1.00
0.571	0.285	0.143	0.001
0.142	0.856	0.001	0.001
0.001	0.001	0.997	0.001
0.001	0.997	0.001	0.001
0.142	0.001	0.001	0.856
0.001	0.713	0.001	0.285
0.001	0.143	0.713	0.143
0.997	0.001	0.001	0.001
0.142	0.001	0.001	0.856
0.001	0.001	0.001	0.997
0.001	0.001	0.856	0.142
0.142	0.856	0.001	0.001
>WGAMAAAGYCRC	3-WGAMAAAGYCRC	10.642450	-31.741049	0	T:8.0(8.79%),B:2.6(0.11%),P:1e-13	Tpos:107.6,Tstd:59.0,Bpos:213.1,Bstd:5.1,StrandBias:0.7,Multiplicity:1.00
0.564	0.001	0.001	0.434
0.001	0.001	0.997	0.001
0.997	0.001	0.001	0.001
0.434	0.564	0.001	0.001
0.997	0.001	0.001	0.001
0.970	0.001	0.001	0.028
0.997	0.001	0.001	0.001
0.001	0.001	0.997	0.001
0.001	0.564	0.001	0.434
0.101	0.897	0.001	0.001
0.434	0.001	0.564	0.001
0.001	0.997	0.001	0.001
>AWKCTWTTGTTT	4-AWKCTWTTGTTT	7.374435	-31.682853	0	T:54.0(59.34%),B:538.0(22.06%),P:1e-13	Tpos:112.7,Tstd:66.8,Bpos:127.9,Bstd:93.0,StrandBias:0.0,Multiplicity:1.48
0.540	0.054	0.027	0.379
0.351	0.027	0.218	0.404
0.027	0.163	0.405	0.405
0.054	0.650	0.054	0.242
0.001	0.296	0.028	0.675
0.512	0.001	0.081	0.406
0.001	0.001	0.079	0.919
0.001	0.001	0.053	0.945
0.107	0.216	0.676	0.001
0.053	0.053	0.001	0.893
0.107	0.053	0.001	0.839
0.027	0.324	0.001	0.648
>TAACAATGYTTW	5-TAACAATGYTTW	11.117324	-27.945150	0	T:10.0(10.99%),B:8.4(0.34%),P:1e-12	Tpos:136.4,Tstd:55.7,Bpos:106.8,Bstd:84.3,StrandBias:1.0,Multiplicity:1.20
0.143	0.001	0.274	0.582
0.997	0.001	0.001	0.001
0.725	0.001	0.273	0.001
0.001	0.997	0.001	0.001
0.997	0.001	0.001	0.001
0.848	0.001	0.001	0.150
0.001	0.001	0.001	0.997
0.001	0.001	0.997	0.001
0.001	0.431	0.274	0.294
0.273	0.001	0.001	0.725
0.307	0.001	0.001	0.691
0.437	0.001	0.001	0.561
>TCGCTGTGGGGC	6-TCGCTGTGGGGC	10.258853	-26.986404	0	T:7.0(7.69%),B:2.4(0.10%),P:1e-11	Tpos:150.1,Tstd:59.9,Bpos:151.6,Bstd:29.9,StrandBias:0.4,Multiplicity:1.00
0.070	0.001	0.308	0.621
0.001	0.913	0.001	0.085
0.302	0.001	0.696	0.001
0.001	0.696	0.001	0.302
0.001	0.302	0.001	0.696
0.001	0.001	0.997	0.001
0.001	0.001	0.001	0.997
0.302	0.001	0.696	0.001
0.302	0.001	0.696	0.001
0.303	0.001	0.626	0.070
0.001	0.001	0.997	0.001
0.001	0.680	0.001	0.318
>CTTTGTTAAGTT	7-CTTTGTTAAGTT	11.359680	-26.986404	0	T:7.0(7.69%),B:2.3(0.10%),P:1e-11	Tpos:122.9,Tstd:68.1,Bpos:171.7,Bstd:3.7,StrandBias:-1.3,Multiplicity:1.00
0.001	0.696	0.302	0.001
0.001	0.001	0.302	0.696
0.001	0.001	0.001	0.997
0.001	0.001	0.001	0.997
0.001	0.001	0.997	0.001
0.001	0.001	0.001	0.997
0.087	0.305	0.001	0.607
0.997	0.001	0.001	0.001
0.997	0.001	0.001	0.001
0.372	0.001	0.626	0.001
0.016	0.303	0.070	0.611
0.001	0.323	0.001	0.675
>ATGGTTCATTTG	8-ATGGTTCATTTG	11.194196	-21.368996	0	T:5.0(5.49%),B:0.4(0.01%),P:1e-9	Tpos:126.4,Tstd:51.0,Bpos:226.0,Bstd:0.0,StrandBias:2.0,Multiplicity:1.00
0.726	0.109	0.055	0.110
0.005	0.109	0.001	0.885
0.055	0.055	0.661	0.229
0.055	0.164	0.672	0.109
0.108	0.001	0.001	0.890
0.001	0.001	0.054	0.944
0.110	0.671	0.055	0.164
0.722	0.060	0.109	0.109
0.109	0.164	0.164	0.563
0.109	0.055	0.055	0.781
0.164	0.001	0.054	0.781
0.109	0.005	0.717	0.169
>MRAAKCACTKAA	9-MRAAKCACTKAA	10.312230	-19.973895	0	T:6.0(6.59%),B:3.4(0.14%),P:1e-8	Tpos:128.9,Tstd:81.8,Bpos:107.8,Bstd:45.3,StrandBias:-0.4,Multiplicity:1.17
0.538	0.460	0.001	0.001
0.564	0.001	0.434	0.001
0.997	0.001	0.001	0.001
0.997	0.001	0.001	0.001
0.001	0.052	0.460	0.487
0.001	0.997	0.001	0.001
0.997	0.001	0.001	0.001
0.025	0.973	0.001	0.001
0.001	0.025	0.001	0.973
0.001	0.001	0.538	0.460
0.997	0.001	0.001	0.001
0.997	0.001	0.001	0.001
>CTGCTTTGATTC	10-CTGCTTTGATTC	10.243544	-18.277659	0	T:6.0(6.59%),B:4.9(0.20%),P:1e-7	Tpos:94.1,Tstd:69.7,Bpos:69.2,Bstd:54.7,StrandBias:-0.4,Multiplicity:1.17
0.058	0.940	0.001	0.001
0.001	0.001	0.001	0.997
0.001	0.001	0.997	0.001
0.001	0.696	0.001	0.302
0.001	0.001	0.001	0.997
0.001	0.001	0.001	0.997
0.393	0.001	0.001	0.605
0.001	0.393	0.605	0.001
0.997	0.001	0.001	0.001
0.001	0.001	0.001	0.997
0.001	0.001	0.393	0.605
0.302	0.696	0.001	0.001
>GGGTTTGATTAT	11-GGGTTTGATTAT	11.997468	-17.932634	0	T:5.0(5.49%),B:2.7(0.11%),P:1e-7	Tpos:152.0,Tstd:69.1,Bpos:194.5,Bstd:16.6,StrandBias:10.0,Multiplicity:1.60
0.001	0.158	0.840	0.001
0.317	0.001	0.486	0.196
0.001	0.158	0.840	0.001
0.158	0.158	0.001	0.683
0.001	0.001	0.001	0.997
0.001	0.001	0.001	0.997
0.158	0.158	0.683	0.001
0.997	0.001	0.001	0.001
0.158	0.001	0.001	0.840
0.001	0.001	0.001	0.997
0.682	0.001	0.001	0.316
0.001	0.001	0.001	0.997
>TAAATATGTTBH	12-TAAATATGTTBH	12.850154	-17.932634	0	T:5.0(5.49%),B:2.1(0.08%),P:1e-7	Tpos:202.6,Tstd:54.8,Bpos:112.1,Bstd:66.6,StrandBias:-0.6,Multiplicity:1.00
0.302	0.001	0.001	0.696
0.997	0.001	0.001	0.001
0.976	0.001	0.001	0.022
0.997	0.001	0.001	0.001
0.001	0.001	0.325	0.673
0.976	0.001	0.022	0.001
0.001	0.001	0.001	0.997
0.001	0.001	0.997	0.001
0.001	0.001	0.001	0.997
0.001	0.001	0.001	0.997
0.001	0.303	0.394	0.303
0.303	0.394	0.001	0.303
>GAAGAACAAAGA	13-GAAGAACAAAGA	11.042719	-15.904554	0	T:6.0(6.59%),B:6.8(0.28%),P:1e-6	Tpos:122.0,Tstd:62.8,Bpos:180.9,Bstd:78.3,StrandBias:-0.4,Multiplicity:1.17
0.001	0.001	0.997	0.001
0.605	0.001	0.001	0.393
0.997	0.001	0.001	0.001
0.001	0.332	0.666	0.001
0.997	0.001	0.001	0.001
0.666	0.001	0.030	0.303
0.302	0.696	0.001	0.001
0.997	0.001	0.001	0.001
0.997	0.001	0.001	0.001
0.696	0.302	0.001	0.001
0.001	0.001	0.997	0.001
0.997	0.001	0.001	0.001
>TTCTTTTGTTTT	14-TTCTTTTGTTTT	12.038191	-14.003466	0	T:10.0(10.99%),B:35.1(1.44%),P:1e-6	Tpos:116.1,Tstd:95.8,Bpos:129.9,Bstd:98.8,StrandBias:-1.1,Multiplicity:1.00
0.137	0.137	0.137	0.589
0.136	0.001	0.001	0.862
0.001	0.549	0.138	0.312
0.001	0.137	0.159	0.703
0.014	0.001	0.137	0.848
0.001	0.001	0.001	0.997
0.001	0.001	0.001	0.997
0.137	0.001	0.687	0.175
0.001	0.001	0.022	0.976
0.001	0.137	0.001	0.861
0.001	0.001	0.136	0.862
0.151	0.001	0.001	0.847
>CACAATCCCACT	15-CACAATCCCACT	11.811695	-11.716305	0	T:3.0(3.30%),B:1.9(0.08%),P:1e-5	Tpos:182.5,Tstd:67.6,Bpos:113.4,Bstd:69.5,StrandBias:-1.6,Multiplicity:1.33
0.001	0.997	0.001	0.001
0.997	0.001	0.001	0.001
0.091	0.605	0.001	0.303
0.997	0.001	0.001	0.001
0.997	0.001	0.001	0.001
0.001	0.001	0.001	0.997
0.001	0.997	0.001	0.001
0.001	0.997	0.001	0.001
0.001	0.997	0.001	0.001
0.997	0.001	0.001	0.001
0.091	0.605	0.001	0.303
0.001	0.001	0.001	0.997
>AGTGTCGCCACA	16-AGTGTCGCCACA	12.730530	-9.663875	0	T:3.0(3.30%),B:2.2(0.09%),P:1e-4	Tpos:102.5,Tstd:87.6,Bpos:46.0,Bstd:0.0,StrandBias:-1.6,Multiplicity:1.33
0.997	0.001	0.001	0.001
0.001	0.357	0.641	0.001
0.001	0.001	0.302	0.696
0.001	0.001	0.997	0.001
0.001	0.001	0.001	0.997
0.393	0.605	0.001	0.001
0.320	0.001	0.678	0.001
0.001	0.660	0.001	0.338
0.001	0.605	0.001	0.393
0.997	0.001	0.001	0.001
0.001	0.997	0.001	0.001
0.981	0.017	0.001	0.001
>CCCTCTAAGGCT	17-CCCTCTAAGGCT	11.550482	-7.304648	0	T:2.0(2.20%),B:0.0(0.00%),P:1e-3	Tpos:145.1,Tstd:50.6,Bpos:0.0,Bstd:0.0,StrandBias:-0.4,Multiplicity:3.50
0.001	0.997	0.001	0.001
0.001	0.997	0.001	0.001
0.001	0.997	0.001	0.001
0.211	0.001	0.001	0.787
0.001	0.745	0.001	0.253
0.001	0.001	0.001	0.997
0.743	0.001	0.254	0.002
0.730	0.001	0.001	0.268
0.001	0.266	0.731	0.002
0.205	0.001	0.793	0.001
0.268	0.730	0.001	0.001
0.002	0.001	0.048	0.949
>ATCTGAATACTG	18-ATCTGAATACTG	10.409522	-7.304648	0	T:2.0(2.20%),B:1.4(0.06%),P:1e-3	Tpos:94.2,Tstd:72.9,Bpos:135.0,Bstd:0.0,StrandBias:10.0,Multiplicity:2.00
0.700	0.100	0.100	0.100
0.100	0.100	0.100	0.700
0.100	0.700	0.100	0.100
0.100	0.100	0.100	0.700
0.100	0.100	0.700	0.100
0.700	0.100	0.100	0.100
0.700	0.100	0.100	0.100
0.100	0.100	0.100	0.700
0.700	0.100	0.100	0.100
0.100	0.700	0.100	0.100
0.100	0.100	0.100	0.700
0.100	0.100	0.700	0.100
>TAGTGGAAATAG	19-TAGTGGAAATAG	12.355432	-3.306477	0	T:1.0(1.10%),B:0.0(0.00%),P:1e-1	Tpos:169.5,Tstd:36.9,Bpos:0.0,Bstd:0.0,StrandBias:10.0,Multiplicity:4.00
0.100	0.100	0.100	0.700
0.700	0.100	0.100	0.100
0.100	0.100	0.700	0.100
0.100	0.100	0.100	0.700
0.100	0.100	0.700	0.100
0.100	0.100	0.700	0.100
0.700	0.100	0.100	0.100
0.700	0.100	0.100	0.100
0.700	0.100	0.100	0.100
0.100	0.100	0.100	0.700
0.700	0.100	0.100	0.100
0.100	0.100	0.700	0.100
>CTTTGT	1-CTTTGT	6.177716	-23.046712	0	T:46.0(50.55%),B:490.0(20.09%),P:1e-10	Tpos:117.2,Tstd:64.6,Bpos:130.0,Bstd:85.2,StrandBias:0.0,Multiplicity:1.35
0.100	0.700	0.100	0.100
0.100	0.100	0.100	0.700
0.100	0.100	0.100	0.700
0.100	0.100	0.100	0.700
0.100	0.100	0.700	0.100
0.100	0.100	0.100	0.700
>CAAAAG	2-CAAAAG	7.335159	-12.837247	0	T:50.0(54.95%),B:764.7(31.36%),P:1e-5	Tpos:118.6,Tstd:66.3,Bpos:127.2,Bstd:88.0,StrandBias:-0.3,Multiplicity:1.54
0.001	0.997	0.001	0.001
0.997	0.001	0.001	0.001
0.997	0.001	0.001	0.001
0.618	0.001	0.001	0.380
0.997	0.001	0.001	0.001
0.001	0.001	0.997	0.001
>CTGAAT	3-CTGAAT	5.490468	-11.368526	0	T:46.0(50.55%),B:705.9(28.95%),P:1e-4	Tpos:119.8,Tstd:64.9,Bpos:128.8,Bstd:79.6,StrandBias:0.5,Multiplicity:1.53
0.001	0.997	0.001	0.001
0.001	0.001	0.152	0.846
0.001	0.001	0.997	0.001
0.604	0.394	0.001	0.001
0.997	0.001	0.001	0.001
0.001	0.001	0.001	0.997
>AAGAAT	4-AAGAAT	6.775268	-10.274343	0	T:65.0(71.43%),B:1227.4(50.33%),P:1e-4	Tpos:129.2,Tstd:67.2,Bpos:125.3,Bstd:88.7,StrandBias:-0.4,Multiplicity:2.08
0.997	0.001	0.001	0.001
0.997	0.001	0.001	0.001
0.001	0.324	0.674	0.001
0.668	0.330	0.001	0.001
0.997	0.001	0.001	0.001
0.001	0.001	0.001	0.997
>ACCGTG	5-ACCGTG	6.177716	-7.677693	0	T:15.0(16.48%),B:151.3(6.20%),P:1e-3	Tpos:132.7,Tstd:65.6,Bpos:128.9,Bstd:80.1,StrandBias:-0.5,Multiplicity:1.27
0.700	0.100	0.100	0.100
0.100	0.700	0.100	0.100
0.100	0.700	0.100	0.100
0.100	0.100	0.700	0.100
0.100	0.100	0.100	0.700
0.100	0.100	0.700	0.100
>KACAAWGG	1-KACAAWGG	6.769007	-40.634190	0	T:45.0(49.45%),B:292.0(11.98%),P:1e-17	Tpos:125.9,Tstd:61.9,Bpos:132.1,Bstd:81.6,StrandBias:-0.2,Multiplicity:1.24
0.072	0.085	0.409	0.434
0.997	0.001	0.001	0.001
0.001	0.932	0.066	0.001
0.997	0.001	0.001	0.001
0.997	0.001	0.001	0.001
0.489	0.001	0.001	0.509
0.076	0.001	0.922	0.001
0.001	0.001	0.997	0.001
>GAACAATA	2-GAACAATA	7.555917	-23.729601	0	T:32.0(35.16%),B:238.8(9.79%),P:1e-10	Tpos:118.4,Tstd:60.7,Bpos:127.0,Bstd:86.2,StrandBias:-0.5,Multiplicity:1.26
0.211	0.001	0.787	0.001
0.823	0.110	0.066	0.001
0.975	0.001	0.023	0.001
0.001	0.836	0.162	0.001
0.898	0.100	0.001	0.001
0.997	0.001	0.001	0.001
0.001	0.001	0.001	0.997
0.772	0.023	0.185	0.020
>AACAAAAG	3-AACAAAAG	6.792283	-23.562660	0	T:38.0(41.76%),B:336.6(13.80%),P:1e-10	Tpos:115.8,Tstd:73.8,Bpos:128.5,Bstd:96.5,StrandBias:0.3,Multiplicity:1.37
0.925	0.073	0.001	0.001
0.964	0.001	0.034	0.001
0.001	0.627	0.164	0.208
0.997	0.001	0.001	0.001
0.997	0.001	0.001	0.001
0.940	0.058	0.001	0.001
0.997	0.001	0.001	0.001
0.001	0.001	0.997	0.001
>GACAAAGC	4-GACAAAGC	7.418302	-20.349182	0	T:21.0(23.08%),B:116.0(4.76%),P:1e-8	Tpos:118.7,Tstd:74.7,Bpos:136.8,Bstd:88.5,StrandBias:-0.3,Multiplicity:1.05
0.001	0.324	0.598	0.077
0.961	0.001	0.037	0.001
0.050	0.948	0.001	0.001
0.931	0.067	0.001	0.001
0.997	0.001	0.001	0.001
0.959	0.001	0.039	0.001
0.001	0.001	0.997	0.001
0.001	0.997	0.001	0.001
>TTATTCAG	5-TTATTCAG	4.236641	-19.153826	0	T:41.0(45.05%),B:448.4(18.39%),P:1e-8	Tpos:119.9,Tstd:61.0,Bpos:124.8,Bstd:79.7,StrandBias:0.1,Multiplicity:1.39
0.088	0.001	0.202	0.709
0.001	0.072	0.016	0.911
0.917	0.001	0.081	0.001
0.027	0.003	0.001	0.969
0.001	0.001	0.244	0.754
0.001	0.997	0.001	0.001
0.997	0.001	0.001	0.001
0.001	0.001	0.997	0.001
>CGGAATGC	6-CGGAATGC	8.501117	-17.461075	0	T:11.0(12.09%),B:31.6(1.30%),P:1e-7	Tpos:146.7,Tstd:64.0,Bpos:118.0,Bstd:70.5,StrandBias:1.4,Multiplicity:1.00
0.001	0.749	0.001	0.249
0.001	0.001	0.997	0.001
0.001	0.001	0.997	0.001
0.997	0.001	0.001	0.001
0.997	0.001	0.001	0.001
0.001	0.001	0.001	0.997
0.001	0.001	0.997	0.001
0.001	0.691	0.001	0.307
>ACTGAAGC	7-ACTGAAGC	6.762583	-14.708033	0	T:25.0(27.47%),B:223.7(9.17%),P:1e-6	Tpos:109.4,Tstd:68.3,Bpos:116.9,Bstd:75.8,StrandBias:-0.5,Multiplicity:1.16
0.899	0.042	0.058	0.001
0.081	0.795	0.036	0.088
0.001	0.112	0.040	0.847
0.001	0.037	0.961	0.001
0.808	0.045	0.001	0.146
0.880	0.001	0.068	0.051
0.001	0.001	0.997	0.001
0.001	0.913	0.054	0.032
>GCATGACT	8-GCATGACT	8.236954	-14.238112	0	T:6.0(6.59%),B:8.4(0.34%),P:1e-6	Tpos:144.8,Tstd:43.1,Bpos:127.4,Bstd:60.3,StrandBias:1.0,Multiplicity:1.00
0.100	0.100	0.700	0.100
0.100	0.700	0.100	0.100
0.700	0.100	0.100	0.100
0.100	0.100	0.100	0.700
0.100	0.100	0.700	0.100
0.700	0.100	0.100	0.100
0.100	0.700	0.100	0.100
0.100	0.100	0.100	0.700
>AWCAAAGA	9-AWCAAAGA	8.021534	-13.229481	0	T:21.0(23.08%),B:177.3(7.27%),P:1e-5	Tpos:118.6,Tstd:65.6,Bpos:134.4,Bstd:86.8,StrandBias:0.2,Multiplicity:1.33
0.866	0.132	0.001	0.001
0.555	0.001	0.001	0.443
0.001	0.997	0.001	0.001
0.997	0.001	0.001	0.001
0.644	0.354	0.001	0.001
0.997	0.001	0.001	0.001
0.001	0.001	0.997	0.001
0.997	0.001	0.001	0.001
>GBACCGTG	10-GBACCGTG	6.167033	-12.952029	0	T:23.0(25.27%),B:212.2(8.70%),P:1e-5	Tpos:134.0,Tstd:65.7,Bpos:126.1,Bstd:70.2,StrandBias:-0.5,Multiplicity:1.39
0.199	0.125	0.675	0.001
0.001	0.332	0.268	0.399
0.983	0.015	0.001	0.001
0.057	0.650	0.077	0.216
0.217	0.778	0.001	0.004
0.001	0.225	0.600	0.174
0.001	0.001	0.069	0.929
0.001	0.009	0.989	0.001
>TTTGATTA	11-TTTGATTA	9.494286	-9.097369	0	T:16.0(17.58%),B:148.3(6.08%),P:1e-3	Tpos:121.3,Tstd:69.1,Bpos:124.8,Bstd:89.8,StrandBias:1.2,Multiplicity:1.25
0.001	0.001	0.001	0.997
0.001	0.001	0.001	0.997
0.001	0.001	0.001	0.997
0.001	0.001	0.997	0.001
0.997	0.001	0.001	0.001
0.207	0.001	0.001	0.791
0.001	0.001	0.001	0.997
0.997	0.001	0.001	0.001
>CTATCGAT	12-CTATCGAT	8.236954	-6.995790	0	T:3.0(3.30%),B:6.0(0.25%),P:1e-3	Tpos:125.4,Tstd:73.6,Bpos:95.9,Bstd:68.8,StrandBias:0.0,Multiplicity:1.67
0.100	0.700	0.100	0.100
0.100	0.100	0.100	0.700
0.700	0.100	0.100	0.100
0.100	0.100	0.100	0.700
0.100	0.700	0.100	0.100
0.100	0.100	0.700	0.100
0.700	0.100	0.100	0.100
0.100	0.100	0.100	0.700
>AGGGTAGT	13-AGGGTAGT	8.236954	-6.995790	0	T:3.0(3.30%),B:5.7(0.23%),P:1e-3	Tpos:164.3,Tstd:47.2,Bpos:110.4,Bstd:55.2,StrandBias:2.3,Multiplicity:2.00
0.700	0.100	0.100	0.100
0.100	0.100	0.700	0.100
0.100	0.100	0.700	0.100
0.100	0.100	0.700	0.100
0.100	0.100	0.100	0.700
0.700	0.100	0.100	0.100
0.100	0.100	0.700	0.100
0.100	0.100	0.100	0.700
