>AAGAACTCCTTT	1-AAGAACTCCTTT	10.653330	-43.686173	0	T:12.0(13.19%),B:5.0(0.20%),P:1e-18	Tpos:106.7,Tstd:70.0,Bpos:158.6,Bstd:74.7,StrandBias:-0.8,Multiplicity:1.00
0.997	0.001	0.001	0.001
0.862	0.001	0.001	0.136
0.137	0.001	0.725	0.137
0.862	0.136	0.001	0.001
0.862	0.001	0.136	0.001
0.136	0.862	0.001	0.001
0.137	0.137	0.137	0.589
0.001	0.862	0.136	0.001
0.001	0.588	0.137	0.274
0.008	0.001	0.001	0.990
0.001	0.001	0.001	0.997
0.001	0.001	0.136	0.862
>ACGCTCGATTGC	2-ACGCTCGATTGC	11.016288	-31.808291	0	T:7.0(7.69%),B:1.1(0.05%),P:1e-13	Tpos:93.4,Tstd:44.8,Bpos:166.9,Bstd:34.7,StrandBias:-1.3,Multiplicity:1.00
0.571	0.285	0.143	0.001
0.142	0.856	0.001	0.001
0.001	0.001	0.997	0.001
0.001	0.997	0.001	0.001
0.142	0.001	0.001	0.856
0.001	0.713	0.001	0.285
0.001	0.143	0.713	0.143
0.997	0.001	0.001	0.001
0.142	0.001	0.001	0.856
0.001	0.001	0.001	0.997
0.001	0.001	0.856	0.142
0.142	0.856	0.001	0.001
>WGAMAAAGYCRC	3-WGAMAAAGYCRC	10.642450	-31.741049	0	T:8.0(8.79%),B:2.6(0.11%),P:1e-13	Tpos:107.6,Tstd:59.0,Bpos:213.1,Bstd:5.1,StrandBias:0.7,Multiplicity:1.00
0.564	0.001	0.001	0.434
0.001	0.001	0.997	0.001
0.997	0.001	0.001	0.001
0.434	0.564	0.001	0.001
0.997	0.001	0.001	0.001
0.970	0.001	0.001	0.028
0.997	0.001	0.001	0.001
0.001	0.001	0.997	0.001
0.001	0.564	0.001	0.434
0.101	0.897	0.001	0.001
0.434	0.001	0.564	0.001
0.001	0.997	0.001	0.001
>AWKCTWTTGTTT	4-AWKCTWTTGTTT	7.374435	-31.682853	0	T:54.0(59.34%),B:538.0(22.06%),P:1e-13	Tpos:112.7,Tstd:66.8,Bpos:127.9,Bstd:93.0,StrandBias:0.0,Multiplicity:1.48
0.540	0.054	0.027	0.379
0.351	0.027	0.218	0.404
0.027	0.163	0.405	0.405
0.054	0.650	0.054	0.242
0.001	0.296	0.028	0.675
0.512	0.001	0.081	0.406
0.001	0.001	0.079	0.919
0.001	0.001	0.053	0.945
0.107	0.216	0.676	0.001
0.053	0.053	0.001	0.893
0.107	0.053	0.001	0.839
0.027	0.324	0.001	0.648
>TAACAATGYTTW	5-TAACAATGYTTW	11.117324	-27.945150	0	T:10.0(10.99%),B:8.4(0.34%),P:1e-12	Tpos:136.4,Tstd:55.7,Bpos:106.8,Bstd:84.3,StrandBias:1.0,Multiplicity:1.20
0.143	0.001	0.274	0.582
0.997	0.001	0.001	0.001
0.725	0.001	0.273	0.001
0.001	0.997	0.001	0.001
0.997	0.001	0.001	0.001
0.848	0.001	0.001	0.150
0.001	0.001	0.001	0.997
0.001	0.001	0.997	0.001
0.001	0.431	0.274	0.294
0.273	0.001	0.001	0.725
0.307	0.001	0.001	0.691
0.437	0.001	0.001	0.561
>TCGCTGTGGGGC	6-TCGCTGTGGGGC	10.258853	-26.986404	0	T:7.0(7.69%),B:2.4(0.10%),P:1e-11	Tpos:150.1,Tstd:59.9,Bpos:151.6,Bstd:29.9,StrandBias:0.4,Multiplicity:1.00
0.070	0.001	0.308	0.621
0.001	0.913	0.001	0.085
0.302	0.001	0.696	0.001
0.001	0.696	0.001	0.302
0.001	0.302	0.001	0.696
0.001	0.001	0.997	0.001
0.001	0.001	0.001	0.997
0.302	0.001	0.696	0.001
0.302	0.001	0.696	0.001
0.303	0.001	0.626	0.070
0.001	0.001	0.997	0.001
0.001	0.680	0.001	0.318
>CTTTGTTAAGTT	7-CTTTGTTAAGTT	11.359680	-26.986404	0	T:7.0(7.69%),B:2.3(0.10%),P:1e-11	Tpos:122.9,Tstd:68.1,Bpos:171.7,Bstd:3.7,StrandBias:-1.3,Multiplicity:1.00
0.001	0.696	0.302	0.001
0.001	0.001	0.302	0.696
0.001	0.001	0.001	0.997
0.001	0.001	0.001	0.997
0.001	0.001	0.997	0.001
0.001	0.001	0.001	0.997
0.087	0.305	0.001	0.607
0.997	0.001	0.001	0.001
0.997	0.001	0.001	0.001
0.372	0.001	0.626	0.001
0.016	0.303	0.070	0.611
0.001	0.323	0.001	0.675
>ATGGTTCATTTG	8-ATGGTTCATTTG	11.194196	-21.368996	0	T:5.0(5.49%),B:0.4(0.01%),P:1e-9	Tpos:126.4,Tstd:51.0,Bpos:226.0,Bstd:0.0,StrandBias:2.0,Multiplicity:1.00
0.726	0.109	0.055	0.110
0.005	0.109	0.001	0.885
0.055	0.055	0.661	0.229
0.055	0.164	0.672	0.109
0.108	0.001	0.001	0.890
0.001	0.001	0.054	0.944
0.110	0.671	0.055	0.164
0.722	0.060	0.109	0.109
0.109	0.164	0.164	0.563
0.109	0.055	0.055	0.781
0.164	0.001	0.054	0.781
0.109	0.005	0.717	0.169
>MRAAKCACTKAA	9-MRAAKCACTKAA	10.312230	-19.973895	0	T:6.0(6.59%),B:3.4(0.14%),P:1e-8	Tpos:128.9,Tstd:81.8,Bpos:107.8,Bstd:45.3,StrandBias:-0.4,Multiplicity:1.17
0.538	0.460	0.001	0.001
0.564	0.001	0.434	0.001
0.997	0.001	0.001	0.001
0.997	0.001	0.001	0.001
0.001	0.052	0.460	0.487
0.001	0.997	0.001	0.001
0.997	0.001	0.001	0.001
0.025	0.973	0.001	0.001
0.001	0.025	0.001	0.973
0.001	0.001	0.538	0.460
0.997	0.001	0.001	0.001
0.997	0.001	0.001	0.001
>CTGCTTTGATTC	10-CTGCTTTGATTC	10.243544	-18.277659	0	T:6.0(6.59%),B:4.9(0.20%),P:1e-7	Tpos:94.1,Tstd:69.7,Bpos:69.2,Bstd:54.7,StrandBias:-0.4,Multiplicity:1.17
0.058	0.940	0.001	0.001
0.001	0.001	0.001	0.997
0.001	0.001	0.997	0.001
0.001	0.696	0.001	0.302
0.001	0.001	0.001	0.997
0.001	0.001	0.001	0.997
0.393	0.001	0.001	0.605
0.001	0.393	0.605	0.001
0.997	0.001	0.001	0.001
0.001	0.001	0.001	0.997
0.001	0.001	0.393	0.605
0.302	0.696	0.001	0.001
>GGGTTTGATTAT	11-GGGTTTGATTAT	11.997468	-17.932634	0	T:5.0(5.49%),B:2.7(0.11%),P:1e-7	Tpos:152.0,Tstd:69.1,Bpos:194.5,Bstd:16.6,StrandBias:10.0,Multiplicity:1.60
0.001	0.158	0.840	0.001
0.317	0.001	0.486	0.196
0.001	0.158	0.840	0.001
0.158	0.158	0.001	0.683
0.001	0.001	0.001	0.997
0.001	0.001	0.001	0.997
0.158	0.158	0.683	0.001
0.997	0.001	0.001	0.001
0.158	0.001	0.001	0.840
0.001	0.001	0.001	0.997
0.682	0.001	0.001	0.316
0.001	0.001	0.001	0.997
>TAAATATGTTBH	12-TAAATATGTTBH	12.850154	-17.932634	0	T:5.0(5.49%),B:2.1(0.08%),P:1e-7	Tpos:202.6,Tstd:54.8,Bpos:112.1,Bstd:66.6,StrandBias:-0.6,Multiplicity:1.00
0.302	0.001	0.001	0.696
0.997	0.001	0.001	0.001
0.976	0.001	0.001	0.022
0.997	0.001	0.001	0.001
0.001	0.001	0.325	0.673
0.976	0.001	0.022	0.001
0.001	0.001	0.001	0.997
0.001	0.001	0.997	0.001
0.001	0.001	0.001	0.997
0.001	0.001	0.001	0.997
0.001	0.303	0.394	0.303
0.303	0.394	0.001	0.303
>GAAGAACAAAGA	13-GAAGAACAAAGA	11.042719	-15.904554	0	T:6.0(6.59%),B:6.8(0.28%),P:1e-6	Tpos:122.0,Tstd:62.8,Bpos:180.9,Bstd:78.3,StrandBias:-0.4,Multiplicity:1.17
0.001	0.001	0.997	0.001
0.605	0.001	0.001	0.393
0.997	0.001	0.001	0.001
0.001	0.332	0.666	0.001
0.997	0.001	0.001	0.001
0.666	0.001	0.030	0.303
0.302	0.696	0.001	0.001
0.997	0.001	0.001	0.001
0.997	0.001	0.001	0.001
0.696	0.302	0.001	0.001
0.001	0.001	0.997	0.001
0.997	0.001	0.001	0.001
>TTCTTTTGTTTT	14-TTCTTTTGTTTT	12.038191	-14.003466	0	T:10.0(10.99%),B:35.1(1.44%),P:1e-6	Tpos:116.1,Tstd:95.8,Bpos:129.9,Bstd:98.8,StrandBias:-1.1,Multiplicity:1.00
0.137	0.137	0.137	0.589
0.136	0.001	0.001	0.862
0.001	0.549	0.138	0.312
0.001	0.137	0.159	0.703
0.014	0.001	0.137	0.848
0.001	0.001	0.001	0.997
0.001	0.001	0.001	0.997
0.137	0.001	0.687	0.175
0.001	0.001	0.022	0.976
0.001	0.137	0.001	0.861
0.001	0.001	0.136	0.862
0.151	0.001	0.001	0.847
>CACAATCCCACT	15-CACAATCCCACT	11.811695	-11.716305	0	T:3.0(3.30%),B:1.9(0.08%),P:1e-5	Tpos:182.5,Tstd:67.6,Bpos:113.4,Bstd:69.5,StrandBias:-1.6,Multiplicity:1.33
0.001	0.997	0.001	0.001
0.997	0.001	0.001	0.001
0.091	0.605	0.001	0.303
0.997	0.001	0.001	0.001
0.997	0.001	0.001	0.001
0.001	0.001	0.001	0.997
0.001	0.997	0.001	0.001
0.001	0.997	0.001	0.001
0.001	0.997	0.001	0.001
0.997	0.001	0.001	0.001
0.091	0.605	0.001	0.303
0.001	0.001	0.001	0.997
>AGTGTCGCCACA	16-AGTGTCGCCACA	12.730530	-9.663875	0	T:3.0(3.30%),B:2.2(0.09%),P:1e-4	Tpos:102.5,Tstd:87.6,Bpos:46.0,Bstd:0.0,StrandBias:-1.6,Multiplicity:1.33
0.997	0.001	0.001	0.001
0.001	0.357	0.641	0.001
0.001	0.001	0.302	0.696
0.001	0.001	0.997	0.001
0.001	0.001	0.001	0.997
0.393	0.605	0.001	0.001
0.320	0.001	0.678	0.001
0.001	0.660	0.001	0.338
0.001	0.605	0.001	0.393
0.997	0.001	0.001	0.001
0.001	0.997	0.001	0.001
0.981	0.017	0.001	0.001
>CCCTCTAAGGCT	17-CCCTCTAAGGCT	11.550482	-7.304648	0	T:2.0(2.20%),B:0.0(0.00%),P:1e-3	Tpos:145.1,Tstd:50.6,Bpos:0.0,Bstd:0.0,StrandBias:-0.4,Multiplicity:3.50
0.001	0.997	0.001	0.001
0.001	0.997	0.001	0.001
0.001	0.997	0.001	0.001
0.211	0.001	0.001	0.787
0.001	0.745	0.001	0.253
0.001	0.001	0.001	0.997
0.743	0.001	0.254	0.002
0.730	0.001	0.001	0.268
0.001	0.266	0.731	0.002
0.205	0.001	0.793	0.001
0.268	0.730	0.001	0.001
0.002	0.001	0.048	0.949
>ATCTGAATACTG	18-ATCTGAATACTG	10.409522	-7.304648	0	T:2.0(2.20%),B:1.4(0.06%),P:1e-3	Tpos:94.2,Tstd:72.9,Bpos:135.0,Bstd:0.0,StrandBias:10.0,Multiplicity:2.00
0.700	0.100	0.100	0.100
0.100	0.100	0.100	0.700
0.100	0.700	0.100	0.100
0.100	0.100	0.100	0.700
0.100	0.100	0.700	0.100
0.700	0.100	0.100	0.100
0.700	0.100	0.100	0.100
0.100	0.100	0.100	0.700
0.700	0.100	0.100	0.100
0.100	0.700	0.100	0.100
0.100	0.100	0.100	0.700
0.100	0.100	0.700	0.100
>TAGTGGAAATAG	19-TAGTGGAAATAG	12.355432	-3.306477	0	T:1.0(1.10%),B:0.0(0.00%),P:1e-1	Tpos:169.5,Tstd:36.9,Bpos:0.0,Bstd:0.0,StrandBias:10.0,Multiplicity:4.00
0.100	0.100	0.100	0.700
0.700	0.100	0.100	0.100
0.100	0.100	0.700	0.100
0.100	0.100	0.100	0.700
0.100	0.100	0.700	0.100
0.100	0.100	0.700	0.100
0.700	0.100	0.100	0.100
0.700	0.100	0.100	0.100
0.700	0.100	0.100	0.100
0.100	0.100	0.100	0.700
0.700	0.100	0.100	0.100
0.100	0.100	0.700	0.100
