>TAGGGAATTACT	4-AGTAATTCCCTA	8.113453	-21.038023	0	T:14.0(26.92%),B:81.1(3.23%),P:1e-9
0.151	0.001	0.075	0.773
0.772	0.001	0.152	0.075
0.075	0.075	0.849	0.001
0.151	0.001	0.621	0.227
0.075	0.075	0.849	0.001
0.924	0.001	0.001	0.074
0.924	0.001	0.001	0.074
0.376	0.001	0.001	0.622
0.075	0.001	0.075	0.849
0.623	0.075	0.151	0.151
0.317	0.607	0.001	0.075
0.151	0.075	0.166	0.608
