>TCTTCTTAGCGA	19-TCTTCTTAGCGA,BestGuess:PABPN1(RRM)/Homo_sapiens-RNCMPT00157-PBM/HughesRNA(0.723)	9.231457	-21.377052	0	T:7.0(1.96%),B:1.6(0.07%),P:1e-9
0.075	0.100	0.098	0.727
0.110	0.583	0.116	0.191
0.127	0.067	0.081	0.725
0.085	0.098	0.089	0.728
0.158	0.549	0.123	0.170
0.100	0.081	0.064	0.755
0.091	0.089	0.098	0.722
0.679	0.089	0.116	0.116
0.127	0.071	0.632	0.170
0.133	0.620	0.085	0.162
0.152	0.118	0.607	0.123
0.676	0.114	0.094	0.116
