>AGGCCGGTCC	1-AGGCCGGTCC	9.399719	-39.036318	0	T:11.0(3.40%),B:0.8(0.03%),P:1e-16	Tpos:134.5,Tstd:69.9,Bpos:5.0,Bstd:0.0,StrandBias:0.8,Multiplicity:1.00
0.866	0.001	0.132	0.001
0.293	0.137	0.569	0.001
0.001	0.132	0.866	0.001
0.001	0.997	0.001	0.001
0.001	0.997	0.001	0.001
0.001	0.133	0.573	0.293
0.001	0.001	0.997	0.001
0.001	0.132	0.001	0.866
0.001	0.808	0.190	0.001
0.132	0.866	0.001	0.001
>CGTTTTGTCA	2-CGTTTTGTCA	10.857090	-35.297754	0	T:12.0(3.70%),B:2.1(0.09%),P:1e-15	Tpos:145.2,Tstd:64.6,Bpos:106.3,Bstd:72.5,StrandBias:1.2,Multiplicity:1.08
0.001	0.879	0.001	0.119
0.001	0.001	0.997	0.001
0.001	0.001	0.001	0.997
0.001	0.001	0.001	0.997
0.001	0.001	0.001	0.997
0.001	0.120	0.120	0.759
0.278	0.001	0.720	0.001
0.001	0.119	0.001	0.879
0.001	0.997	0.001	0.001
0.879	0.001	0.001	0.119
>CGCTGCAYGT	3-CGCTGCAYGT	9.671224	-32.436505	0	T:17.0(5.25%),B:8.8(0.39%),P:1e-14	Tpos:125.1,Tstd:62.5,Bpos:143.0,Bstd:61.1,StrandBias:0.5,Multiplicity:1.12
0.105	0.789	0.105	0.001
0.104	0.001	0.894	0.001
0.001	0.997	0.001	0.001
0.105	0.001	0.105	0.789
0.001	0.001	0.997	0.001
0.001	0.788	0.210	0.001
0.768	0.105	0.126	0.001
0.001	0.441	0.001	0.557
0.115	0.001	0.883	0.001
0.001	0.001	0.001	0.997
>CGTCTCGTTS	4-CGTCTCGTTS	8.718109	-30.561028	0	T:12.0(3.70%),B:4.0(0.18%),P:1e-13	Tpos:146.4,Tstd:52.4,Bpos:173.3,Bstd:55.2,StrandBias:-2.3,Multiplicity:1.00
0.019	0.571	0.055	0.355
0.184	0.018	0.591	0.207
0.055	0.018	0.036	0.891
0.001	0.686	0.001	0.312
0.073	0.001	0.092	0.834
0.258	0.705	0.019	0.018
0.257	0.018	0.591	0.134
0.019	0.055	0.110	0.816
0.221	0.019	0.073	0.687
0.073	0.310	0.451	0.165
>CATGGAACTA	5-CATGGAACTA	10.680997	-30.414046	0	T:9.0(2.78%),B:1.9(0.08%),P:1e-13	Tpos:138.0,Tstd:82.3,Bpos:119.9,Bstd:77.9,StrandBias:-1.8,Multiplicity:1.00
0.093	0.813	0.001	0.093
0.997	0.001	0.001	0.001
0.001	0.001	0.001	0.997
0.001	0.093	0.905	0.001
0.001	0.001	0.905	0.093
0.997	0.001	0.001	0.001
0.905	0.001	0.001	0.093
0.094	0.718	0.094	0.094
0.063	0.001	0.001	0.935
0.905	0.001	0.001	0.093
>TGTGTGGTGG	6-TGTGTGGTGG	10.820902	-24.302510	0	T:9.0(2.78%),B:2.4(0.11%),P:1e-10	Tpos:101.8,Tstd:51.3,Bpos:25.0,Bstd:15.0,StrandBias:0.5,Multiplicity:1.33
0.001	0.001	0.001	0.997
0.001	0.001	0.871	0.127
0.127	0.001	0.001	0.871
0.001	0.001	0.997	0.001
0.001	0.001	0.001	0.997
0.001	0.001	0.997	0.001
0.001	0.127	0.871	0.001
0.001	0.001	0.127	0.871
0.001	0.127	0.871	0.001
0.021	0.297	0.661	0.021
>CTCCGCCGCA	7-CTCCGCCGCA	7.934116	-23.718194	0	T:21.0(6.48%),B:23.4(1.05%),P:1e-10	Tpos:131.4,Tstd:58.7,Bpos:107.5,Bstd:72.2,StrandBias:-0.7,Multiplicity:1.05
0.138	0.785	0.069	0.008
0.207	0.008	0.073	0.712
0.001	0.853	0.073	0.073
0.069	0.792	0.138	0.001
0.001	0.001	0.966	0.032
0.001	0.922	0.069	0.008
0.142	0.785	0.004	0.069
0.073	0.207	0.513	0.207
0.069	0.926	0.001	0.004
0.712	0.207	0.077	0.004
>CTGGGCAAAC	8-CTGGGCAAAC	10.456777	-23.498302	0	T:13.0(4.01%),B:7.2(0.32%),P:1e-10	Tpos:128.7,Tstd:72.9,Bpos:134.0,Bstd:77.8,StrandBias:0.0,Multiplicity:1.08
0.001	0.997	0.001	0.001
0.082	0.001	0.001	0.916
0.082	0.001	0.916	0.001
0.083	0.083	0.833	0.001
0.083	0.001	0.833	0.083
0.083	0.833	0.001	0.083
0.997	0.001	0.001	0.001
0.916	0.082	0.001	0.001
0.916	0.001	0.001	0.082
0.082	0.916	0.001	0.001
>AGCGCAGGTA	9-AGCGCAGGTA	10.159131	-21.559365	0	T:14.0(4.32%),B:10.4(0.46%),P:1e-9	Tpos:126.8,Tstd:74.1,Bpos:98.2,Bstd:52.9,StrandBias:-0.2,Multiplicity:1.21
0.997	0.001	0.001	0.001
0.001	0.067	0.865	0.067
0.067	0.799	0.067	0.067
0.259	0.001	0.673	0.067
0.066	0.932	0.001	0.001
0.997	0.001	0.001	0.001
0.001	0.001	0.932	0.066
0.001	0.001	0.932	0.066
0.001	0.001	0.001	0.997
0.932	0.001	0.001	0.066
>GAGAACCGGC	10-GAGAACCGGC	10.821552	-20.779994	0	T:9.0(2.78%),B:3.3(0.15%),P:1e-9	Tpos:107.6,Tstd:58.5,Bpos:146.3,Bstd:61.7,StrandBias:0.8,Multiplicity:1.22
0.119	0.001	0.879	0.001
0.997	0.001	0.001	0.001
0.119	0.001	0.879	0.001
0.997	0.001	0.001	0.001
0.997	0.001	0.001	0.001
0.001	0.997	0.001	0.001
0.001	0.997	0.001	0.001
0.279	0.001	0.600	0.120
0.001	0.119	0.879	0.001
0.001	0.879	0.001	0.119
>TTACCTGCTA	11-TTACCTGCTA	10.157658	-20.394561	0	T:15.0(4.63%),B:13.1(0.59%),P:1e-8	Tpos:128.7,Tstd:57.3,Bpos:112.3,Bstd:50.8,StrandBias:0.5,Multiplicity:1.27
0.252	0.001	0.001	0.746
0.065	0.045	0.001	0.889
0.933	0.001	0.001	0.065
0.065	0.933	0.001	0.001
0.001	0.997	0.001	0.001
0.065	0.065	0.001	0.869
0.001	0.065	0.933	0.001
0.001	0.933	0.065	0.001
0.065	0.001	0.001	0.933
0.869	0.001	0.065	0.065
>TACCCGCCTC	12-TACCCGCCTC	8.442267	-19.265398	0	T:14.0(4.32%),B:12.8(0.57%),P:1e-8	Tpos:158.2,Tstd:59.4,Bpos:118.1,Bstd:77.9,StrandBias:-0.3,Multiplicity:1.38
0.105	0.105	0.001	0.789
0.676	0.007	0.316	0.001
0.007	0.663	0.105	0.225
0.001	0.684	0.210	0.105
0.119	0.879	0.001	0.001
0.001	0.139	0.859	0.001
0.001	0.781	0.001	0.217
0.001	0.774	0.001	0.224
0.001	0.001	0.104	0.894
0.001	0.997	0.001	0.001
>TAATATTWAT	13-TAATATTWAT	10.708021	-19.024757	0	T:22.0(6.79%),B:33.9(1.52%),P:1e-8	Tpos:129.9,Tstd:63.4,Bpos:130.1,Bstd:62.4,StrandBias:-0.8,Multiplicity:1.00
0.244	0.001	0.206	0.549
0.997	0.001	0.001	0.001
0.896	0.001	0.102	0.001
0.001	0.102	0.001	0.896
0.872	0.001	0.001	0.126
0.001	0.001	0.001	0.997
0.001	0.001	0.001	0.997
0.459	0.103	0.103	0.334
0.896	0.001	0.102	0.001
0.001	0.001	0.001	0.997
>TAAATAATTT	14-TAAATAATTT	7.148808	-18.994139	0	T:87.0(26.85%),B:324.9(14.54%),P:1e-8	Tpos:113.7,Tstd:68.5,Bpos:118.0,Bstd:79.9,StrandBias:-0.2,Multiplicity:1.10
0.038	0.058	0.035	0.869
0.798	0.080	0.044	0.078
0.821	0.057	0.030	0.092
0.850	0.040	0.056	0.054
0.088	0.063	0.062	0.787
0.778	0.064	0.057	0.101
0.811	0.060	0.070	0.059
0.073	0.035	0.066	0.826
0.093	0.094	0.086	0.727
0.101	0.062	0.101	0.736
>CTATCTCTTT	15-CTATCTCTTT	10.950812	-18.400619	0	T:11.0(3.40%),B:7.8(0.35%),P:1e-7	Tpos:107.5,Tstd:67.3,Bpos:88.8,Bstd:58.3,StrandBias:-0.3,Multiplicity:1.00
0.001	0.777	0.221	0.001
0.001	0.221	0.001	0.777
0.683	0.315	0.001	0.001
0.001	0.001	0.221	0.777
0.001	0.777	0.221	0.001
0.001	0.001	0.001	0.997
0.001	0.997	0.001	0.001
0.001	0.001	0.001	0.997
0.001	0.221	0.001	0.777
0.001	0.001	0.001	0.997
>CACATACGGG	16-CACATACGGG	11.276337	-18.329891	0	T:6.0(1.85%),B:1.1(0.05%),P:1e-7	Tpos:146.1,Tstd:40.5,Bpos:183.0,Bstd:0.0,StrandBias:0.4,Multiplicity:1.17
0.166	0.667	0.166	0.001
0.832	0.001	0.001	0.166
0.001	0.997	0.001	0.001
0.997	0.001	0.001	0.001
0.166	0.001	0.001	0.832
0.832	0.166	0.001	0.001
0.001	0.997	0.001	0.001
0.001	0.001	0.997	0.001
0.001	0.001	0.997	0.001
0.001	0.001	0.997	0.001
>ACAAACTCAG	17-ACAAACTCAG	10.243124	-18.317405	0	T:9.0(2.78%),B:4.8(0.21%),P:1e-7	Tpos:156.9,Tstd:53.8,Bpos:128.6,Bstd:63.8,StrandBias:-1.3,Multiplicity:1.56
0.997	0.001	0.001	0.001
0.001	0.997	0.001	0.001
0.767	0.001	0.001	0.231
0.997	0.001	0.001	0.001
0.777	0.221	0.001	0.001
0.001	0.997	0.001	0.001
0.001	0.001	0.221	0.777
0.001	0.777	0.221	0.001
0.676	0.001	0.001	0.322
0.001	0.001	0.777	0.221
>CATAAATAAA	18-CATAAATAAA	8.545989	-17.095775	0	T:39.0(12.04%),B:101.3(4.53%),P:1e-7	Tpos:120.5,Tstd:72.8,Bpos:133.4,Bstd:78.2,StrandBias:0.1,Multiplicity:1.05
0.048	0.950	0.001	0.001
0.906	0.055	0.001	0.038
0.014	0.001	0.001	0.984
0.878	0.055	0.029	0.038
0.867	0.055	0.055	0.023
0.835	0.055	0.055	0.055
0.049	0.001	0.001	0.949
0.793	0.129	0.055	0.023
0.961	0.001	0.001	0.037
0.886	0.038	0.038	0.038
>TAAAAGACAA	19-TAAAAGACAA	11.436620	-16.435536	0	T:9.0(2.78%),B:5.6(0.25%),P:1e-7	Tpos:138.6,Tstd:90.6,Bpos:92.0,Bstd:72.8,StrandBias:-1.0,Multiplicity:1.00
0.001	0.001	0.001	0.997
0.882	0.001	0.116	0.001
0.997	0.001	0.001	0.001
0.997	0.001	0.001	0.001
0.997	0.001	0.001	0.001
0.001	0.001	0.997	0.001
0.997	0.001	0.001	0.001
0.001	0.882	0.116	0.001
0.997	0.001	0.001	0.001
0.882	0.001	0.116	0.001
>AATTAATTAA	20-AATTAATTAA	10.641083	-14.773600	0	T:10.0(3.09%),B:8.5(0.38%),P:1e-6	Tpos:114.0,Tstd:51.7,Bpos:121.0,Bstd:96.6,StrandBias:-0.2,Multiplicity:1.00
0.801	0.147	0.051	0.001
0.897	0.001	0.051	0.051
0.001	0.001	0.001	0.997
0.001	0.001	0.001	0.997
0.997	0.001	0.001	0.001
0.997	0.001	0.001	0.001
0.001	0.001	0.001	0.997
0.001	0.001	0.001	0.997
0.997	0.001	0.001	0.001
0.997	0.001	0.001	0.001
>AAAACCACTG	21-AAAACCACTG	11.155309	-14.292670	0	T:6.0(1.85%),B:2.0(0.09%),P:1e-6	Tpos:155.2,Tstd:68.0,Bpos:73.9,Bstd:52.2,StrandBias:2.2,Multiplicity:1.83
0.917	0.001	0.001	0.081
0.997	0.001	0.001	0.001
0.917	0.001	0.081	0.001
0.917	0.001	0.081	0.001
0.001	0.997	0.001	0.001
0.001	0.997	0.001	0.001
0.997	0.001	0.001	0.001
0.001	0.997	0.001	0.001
0.001	0.001	0.001	0.997
0.001	0.001	0.997	0.001
>CATATATGAA	22-CATATATGAA	11.047309	-14.292670	0	T:6.0(1.85%),B:2.8(0.13%),P:1e-6	Tpos:120.7,Tstd:43.1,Bpos:103.9,Bstd:98.8,StrandBias:0.0,Multiplicity:1.17
0.001	0.997	0.001	0.001
0.555	0.222	0.222	0.001
0.001	0.001	0.221	0.777
0.997	0.001	0.001	0.001
0.001	0.001	0.001	0.997
0.777	0.221	0.001	0.001
0.001	0.001	0.001	0.997
0.001	0.001	0.997	0.001
0.740	0.001	0.258	0.001
0.703	0.001	0.001	0.295
>CAAAATGGCT	23-CAAAATGGCT	10.296193	-11.241915	0	T:5.0(1.54%),B:2.5(0.11%),P:1e-4	Tpos:221.8,Tstd:17.3,Bpos:52.7,Bstd:7.3,StrandBias:10.0,Multiplicity:1.00
0.100	0.700	0.100	0.100
0.700	0.100	0.100	0.100
0.700	0.100	0.100	0.100
0.700	0.100	0.100	0.100
0.700	0.100	0.100	0.100
0.100	0.100	0.100	0.700
0.100	0.100	0.700	0.100
0.100	0.100	0.700	0.100
0.100	0.700	0.100	0.100
0.100	0.100	0.100	0.700
>TTTTCACAGG	24-TTTTCACAGG	10.941480	-8.373740	0	T:4.0(1.23%),B:2.8(0.12%),P:1e-3	Tpos:125.9,Tstd:66.3,Bpos:74.1,Bstd:47.4,StrandBias:-0.7,Multiplicity:2.00
0.074	0.001	0.001	0.924
0.001	0.075	0.075	0.849
0.001	0.001	0.001	0.997
0.001	0.001	0.001	0.997
0.001	0.997	0.001	0.001
0.997	0.001	0.001	0.001
0.001	0.997	0.001	0.001
0.924	0.001	0.001	0.074
0.001	0.074	0.924	0.001
0.074	0.001	0.924	0.001
>ATTAAATTTA	25-ATTAAATTTA	11.127973	-6.670852	0	T:7.0(2.16%),B:12.0(0.54%),P:1e-2	Tpos:149.9,Tstd:63.1,Bpos:112.2,Bstd:63.2,StrandBias:0.6,Multiplicity:2.14
0.997	0.001	0.001	0.001
0.001	0.207	0.001	0.791
0.001	0.001	0.001	0.997
0.781	0.217	0.001	0.001
0.997	0.001	0.001	0.001
0.997	0.001	0.001	0.001
0.282	0.001	0.001	0.716
0.001	0.007	0.207	0.785
0.001	0.001	0.001	0.997
0.725	0.001	0.001	0.273
