>GGTACCTGTT	1-GGTACCTGTT	8.326023	-34.584923	0	T:32.0(15.69%),B:62.7(2.68%),P:1e-15	Tpos:127.6,Tstd:51.4,Bpos:138.6,Bstd:59.7,StrandBias:0.7,Multiplicity:1.12
0.001	0.001	0.997	0.001
0.001	0.290	0.708	0.001
0.185	0.001	0.001	0.813
0.899	0.001	0.001	0.099
0.001	0.868	0.001	0.130
0.001	0.997	0.001	0.001
0.345	0.101	0.050	0.504
0.031	0.001	0.666	0.302
0.050	0.217	0.001	0.732
0.279	0.001	0.001	0.719
>CAGATCCTCA	2-CAGATCCTCA	10.935735	-28.846713	0	T:9.0(4.41%),B:2.5(0.11%),P:1e-12	Tpos:103.4,Tstd:59.9,Bpos:119.1,Bstd:12.5,StrandBias:-0.3,Multiplicity:1.00
0.001	0.874	0.124	0.001
0.997	0.001	0.001	0.001
0.001	0.001	0.874	0.124
0.874	0.124	0.001	0.001
0.001	0.001	0.001	0.997
0.125	0.749	0.125	0.001
0.001	0.874	0.001	0.124
0.001	0.001	0.001	0.997
0.001	0.874	0.001	0.124
0.997	0.001	0.001	0.001
>ATGTGTTTAG	3-ATGTGTTTAG	10.496085	-27.062171	0	T:14.0(6.86%),B:11.8(0.50%),P:1e-11	Tpos:140.2,Tstd:68.7,Bpos:154.6,Bstd:55.6,StrandBias:0.0,Multiplicity:1.00
0.997	0.001	0.001	0.001
0.001	0.001	0.086	0.912
0.001	0.087	0.825	0.087
0.001	0.001	0.001	0.997
0.001	0.087	0.825	0.087
0.001	0.001	0.086	0.912
0.086	0.001	0.001	0.912
0.001	0.001	0.001	0.997
0.912	0.001	0.086	0.001
0.151	0.001	0.784	0.064
>GCGCGAGTGG	4-GCGCGAGTGG	10.535608	-26.160607	0	T:10.0(4.90%),B:4.1(0.18%),P:1e-11	Tpos:112.4,Tstd:54.9,Bpos:107.6,Bstd:62.9,StrandBias:0.3,Multiplicity:1.10
0.001	0.092	0.906	0.001
0.001	0.906	0.092	0.001
0.092	0.001	0.906	0.001
0.001	0.997	0.001	0.001
0.001	0.001	0.997	0.001
0.653	0.001	0.345	0.001
0.093	0.001	0.813	0.093
0.092	0.001	0.001	0.906
0.001	0.001	0.997	0.001
0.001	0.001	0.997	0.001
>CGTCTGACGT	5-CGTCTGACGT	10.913064	-25.778392	0	T:7.0(3.43%),B:1.5(0.06%),P:1e-11	Tpos:124.1,Tstd:24.2,Bpos:100.1,Bstd:12.4,StrandBias:0.7,Multiplicity:1.00
0.001	0.997	0.001	0.001
0.001	0.001	0.997	0.001
0.125	0.125	0.001	0.749
0.124	0.874	0.001	0.001
0.124	0.001	0.001	0.874
0.001	0.001	0.997	0.001
0.997	0.001	0.001	0.001
0.125	0.749	0.001	0.125
0.124	0.001	0.874	0.001
0.001	0.001	0.001	0.997
>TAGGTTGTGG	6-TAGGTTGTGG	11.021651	-25.272488	0	T:9.0(4.41%),B:3.7(0.16%),P:1e-10	Tpos:109.9,Tstd:50.1,Bpos:131.6,Bstd:71.6,StrandBias:-0.3,Multiplicity:1.00
0.001	0.142	0.001	0.856
0.571	0.143	0.143	0.143
0.142	0.001	0.856	0.001
0.001	0.001	0.997	0.001
0.001	0.001	0.001	0.997
0.001	0.001	0.001	0.997
0.001	0.001	0.997	0.001
0.001	0.001	0.001	0.997
0.001	0.001	0.997	0.001
0.001	0.142	0.856	0.001
>GCGGGATTTT	7-GCGGGATTTT	8.341559	-25.024250	0	T:18.0(8.82%),B:25.7(1.10%),P:1e-10	Tpos:129.7,Tstd:87.2,Bpos:140.1,Bstd:82.6,StrandBias:-1.4,Multiplicity:1.06
0.001	0.001	0.997	0.001
0.001	0.902	0.096	0.001
0.001	0.001	0.902	0.096
0.057	0.001	0.845	0.097
0.096	0.001	0.902	0.001
0.997	0.001	0.001	0.001
0.359	0.001	0.001	0.639
0.001	0.001	0.001	0.997
0.096	0.001	0.001	0.902
0.001	0.001	0.001	0.997
>TAGCTGGTGG	8-TAGCTGGTGG	7.561336	-24.992089	0	T:32.0(15.69%),B:89.7(3.83%),P:1e-10	Tpos:121.9,Tstd:48.9,Bpos:128.6,Bstd:71.0,StrandBias:0.4,Multiplicity:1.00
0.059	0.098	0.088	0.755
0.824	0.059	0.055	0.062
0.175	0.088	0.708	0.029
0.058	0.912	0.029	0.001
0.076	0.088	0.043	0.793
0.029	0.060	0.755	0.156
0.029	0.060	0.863	0.048
0.029	0.117	0.029	0.825
0.001	0.117	0.806	0.076
0.029	0.139	0.773	0.059
>CGGKCTCAGC	9-CGGKCTCAGC	11.084253	-24.862153	0	T:8.0(3.92%),B:2.1(0.09%),P:1e-10	Tpos:156.5,Tstd:58.2,Bpos:116.8,Bstd:69.9,StrandBias:0.7,Multiplicity:1.00
0.158	0.840	0.001	0.001
0.001	0.001	0.997	0.001
0.001	0.001	0.997	0.001
0.159	0.001	0.478	0.362
0.001	0.997	0.001	0.001
0.001	0.001	0.001	0.997
0.001	0.840	0.158	0.001
0.997	0.001	0.001	0.001
0.001	0.001	0.997	0.001
0.001	0.997	0.001	0.001
>ATATCGACCA	10-ATATCGACCA	11.316461	-24.862153	0	T:8.0(3.92%),B:2.2(0.10%),P:1e-10	Tpos:93.4,Tstd:77.6,Bpos:22.0,Bstd:9.5,StrandBias:1.6,Multiplicity:1.00
0.832	0.166	0.001	0.001
0.001	0.001	0.001	0.997
0.832	0.001	0.166	0.001
0.001	0.001	0.001	0.997
0.001	0.832	0.001	0.166
0.001	0.166	0.832	0.001
0.997	0.001	0.001	0.001
0.001	0.832	0.166	0.001
0.001	0.997	0.001	0.001
0.997	0.001	0.001	0.001
>ACACTTGTGG	11-ACACTTGTGG	10.022290	-23.904347	0	T:12.0(5.88%),B:9.7(0.42%),P:1e-10	Tpos:147.3,Tstd:49.2,Bpos:110.5,Bstd:75.8,StrandBias:-0.5,Multiplicity:1.50
0.932	0.001	0.001	0.066
0.001	0.932	0.066	0.001
0.932	0.066	0.001	0.001
0.151	0.467	0.067	0.316
0.001	0.066	0.001	0.932
0.001	0.001	0.066	0.932
0.001	0.001	0.997	0.001
0.001	0.001	0.001	0.997
0.066	0.001	0.932	0.001
0.001	0.001	0.997	0.001
>TTTGGACATT	12-TTTGGACATT	10.624800	-23.733787	0	T:11.0(5.39%),B:7.8(0.33%),P:1e-10	Tpos:126.6,Tstd:75.6,Bpos:166.4,Bstd:74.8,StrandBias:0.8,Multiplicity:1.00
0.001	0.001	0.094	0.904
0.094	0.001	0.001	0.904
0.094	0.001	0.001	0.904
0.095	0.001	0.834	0.070
0.001	0.001	0.904	0.094
0.834	0.070	0.001	0.095
0.001	0.997	0.001	0.001
0.904	0.001	0.001	0.094
0.001	0.001	0.001	0.997
0.094	0.001	0.001	0.904
>AGGCACAGCG	13-AGGCACAGCG	11.060955	-22.758280	0	T:9.0(4.41%),B:4.6(0.20%),P:1e-9	Tpos:113.6,Tstd:46.2,Bpos:178.8,Bstd:32.8,StrandBias:-0.3,Multiplicity:1.00
0.997	0.001	0.001	0.001
0.143	0.001	0.713	0.143
0.001	0.001	0.997	0.001
0.001	0.997	0.001	0.001
0.997	0.001	0.001	0.001
0.001	0.856	0.142	0.001
0.997	0.001	0.001	0.001
0.001	0.001	0.856	0.142
0.143	0.713	0.001	0.143
0.001	0.001	0.997	0.001
>TTGCGGTTAC	14-TTGCGGTTAC	10.367212	-22.515168	0	T:16.0(7.84%),B:22.8(0.97%),P:1e-9	Tpos:115.5,Tstd:42.9,Bpos:140.4,Bstd:51.8,StrandBias:0.0,Multiplicity:1.00
0.001	0.098	0.098	0.803
0.001	0.001	0.097	0.901
0.001	0.001	0.997	0.001
0.001	0.997	0.001	0.001
0.001	0.001	0.997	0.001
0.001	0.001	0.997	0.001
0.097	0.001	0.001	0.901
0.001	0.097	0.001	0.901
0.901	0.001	0.001	0.097
0.207	0.662	0.058	0.073
>GGTCSGTACA	15-GGTCSGTACA	10.801558	-20.999969	0	T:7.0(3.43%),B:3.0(0.13%),P:1e-9	Tpos:104.7,Tstd:64.2,Bpos:126.3,Bstd:30.4,StrandBias:1.3,Multiplicity:1.00
0.001	0.001	0.997	0.001
0.001	0.001	0.772	0.226
0.001	0.001	0.037	0.961
0.001	0.772	0.001	0.226
0.001	0.500	0.492	0.007
0.001	0.001	0.772	0.226
0.001	0.001	0.001	0.997
0.997	0.001	0.001	0.001
0.001	0.961	0.001	0.037
0.772	0.001	0.001	0.226
>GCCAATCAGA	16-GCCAATCAGA	9.705234	-20.902655	0	T:30.0(14.71%),B:93.7(4.01%),P:1e-9	Tpos:128.0,Tstd:33.2,Bpos:127.6,Bstd:49.8,StrandBias:0.2,Multiplicity:1.10
0.225	0.001	0.773	0.001
0.001	0.997	0.001	0.001
0.001	0.900	0.098	0.001
0.900	0.098	0.001	0.001
0.997	0.001	0.001	0.001
0.001	0.001	0.001	0.997
0.035	0.906	0.058	0.001
0.900	0.001	0.098	0.001
0.001	0.001	0.940	0.058
0.885	0.113	0.001	0.001
>CCTGAGCGCG	17-CCTGAGCGCG	10.745798	-20.824887	0	T:9.0(4.41%),B:5.6(0.24%),P:1e-9	Tpos:137.4,Tstd:69.5,Bpos:156.5,Bstd:24.2,StrandBias:0.0,Multiplicity:1.11
0.001	0.997	0.001	0.001
0.111	0.667	0.111	0.111
0.001	0.110	0.001	0.888
0.001	0.001	0.997	0.001
0.777	0.111	0.111	0.001
0.001	0.001	0.997	0.001
0.001	0.997	0.001	0.001
0.001	0.001	0.888	0.110
0.110	0.888	0.001	0.001
0.001	0.001	0.997	0.001
>GAGTTAAGTG	18-GAGTTAAGTG	10.935735	-19.530269	0	T:10.0(4.90%),B:8.7(0.37%),P:1e-8	Tpos:137.9,Tstd:73.5,Bpos:136.4,Bstd:67.6,StrandBias:1.2,Multiplicity:1.00
0.001	0.001	0.874	0.124
0.874	0.124	0.001	0.001
0.001	0.124	0.874	0.001
0.001	0.001	0.001	0.997
0.001	0.001	0.001	0.997
0.874	0.001	0.124	0.001
0.997	0.001	0.001	0.001
0.001	0.001	0.997	0.001
0.001	0.125	0.125	0.749
0.001	0.001	0.874	0.124
>TTGTTTATGA	19-TTGTTTATGA	10.922607	-17.754838	0	T:8.0(3.92%),B:5.6(0.24%),P:1e-7	Tpos:113.6,Tstd:62.6,Bpos:71.8,Bstd:52.3,StrandBias:1.0,Multiplicity:1.00
0.001	0.256	0.001	0.742
0.001	0.256	0.001	0.742
0.001	0.001	0.868	0.130
0.126	0.001	0.035	0.838
0.256	0.001	0.001	0.742
0.001	0.001	0.001	0.997
0.997	0.001	0.001	0.001
0.001	0.001	0.001	0.997
0.180	0.001	0.818	0.001
0.997	0.001	0.001	0.001
>AGAAAAACAG	20-AGAAAAACAG	9.761506	-15.954210	0	T:11.0(5.39%),B:15.2(0.65%),P:1e-6	Tpos:134.8,Tstd:86.5,Bpos:134.0,Bstd:62.3,StrandBias:0.7,Multiplicity:1.18
0.997	0.001	0.001	0.001
0.001	0.001	0.997	0.001
0.997	0.001	0.001	0.001
0.997	0.001	0.001	0.001
0.997	0.001	0.001	0.001
0.883	0.115	0.001	0.001
0.997	0.001	0.001	0.001
0.001	0.997	0.001	0.001
0.767	0.116	0.001	0.116
0.165	0.001	0.833	0.001
>CAAACAAAAC	21-CAAACAAAAC	11.896622	-14.915226	0	T:6.0(2.94%),B:3.3(0.14%),P:1e-6	Tpos:120.8,Tstd:72.1,Bpos:76.0,Bstd:65.4,StrandBias:0.0,Multiplicity:1.00
0.001	0.997	0.001	0.001
0.824	0.001	0.001	0.174
0.997	0.001	0.001	0.001
0.997	0.001	0.001	0.001
0.001	0.997	0.001	0.001
0.997	0.001	0.001	0.001
0.997	0.001	0.001	0.001
0.824	0.001	0.001	0.174
0.997	0.001	0.001	0.001
0.001	0.997	0.001	0.001
>ACCTGTGGCC	22-ACCTGTGGCC	10.511012	-14.177480	0	T:9.0(4.41%),B:11.4(0.49%),P:1e-6	Tpos:131.8,Tstd:49.1,Bpos:133.9,Bstd:32.7,StrandBias:0.5,Multiplicity:1.33
0.912	0.086	0.001	0.001
0.001	0.997	0.001	0.001
0.086	0.912	0.001	0.001
0.001	0.001	0.001	0.997
0.001	0.117	0.881	0.001
0.001	0.001	0.001	0.997
0.118	0.001	0.763	0.118
0.117	0.001	0.881	0.001
0.001	0.763	0.118	0.118
0.001	0.997	0.001	0.001
>CTTGCAAGCG	23-CTTGCAAGCG	9.996181	-13.469040	0	T:9.0(4.41%),B:12.9(0.55%),P:1e-5	Tpos:135.5,Tstd:83.7,Bpos:121.6,Bstd:66.9,StrandBias:-0.2,Multiplicity:1.11
0.001	0.997	0.001	0.001
0.001	0.001	0.001	0.997
0.001	0.001	0.001	0.997
0.001	0.001	0.997	0.001
0.092	0.906	0.001	0.001
0.906	0.001	0.092	0.001
0.813	0.093	0.093	0.001
0.001	0.001	0.997	0.001
0.092	0.906	0.001	0.001
0.093	0.001	0.560	0.346
>TCAAGTACTA	24-TCAAGTACTA	11.764429	-9.188925	0	T:3.0(1.47%),B:1.8(0.08%),P:1e-3	Tpos:168.0,Tstd:49.3,Bpos:76.2,Bstd:7.7,StrandBias:-10.0,Multiplicity:2.33
0.001	0.001	0.001	0.997
0.001	0.997	0.001	0.001
0.997	0.001	0.001	0.001
0.997	0.001	0.001	0.001
0.001	0.001	0.997	0.001
0.126	0.001	0.001	0.872
0.997	0.001	0.001	0.001
0.001	0.997	0.001	0.001
0.001	0.001	0.001	0.997
0.997	0.001	0.001	0.001
>ACCAGTTTAA	25-ACCAGTTTAA	11.834624	-8.498066	0	T:5.0(2.45%),B:6.9(0.30%),P:1e-3	Tpos:97.9,Tstd:40.1,Bpos:131.7,Bstd:76.4,StrandBias:-0.4,Multiplicity:1.40
0.997	0.001	0.001	0.001
0.001	0.997	0.001	0.001
0.001	0.837	0.161	0.001
0.997	0.001	0.001	0.001
0.001	0.001	0.997	0.001
0.161	0.001	0.001	0.837
0.001	0.001	0.001	0.997
0.001	0.001	0.001	0.997
0.997	0.001	0.001	0.001
0.997	0.001	0.001	0.001
